
INPUTS
==================================================
Energy range:	10.0 - 100000.0 (10000) (MeV)
Dimensions:	[50, 50, 50] (cm)
Masses:		[0.511, 105.66, 139.57, 493.7, 938.27] (MeV)
Pressure:	10 (bar)
Sampling size:	0.75 (cm)

Bins(x,y):	[300, 150]
SIMULATED EVENTS:	500

==================================================
Mass	P_true	P	dEdx	dEdx_trunc
493.700000	9863.390863	10313.762911	44.672067	44.352260
139.570000	93464.251138	89603.275722	24.681048	24.274750
0.511000	28784.164272	23790.032767	24.792703	24.134130
0.511000	12656.912125	11592.366123	25.511715	24.437620
139.570000	905.461357	851.888781	43.752939	42.935380
139.570000	737.675957	799.380321	43.426606	43.084010
139.570000	67620.644821	72507.020194	44.518339	44.273940
139.570000	15825.219703	13927.936393	46.052915	45.828770
0.511000	103.810001	115.502412	24.261939	23.599240
139.570000	149.229344	171.287308	42.711370	42.886430
105.660000	9723.385736	9237.946418	43.503200	43.305620
0.511000	141.411342	134.487479	24.743618	24.153710
0.511000	178.553330	182.531457	24.343927	23.543170
139.570000	50718.396410	47936.726954	46.615503	46.356540
0.511000	893.806258	753.650934	24.647606	24.580910
0.511000	12750.521743	13032.139675	24.141655	23.319780
105.660000	207.516090	174.113909	43.540418	42.988780
493.700000	35416.698699	37638.269267	43.699000	43.484510
139.570000	49978.425289	54228.677019	44.393739	44.188500
105.660000	48.518413	47.941857	43.830073	43.850300
105.660000	1484.241307	1332.885430	43.689830	43.223740
139.570000	504.099177	528.041333	43.858661	43.789780
938.270000	60576.486719	60803.465707	43.985958	43.477390
938.270000	48218.942126	48011.785782	43.924467	43.335880
938.270000	4336.197911	4276.124054	44.295030	43.883230
105.660000	37461.241679	41250.203737	45.223327	44.418120
938.270000	28385.507765	30740.960286	43.907745	43.458700
0.511000	3583.582059	4159.577916	24.441558	23.552960
139.570000	8408.149666	9808.942720	44.712521	43.792450
0.511000	126.086903	122.879972	24.894648	23.993510
139.570000	377.980169	362.508635	44.485436	44.147560
493.700000	415.007181	466.058147	43.920691	43.419540
938.270000	4137.302278	4603.686535	43.990273	43.905480
139.570000	149.638382	135.438640	43.462206	43.639370
139.570000	18149.524356	17273.804251	43.523158	43.675860
139.570000	136.827773	134.186448	43.589503	43.415090
139.570000	9589.985022	9983.790108	43.887788	42.898000
0.511000	135.814816	127.602940	24.570473	24.267630
493.700000	744.183580	757.921539	44.721152	44.149340
493.700000	3300.427426	3688.580144	44.511867	44.349590
493.700000	515.750153	592.156023	43.901812	43.632250
139.570000	20106.877091	19338.884760	42.912024	42.881090
493.700000	40592.169952	47936.035167	43.291758	43.254890
0.511000	89.818518	90.210665	24.138958	23.685570
493.700000	24584.368189	24801.494973	44.028570	43.723920
0.511000	276.532780	293.033666	24.489564	24.615620
0.511000	414.473848	431.188403	23.430733	23.145340
139.570000	3172.126750	3346.780772	44.920727	44.106620
139.570000	140.792640	139.297815	43.296073	42.658590
105.660000	137.418872	147.071342	45.324733	45.166610
0.511000	18011.001988	16127.096283	24.045642	23.709600
938.270000	19950.125831	19568.893284	44.867867	44.556070
0.511000	2147.516569	1757.820241	23.753830	22.473390
105.660000	4472.224920	4053.928329	43.552824	42.706650
938.270000	3910.826787	3815.381021	43.525855	43.162330
0.511000	515.467997	540.377438	24.744158	24.035340
938.270000	1870.092976	1617.951158	44.609497	44.056780
105.660000	2771.995969	2619.261779	43.387230	43.087570
493.700000	9950.318263	10308.929599	45.606297	44.984160
139.570000	13990.927078	15317.588933	43.484861	43.084900
105.660000	515.043069	516.307389	45.090636	43.970450
139.570000	7757.142843	8378.130463	43.667715	42.940720
0.511000	218.750172	250.413965	25.155176	24.785610
139.570000	99771.699864	89998.800861	27.005836	26.220290
493.700000	97230.770807	111979.515167	43.229727	42.605190
938.270000	50311.599303	55124.040909	44.682855	44.134210
938.270000	813.829608	889.343602	44.018321	43.865430
493.700000	33508.147717	37439.676571	45.177479	44.962800
938.270000	51044.908491	47454.777366	43.843018	43.817370
0.511000	17247.912453	15926.279664	25.303509	24.746450
105.660000	11118.121207	10352.089317	44.722770	44.941440
139.570000	357.245211	369.113545	44.667752	44.373620
938.270000	846.172046	901.294579	44.526430	43.894800
493.700000	14937.145352	15751.885730	44.476806	43.989140
0.511000	20.643329	20.190246	24.402721	23.566310
139.570000	2549.201864	2929.692791	44.018861	43.515660
493.700000	742.420405	719.532848	44.413697	43.738160
493.700000	4836.379634	5419.184618	43.903970	43.291380
938.270000	57838.947725	56063.788511	43.571164	42.897110
105.660000	58500.695665	49502.833274	24.883861	24.355740
0.511000	34384.292262	31754.777230	24.685364	24.169730
938.270000	1160.173985	1211.192196	44.947697	44.333570
938.270000	7005.978627	6485.325584	44.326315	43.838730
139.570000	8006.810880	8857.915350	44.277770	43.692770
938.270000	49768.664080	49044.685290	42.941152	42.194900
139.570000	55803.414181	49740.106740	45.721188	45.149700
139.570000	148.334239	144.923044	43.991352	43.316300
938.270000	89077.686767	90097.345170	43.578176	43.785330
493.700000	761.197073	846.123646	44.759448	43.858310
139.570000	597.472964	728.330868	43.886170	43.393730
139.570000	50208.495846	55394.355228	45.461739	45.352620
139.570000	439.259183	381.249635	43.066291	42.676390
0.511000	92384.467913	103693.187193	24.834776	24.053140
105.660000	984.295051	1010.206947	44.091679	43.488070
105.660000	2363.960783	2238.750524	43.003721	42.736910
938.270000	90139.586826	98321.843958	44.492988	44.053220
105.660000	5680.059331	5023.437832	43.593279	43.213950
0.511000	2763.913442	2432.037836	23.748976	23.097280
493.700000	3018.315319	2880.938479	44.506473	43.429330
105.660000	4244.930235	4280.780694	45.349545	44.857780
938.270000	2075.781545	2153.587226	44.090061	43.621570
493.700000	23393.791576	24285.644619	44.230842	43.816480
493.700000	19277.405642	17379.788624	45.380291	44.963690
938.270000	15987.862394	15473.375649	47.181867	46.745470
105.660000	3119.986732	2600.833937	45.905121	44.471520
493.700000	553.276433	521.097337	45.000558	44.226770
938.270000	10347.247362	10928.733154	44.642400	44.909400
105.660000	2799.189694	2976.867154	44.276691	43.957100
139.570000	301.558224	305.743032	43.081933	42.384470
493.700000	7503.095134	7094.377352	44.467636	43.960660
105.660000	133.935585	124.932169	43.920691	43.214840
139.570000	543.999766	612.796441	45.012964	44.210750
938.270000	1258.151391	1222.082736	43.514527	42.719110
105.660000	4594.640517	4495.439597	43.017206	42.601630
938.270000	2371.619951	2404.004054	43.333830	42.491270
139.570000	148.496498	120.403091	43.609461	42.906900
139.570000	963.952571	998.391742	43.430921	43.463150
938.270000	787.033602	716.061748	44.409382	44.442150
0.511000	39.886259	45.316776	23.834739	23.302870
105.660000	1313.152928	1484.370759	46.272988	46.341410
938.270000	74111.325490	77753.391988	43.535024	42.963860
105.660000	10213.933658	10134.430289	43.765345	42.453890
105.660000	1055.814361	1148.032766	44.105164	43.255780
105.660000	155.976985	136.627428	44.276152	43.816480
0.511000	32505.587694	34622.589605	25.165964	24.361970
493.700000	4885.176904	5991.377834	44.003758	43.735490
139.570000	343.353154	423.643964	44.710903	44.481310
139.570000	29729.388840	31152.897720	44.674224	43.738160
493.700000	90939.666677	98257.454392	44.045830	43.673190
493.700000	701.623846	631.610182	43.451958	43.273580
938.270000	3934.276694	4279.765848	43.874842	43.480060
105.660000	53.560632	53.678941	43.745927	43.181910
938.270000	18003.097196	20207.197087	43.565770	43.078670
493.700000	1702.994249	1732.424906	44.217897	43.593090
105.660000	75265.729016	71900.883921	23.487370	22.752850
938.270000	31427.680141	31901.015687	44.745964	44.324670
105.660000	461.297948	498.946995	43.696842	43.512100
0.511000	359.395793	425.801961	23.669685	22.950430
938.270000	8006.848750	7844.634840	44.033964	42.864180
139.570000	572.547907	557.260834	44.403988	43.984690
139.570000	163.755309	178.740174	44.996242	44.257030
0.511000	51.426385	58.116704	24.586655	24.122560
493.700000	3750.250984	3417.759027	44.812309	44.786580
493.700000	4784.115429	4313.467763	44.615430	43.629580
938.270000	3718.025220	3606.925691	43.610539	43.168560
938.270000	1372.244057	1334.863146	44.937988	43.990030
105.660000	388.968951	414.443063	43.090564	42.533100
139.570000	8624.242227	8604.382452	45.060430	43.585970
493.700000	10637.734815	10664.368849	42.251806	42.019570
493.700000	36461.613185	31974.754826	44.457927	43.696330
0.511000	2639.527685	2622.150144	24.717188	24.064710
938.270000	53262.553993	59777.745144	44.718994	44.926310
493.700000	2811.361090	2570.208532	44.080891	43.909930
493.700000	2044.165969	1937.928238	44.337103	43.885010
105.660000	62.083824	57.043572	43.614315	43.197930
105.660000	105.223407	109.586574	43.635891	42.899780
105.660000	68.788353	69.540421	45.127855	44.384300
493.700000	55695.975904	48941.148764	45.142958	44.760770
139.570000	15667.076676	16303.141404	45.435309	44.980600
0.511000	18177.667753	16139.737139	24.932945	24.410920
139.570000	1121.291871	1298.308439	44.635927	43.779990
139.570000	94762.660394	106235.931263	24.818055	24.256950
139.570000	124.655176	118.600259	43.789079	43.273580
493.700000	5013.738401	5059.950330	43.175788	42.672830
139.570000	294.997676	201.102894	42.990776	42.450330
139.570000	168.125691	145.356362	43.451418	43.321640
493.700000	544.490346	564.610572	43.556600	43.504980
0.511000	43.646354	37.959387	24.985806	24.595150
0.511000	2035.822326	1953.491339	24.495497	24.202660
938.270000	1363.392112	1212.731342	42.387733	42.283010
139.570000	90171.159677	105364.019752	23.969588	23.288630
0.511000	6685.220012	6937.598387	24.630885	24.488350
139.570000	1143.597433	1102.473952	43.384533	42.891770
0.511000	58665.208778	50302.629742	24.702085	24.054920
493.700000	19715.266199	21995.847782	44.867867	44.879140
0.511000	28.849437	26.064727	24.031618	23.674890
938.270000	1261.056791	1396.886522	44.396976	43.957990
105.660000	50359.489169	52236.843904	43.954133	44.025630
139.570000	1953.562507	1993.986777	43.600830	43.383050
493.700000	3771.708512	4473.853637	45.136485	44.927200
139.570000	36276.609373	28901.755144	44.104085	43.891240
139.570000	41937.974370	42062.094181	43.414739	42.666600
105.660000	1947.074069	1994.033940	44.284242	43.906370
938.270000	38628.290261	35672.769589	44.231921	44.266820
493.700000	11878.217292	10482.878763	44.590079	44.358490
139.570000	5393.966844	5653.607787	43.755097	43.212170
493.700000	5259.836639	5339.782358	43.694145	43.187250
0.511000	11.627457	13.059623	24.802952	23.999740
938.270000	5380.478742	4300.339439	44.371085	44.037200
938.270000	11035.246988	9983.422313	43.962764	43.638480
938.270000	10191.184668	10499.585904	44.010230	43.640260
139.570000	59839.856281	62794.664068	43.624564	43.532570
493.700000	4251.806090	3666.065164	45.700691	44.905840
493.700000	73066.870686	55573.873744	43.316570	42.767170
493.700000	5005.333865	4571.531021	43.955752	43.688320
105.660000	10661.208588	10204.713781	44.233539	43.779100
493.700000	646.999666	686.428041	43.803642	43.697220
493.700000	612.916118	644.186763	43.462206	42.850830
938.270000	4008.632255	3751.728806	44.195782	44.172480
0.511000	11.106495	12.005333	23.358455	22.769760
493.700000	4276.464632	3594.012493	44.434733	43.507650
938.270000	1418.435649	1424.333308	44.365691	44.047880
0.511000	62.236453	59.089415	24.836933	23.920530
0.511000	29292.352441	28912.112785	25.027339	25.003660
493.700000	1993.085747	1715.238544	43.030691	42.524200
105.660000	2170.523255	2227.883669	43.296073	43.205050
139.570000	291.034211	287.278124	43.941727	43.899250
139.570000	133.995932	130.160015	44.484897	43.740830
139.570000	84316.275287	85567.718996	24.650303	23.827970
493.700000	526.846315	504.276519	45.424521	45.128340
493.700000	3061.755424	3341.475328	44.565806	44.647740
139.570000	11950.314188	11149.007655	43.958988	42.992340
105.660000	3250.602978	3683.669822	44.727085	44.474190
105.660000	3253.504314	3334.156020	44.547467	44.330900
139.570000	170.124748	178.485093	43.741612	43.529900
938.270000	1090.077816	1140.413188	45.443939	44.864900
0.511000	39.274377	39.103145	25.210194	24.976070
493.700000	1315.704836	1330.846011	45.474685	45.274300
139.570000	2974.512439	3110.258447	44.399673	43.709680
938.270000	95122.038347	80287.349956	44.406145	43.853860
0.511000	32.900022	26.613629	24.616861	23.890270
493.700000	18055.038312	18502.301629	43.429303	43.140970
105.660000	264.711753	252.110501	45.764879	45.027770
0.511000	7840.030199	6579.986567	24.506285	23.730960
938.270000	1364.996254	1510.152335	44.892139	44.492880
105.660000	45391.707446	40407.364075	45.665091	45.153260
493.700000	11058.221771	13015.022250	44.386727	44.059450
105.660000	600.127589	593.944578	44.459545	44.411000
938.270000	6103.443325	6374.323608	44.148315	43.814700
0.511000	20.773640	22.612621	24.241442	23.755880
139.570000	40686.523782	37204.367089	43.910982	43.173010
139.570000	7898.824250	7325.219050	44.172048	43.651830
493.700000	61022.751568	65841.553144	43.509673	43.566390
105.660000	274.908759	272.245638	44.139685	43.552150
139.570000	41784.249619	38135.994612	43.382376	43.496080
938.270000	12403.049285	16374.406832	44.772933	43.666070
938.270000	900.975069	891.870468	43.570624	42.830360
139.570000	620.393138	594.183411	43.287442	42.916690
493.700000	2860.414684	2845.315064	43.388309	42.960300
105.660000	83.186405	82.819758	42.980527	42.138830
139.570000	1032.572679	910.939139	44.426642	43.973120
938.270000	4606.011673	4866.194633	43.845715	43.232640
493.700000	61246.197158	51447.730593	44.776709	44.813280
105.660000	66.026283	74.023984	44.131055	43.047520
139.570000	122.057058	119.999615	44.453612	43.927730
0.511000	76558.126605	80823.185789	25.319152	24.696610
139.570000	3092.031179	2977.487412	44.688248	44.553400
938.270000	899.048972	868.481920	44.648873	43.938410
493.700000	27252.719069	27507.874590	44.325776	43.685650
938.270000	1757.940036	2013.339002	44.549624	43.911710
139.570000	126.312407	120.185391	45.863588	45.034890
938.270000	8120.031083	7288.700295	44.123503	43.858310
938.270000	5470.141286	5636.177604	44.170970	43.302950
139.570000	1335.135201	1386.373383	43.903430	43.860980
105.660000	4862.986782	4999.705868	42.962727	42.957630
0.511000	2546.406511	2741.754125	24.247376	23.599240
493.700000	6656.707117	6029.057667	43.896958	43.586860
139.570000	204.561886	191.062293	44.461164	43.698110
493.700000	37984.113615	40156.509284	45.334982	44.842650
0.511000	220.972709	189.653571	25.170279	24.725090
938.270000	1015.578404	1217.320431	43.300388	43.246880
938.270000	1178.056708	1244.477847	43.619170	43.529010
105.660000	32941.595505	35408.412951	43.410964	43.410640
0.511000	139.990874	134.439091	23.350364	22.723480
493.700000	473.339065	403.380313	45.818279	45.633860
105.660000	4845.482276	3961.689079	43.202758	43.190810
105.660000	4150.639837	4678.504576	43.406109	42.806330
493.700000	1411.216646	1414.647074	44.938527	44.487540
105.660000	801.122547	834.566670	44.866788	44.432360
938.270000	3187.777394	3378.201285	44.336024	43.887680
139.570000	8492.379289	7615.447678	42.861861	41.966170
139.570000	5581.267012	5493.557552	44.347891	43.837840
938.270000	28083.452870	26525.900960	44.914255	43.805800
105.660000	105.564441	98.503015	43.409885	43.182800
139.570000	152.960316	173.046912	43.361879	42.900670
493.700000	32519.481822	32603.027113	45.274030	44.984160
139.570000	20971.149036	21130.928668	45.024830	44.250800
0.511000	261.210850	272.843708	25.268988	24.775820
105.660000	144.728575	144.934371	43.819285	43.585970
139.570000	16993.760723	18489.059980	43.518303	42.236730
105.660000	40915.004993	42647.680837	44.327394	44.003380
938.270000	25600.745423	22260.617391	44.302042	43.718580
139.570000	133.781030	141.945238	45.365188	44.572980
938.270000	32253.846571	33624.905229	45.116527	44.691350
938.270000	903.389664	981.766460	43.009655	42.189560
493.700000	403.087573	418.286370	44.298806	44.222320
105.660000	65.993383	69.926235	43.820903	43.319860
105.660000	34268.288996	27994.308240	44.576594	44.118190
0.511000	529.896663	472.238458	24.093648	23.449720
938.270000	39223.481569	40920.272061	46.064242	45.471880
139.570000	1595.710566	1659.629519	43.776673	43.504980
0.511000	583.655805	547.144576	25.117418	24.748230
493.700000	31589.046383	34824.531736	44.785339	44.118190
0.511000	4050.564336	4595.017944	24.226879	23.362500
105.660000	8238.736416	7491.203650	43.975709	43.894800
0.511000	723.257155	763.432158	25.195630	24.831890
938.270000	57629.627049	55036.001138	45.671024	45.413140
938.270000	9137.139133	10360.481659	43.365115	42.239400
0.511000	504.208730	451.080286	24.411891	24.140360
493.700000	552.970593	603.646142	43.792855	43.707010
493.700000	8494.122092	9413.336240	43.426606	42.966530
105.660000	59751.049300	66511.960061	25.085594	24.298780
0.511000	55818.563195	51796.980324	24.541885	24.038010
0.511000	5499.388255	6043.784545	23.324473	22.726150
105.660000	4823.692103	4990.585097	45.689364	45.753120
493.700000	6685.319550	7642.769088	44.273994	43.412420
105.660000	790.113409	647.813005	44.660200	44.190280
493.700000	1056.697509	981.301665	44.039358	43.169450
938.270000	36831.369163	37966.139895	43.852188	43.279810
139.570000	16014.193487	15265.238548	43.211388	42.569590
938.270000	756.944477	794.435613	44.899691	43.901920
493.700000	31021.295095	30460.602657	44.482739	43.968670
938.270000	1328.687455	1529.203780	42.605648	42.020460
493.700000	1380.364599	1574.829830	44.420709	43.286040
493.700000	11175.882919	8845.608998	43.294994	43.552150
105.660000	35517.866501	37833.635912	43.681739	43.857420
105.660000	884.588699	927.953922	44.367309	44.121750
493.700000	13823.556190	9720.386209	43.027455	42.817010
938.270000	39012.349597	35574.293554	44.108400	44.087040
0.511000	5379.158283	6431.350379	23.913491	23.447050
105.660000	527.459696	576.138258	44.234079	43.352790
105.660000	124.189276	121.801410	43.357024	42.962970
139.570000	13113.945158	12439.343412	44.045830	43.755070
139.570000	150.790968	141.296217	43.513448	43.047520
938.270000	2389.267876	2479.168618	44.402909	44.330010
139.570000	14683.991985	19240.494358	44.110018	43.627800
938.270000	2042.265435	2150.546798	44.699576	44.468850
139.570000	117.295253	111.064009	43.579794	43.434670
938.270000	4945.113863	4993.191007	43.532867	43.157880
0.511000	1528.845432	1393.114687	24.460976	24.386000
0.511000	14612.740054	14476.387486	25.182685	24.935130
0.511000	2167.384564	2282.230435	24.916764	24.458090
0.511000	67.819574	76.520403	25.294339	25.183440
105.660000	8321.576448	7563.802037	43.636430	43.049300
139.570000	1089.622484	1098.768590	43.719497	43.477390
493.700000	10760.204299	9897.120245	45.088479	44.271270
139.570000	674.020475	649.359703	43.770200	42.808110
105.660000	48.823830	53.617173	44.403448	43.813810
493.700000	2042.641708	1950.859861	42.921194	42.841040
139.570000	4694.357545	4779.908718	43.540958	43.419540
105.660000	6771.097811	6381.311077	43.695764	42.937160
938.270000	77702.071144	92254.017622	44.433115	44.402100
0.511000	26.884160	29.469143	24.784612	24.086960
938.270000	55679.068261	48083.919348	44.275612	43.784440
139.570000	7067.407496	6520.071089	43.146661	42.781410
0.511000	4324.290950	4102.670700	24.778679	24.158160
139.570000	454.153941	450.849458	43.375364	42.252750
139.570000	1553.072172	1584.831921	44.919648	44.190280
105.660000	9409.648840	9199.312538	44.570661	44.065680
105.660000	111.085937	110.041710	43.462745	43.278920
493.700000	5528.436835	5730.225009	44.649952	43.498750
493.700000	9785.836261	8480.792712	44.231921	43.833390
139.570000	44517.043703	41535.321441	43.702776	43.192590
105.660000	13517.840223	14566.763826	43.880776	43.397290
938.270000	37030.421219	33923.061428	42.752903	42.757380
0.511000	262.173175	322.942087	24.574248	24.175960
105.660000	1784.521514	1966.073572	45.682891	45.502140
938.270000	44818.313882	38171.872679	44.973588	44.380740
0.511000	10325.780348	10524.549241	25.129285	24.740220
105.660000	50.676152	50.773845	43.716800	42.959410
493.700000	5514.426773	4140.835012	43.763188	43.596650
493.700000	1487.929582	1536.571182	44.723309	43.717690
139.570000	10733.700420	11382.278917	44.419091	44.094160
493.700000	521.689341	593.890084	43.140727	42.899780
139.570000	61909.622690	65531.908348	42.565194	42.203800
139.570000	9281.676268	8782.563736	44.052842	43.136520
938.270000	4356.032231	4359.034575	43.400715	43.000350
938.270000	28793.470963	30617.184349	43.016127	42.762720
493.700000	1546.623441	1415.512104	44.536679	44.410110
139.570000	160.323453	147.160644	44.991927	44.569420
105.660000	148.998341	166.254454	44.810152	44.431470
139.570000	134.931980	131.954444	43.211927	43.027940
139.570000	3380.467860	3407.983597	45.014042	44.791920
493.700000	1297.035402	1145.859131	44.412618	44.266820
938.270000	6064.540067	6218.487902	44.057158	43.302060
938.270000	12924.354450	13693.944094	44.142921	44.317550
938.270000	8785.813432	7538.399647	44.259970	43.454250
139.570000	237.384036	257.337653	44.207109	43.365250
139.570000	519.778463	539.563054	44.589000	44.196510
493.700000	4756.228870	5337.825016	43.805800	43.441790
938.270000	3213.085316	3283.613157	43.125085	42.331070
938.270000	37097.016595	35550.723863	44.217897	44.273940
0.511000	3232.359095	2962.435163	25.608806	24.935130
938.270000	3873.071192	3709.526619	45.679655	45.346390
139.570000	9098.235872	8188.212187	44.032885	43.420430
493.700000	28566.054741	25091.720920	43.323042	42.850830
938.270000	60084.002001	62161.753411	45.183412	44.524030
139.570000	115.296133	131.204918	42.741036	42.183330
938.270000	10234.278151	9353.694595	45.706085	45.798510
938.270000	16641.512741	19155.713273	44.080352	44.036310
0.511000	758.718158	863.292797	23.850382	23.148900
493.700000	523.687508	449.832144	44.551782	44.345140
0.511000	17.549589	17.746572	24.922697	24.469660
0.511000	8354.467094	9743.791845	23.795364	23.714940
493.700000	757.124068	645.388452	44.421248	43.980240
493.700000	59427.158158	74931.848141	43.835467	42.745810
938.270000	15110.045875	13168.962980	44.055539	43.303840
105.660000	61422.266909	62676.598019	23.935606	23.234340
139.570000	694.505431	681.438305	44.057697	43.710570
493.700000	28721.680101	31215.301414	43.839242	43.539690
938.270000	25600.745423	23123.222214	43.668255	43.437340
493.700000	3522.992328	3757.653101	43.278273	42.945170
493.700000	16244.876609	15826.380558	45.157521	44.579210
938.270000	5069.749128	4593.316261	45.174242	44.777680
493.700000	938.493314	1006.764703	43.064133	42.332850
105.660000	26623.547297	30425.743493	44.273455	43.910820
105.660000	68.376088	65.883753	43.240515	42.598960
938.270000	1038.744303	927.354662	44.033964	43.469380
938.270000	2213.934374	2489.897653	43.188194	42.528650
938.270000	770.013982	784.307443	44.384030	44.023850
0.511000	19.914591	21.162552	24.530558	24.244490
139.570000	25093.155608	29785.852499	42.638552	42.072970
0.511000	57.325349	67.353298	24.030539	23.498670
493.700000	4178.766008	4340.812438	44.286400	43.640260
105.660000	76381.644658	82122.823041	24.019212	23.603690
105.660000	272.868110	268.539925	44.246485	44.151120
938.270000	1660.199770	1828.419063	44.574436	44.037200
0.511000	2288.405176	2024.115757	25.371473	24.864820
105.660000	15633.431290	11874.482755	43.830612	43.428440
938.270000	8662.400893	9061.500657	44.968733	44.545390
938.270000	5654.624402	5620.582461	45.058812	44.244570
938.270000	20250.853523	21561.606911	43.533406	43.230860
938.270000	5813.776798	6283.151646	44.507012	43.704340
0.511000	15.091045	16.113197	24.567236	23.819070
139.570000	27526.171550	31062.753251	44.943382	44.638840
938.270000	1511.307067	1627.050239	43.415279	42.905120
493.700000	527.134627	556.422155	44.468176	43.853860
938.270000	62078.670247	55844.632240	43.365655	42.944280
0.511000	14.369929	12.661397	23.822333	23.582330
493.700000	945.605025	896.912391	44.579830	44.983270
105.660000	1254.155655	1067.106789	44.731939	44.389640
105.660000	72680.421787	77950.426184	25.098000	24.403800
105.660000	7143.453720	6717.932366	44.110018	43.304730
493.700000	537.052487	617.043020	44.783182	44.388750
105.660000	1121.635916	1005.041847	44.968194	44.479530
938.270000	1441.399188	1200.930487	44.173127	43.724810
493.700000	823.199348	779.806310	44.747042	44.245460
105.660000	9324.330000	11691.678708	45.315024	44.887150
493.700000	31190.523867	33673.881510	44.563109	44.360270
139.570000	2814.309914	2992.847778	43.765345	43.454250
493.700000	31417.621685	30825.203350	44.654806	43.844960
938.270000	3925.463612	3698.666510	43.214085	42.920250
105.660000	272.683522	241.026951	44.781564	44.715380
493.700000	705.740991	845.865071	43.106206	42.652360
0.511000	625.366264	678.215149	24.091491	23.399880
493.700000	1177.433796	1498.943388	44.416394	44.270380
938.270000	1955.704175	1863.037556	45.299382	44.916520
493.700000	749.504536	782.277354	43.346236	42.847270
938.270000	18678.071679	20711.436573	43.693606	43.297610
938.270000	1503.132283	1542.018012	44.697958	44.058560
938.270000	3407.057547	2887.383483	44.409382	44.071020
139.570000	38683.479140	44505.677984	43.429303	43.019930
938.270000	7715.562718	8049.519301	44.317145	43.457810
938.270000	2151.954637	1984.648795	43.194667	42.976320
938.270000	11063.398476	11697.191730	43.497806	43.611780
139.570000	1761.174156	1690.862471	43.615394	43.041290
0.511000	48.467082	50.476923	24.973400	24.224910
105.660000	1167.984901	1089.869665	43.795552	43.826270
493.700000	9268.648548	8803.454470	43.251842	42.569590
139.570000	4611.139781	4746.183568	44.578212	44.124420
493.700000	827.721384	884.088403	43.666097	42.746700
493.700000	422.225771	356.901758	43.780448	43.157880
105.660000	27899.033778	31164.814941	43.007497	42.386250
493.700000	745.951981	751.429283	44.718994	44.757210
938.270000	64549.501890	68540.141216	44.022097	43.762190
105.660000	3444.854667	3695.820404	43.923927	43.567280
493.700000	55089.108550	48792.551669	44.187691	43.758630
139.570000	34365.072954	30198.313252	44.638085	44.443930
938.270000	2456.487799	2584.006599	44.954709	44.513350
938.270000	2167.603056	2432.555160	43.780988	43.351010
493.700000	1969.570863	2213.205260	44.266982	43.658060
0.511000	230.091512	168.776628	24.901121	24.461650
139.570000	16978.241983	16326.665679	45.301539	44.925420
139.570000	3716.722518	3783.219549	45.276727	44.606800
493.700000	807.368969	769.853006	44.554479	43.471160
0.511000	480.651003	471.509002	24.209618	23.802160
938.270000	1368.211598	1310.570184	45.100885	44.907620
105.660000	49990.527712	45557.068597	44.734097	44.719830
938.270000	16525.841980	17525.236777	44.033964	43.534350
493.700000	57347.466936	50410.994823	44.899691	44.139550
493.700000	1258.114272	1352.746938	43.648297	42.899780
938.270000	1190.845148	1192.754042	43.381836	42.831250
938.270000	33460.149143	29386.130863	44.043133	43.514770
105.660000	13080.351109	14511.530765	45.703927	45.163940
493.700000	1506.836005	1538.359900	43.066830	42.932710
139.570000	28632.708542	29552.845815	43.566848	43.404410
493.700000	28643.759940	29694.089581	43.928782	43.874330
105.660000	268.118394	244.561115	42.954097	42.649690
105.660000	1950.479822	2196.997262	43.141806	42.411170
105.660000	113.106984	95.568525	43.940648	43.561050
493.700000	45610.648451	52452.001889	43.225412	42.695970
938.270000	65138.273236	55162.820102	43.724891	43.652720
938.270000	52878.272328	46872.408012	43.852727	43.371480
139.570000	228.457819	251.010907	44.858697	44.630830
493.700000	7136.768555	6062.264615	43.717879	43.286930
938.270000	5804.546605	5199.951762	44.502697	43.748840
139.570000	29162.501510	25762.342487	45.087400	44.711820
938.270000	1111.603592	1141.692891	43.463285	43.259340
493.700000	1247.139045	1405.967411	43.029073	42.849050
139.570000	6013.884632	5692.257745	42.698964	42.882870
