
INPUTS
==================================================
Energy range:	10.0 - 100000.0 (10000) (MeV)
Dimensions:	[50, 50, 50] (cm)
Masses:		[105.66, 139.57, 493.7, 938.27] (MeV)
Pressure:	8.5 (bar)
Sampling size:	0.75 (cm)

Bins(x,y):	[300, 150]
SIMULATED EVENTS:	500

==================================================
Mass	P_true	P	dEdx	dEdx_trunc
938.270000	58577.672000	59167.080148	16.234139	15.503800
105.660000	52.964526	49.708199	44.545309	44.160910
493.700000	25860.154200	25270.497472	15.732503	14.864780
493.700000	1682.287445	1519.254381	12.832182	12.387020
105.660000	1482.965362	1520.443392	13.755624	13.366020
139.570000	7884.538402	8072.287113	14.570648	14.087810
105.660000	38261.102559	35964.024679	16.146758	15.656880
493.700000	532.065422	521.159327	18.821612	18.371380
105.660000	15307.906662	17114.674360	14.406133	13.809240
938.270000	39720.681911	36930.519630	14.763212	14.445590
493.700000	17654.947419	17734.621845	15.213606	14.950220
493.700000	1305.884735	1258.274986	12.270673	11.854800
105.660000	157.551657	155.784922	15.976848	15.302660
105.660000	88.851520	79.234515	22.924242	22.557940
493.700000	12693.906365	13192.059263	14.504303	14.076240
105.660000	63840.931807	59797.137531	17.301061	16.664360
139.570000	1629.901112	1456.106329	14.379703	14.185710
105.660000	20956.634895	22169.350153	15.683418	15.105970
493.700000	2423.767875	2615.710314	13.242661	12.828460
938.270000	2644.997999	2750.748584	13.303073	12.987770
493.700000	40555.245712	41286.804217	15.294515	14.870120
938.270000	4995.316968	5380.286686	12.409297	11.950920
938.270000	8903.726840	10051.296801	14.318212	13.865310
938.270000	3071.338841	2553.124170	13.396927	12.929030
105.660000	182.054051	173.140537	13.681727	13.224510
493.700000	1331.060353	1159.898046	13.383982	12.763490
493.700000	846.123020	846.592628	13.512358	12.853380
493.700000	5090.073942	5505.516617	14.668279	14.066450
105.660000	93.437020	106.830199	22.579030	22.118280
139.570000	31468.481392	37489.668814	16.164558	15.602590
493.700000	5145.990841	6114.554343	13.502109	13.131950
493.700000	6990.793272	6739.346633	14.172036	14.014830
139.570000	44968.983623	50533.276546	15.963364	15.784150
105.660000	102.432493	91.497511	20.408509	19.831870
139.570000	11387.486621	10547.382711	15.646200	14.943100
938.270000	53504.171582	49316.188382	15.844697	15.380980
493.700000	632.009704	595.356180	16.285382	15.875820
105.660000	18066.140922	19434.977927	16.074479	15.142460
938.270000	6988.910388	7331.325127	13.412030	13.071430
938.270000	2438.227214	2295.815106	13.033376	12.497380
938.270000	15562.675643	16577.976590	15.193109	14.828290
493.700000	612.569301	533.155677	16.982818	16.579810
139.570000	139.731993	137.191127	20.444648	19.644080
105.660000	78.337783	88.321995	27.113176	26.446350
493.700000	50560.409511	45504.670873	15.539939	15.030320
105.660000	593.573368	575.120819	13.505885	12.660250
493.700000	1363.372744	1416.735556	12.523648	12.026570
938.270000	28537.790536	33127.435900	14.901297	14.043310
493.700000	8643.389760	7174.289339	14.700642	13.941850
139.570000	34270.623931	31201.763305	16.491970	15.898070
938.270000	8146.917694	7645.648100	13.304152	12.751030
938.270000	74856.631750	77617.690669	15.013491	14.595110
139.570000	212.080538	163.583572	15.135394	14.488310
493.700000	19750.732303	18088.528065	14.420697	13.917820
938.270000	1148.438004	1140.099824	16.928879	16.634100
105.660000	85610.927135	82660.191607	17.169448	16.828120
105.660000	40764.918435	40751.152930	17.124139	16.484580
938.270000	65613.209928	61485.133302	14.467624	13.919600
938.270000	4960.498850	4231.441175	12.827327	12.432410
105.660000	11087.728856	10778.428448	14.847358	14.179480
938.270000	3115.506363	2851.111016	12.045206	11.472990
105.660000	10260.601014	11305.246269	16.078255	15.673790
493.700000	29009.236121	22054.004455	15.634873	14.998280
493.700000	18564.109485	17233.063122	14.858145	14.676990
493.700000	2566.136046	1744.328778	13.489164	12.833800
938.270000	1806.085982	1570.590687	13.922297	13.155090
938.270000	40115.859847	44652.524977	15.012952	14.312090
105.660000	95692.427422	95820.828642	17.635485	17.128050
139.570000	4113.327033	4458.331524	14.775618	14.382400
493.700000	502.479891	441.729859	18.746636	18.374050
139.570000	21319.436854	21822.971953	15.927224	15.305330
938.270000	27636.578145	27742.397464	15.238958	14.608460
493.700000	4046.766966	3913.567546	14.211412	13.366020
139.570000	217.068638	198.204046	15.367333	15.057910
938.270000	19671.348647	16807.023446	14.350036	14.031740
139.570000	42208.359342	36414.054475	15.557200	14.817610
493.700000	18299.549497	20823.397454	14.345721	13.847510
938.270000	20304.412666	20961.754218	14.391030	13.979230
139.570000	565.773230	548.866453	12.478339	12.092430
938.270000	2085.288295	2349.477248	12.947073	12.564130
493.700000	9924.156115	9845.641740	14.581436	14.187490
493.700000	3948.366652	3951.335820	13.504267	13.042950
938.270000	8033.322568	7664.558885	13.973539	13.528000
938.270000	22235.816216	22032.135953	15.809636	15.418360
105.660000	98.358686	96.731096	22.109758	21.584280
938.270000	25737.612882	28586.645639	13.917982	13.569830
938.270000	3144.626054	2930.533924	12.995618	12.597060
139.570000	13738.060748	13567.389386	14.465467	14.014830
493.700000	9044.563204	8611.455205	13.809024	13.321520
938.270000	86517.312257	88931.702773	16.098212	15.664000
938.270000	96168.976688	108349.476172	15.238418	14.840750
938.270000	3855.790665	3664.384177	12.954085	12.370110
105.660000	21839.106674	20179.313219	15.176388	14.425120
139.570000	216.033599	198.681032	15.327958	14.920850
493.700000	39535.053734	39728.008436	15.078758	14.649400
493.700000	2787.195224	2824.586722	13.083539	12.548110
105.660000	94728.794249	89839.261331	17.881988	17.602420
493.700000	6189.825149	6630.385495	14.090048	13.350000
493.700000	63179.093184	60560.785004	16.218497	15.476210
105.660000	54452.299914	51316.125484	16.456909	15.774360
139.570000	643.860374	741.628719	12.787412	12.321160
105.660000	690.517283	674.778908	12.840273	12.091540
139.570000	343.583003	302.210384	13.737824	13.174670
493.700000	2012.436368	1943.514449	12.737788	12.363880
493.700000	415.874358	525.039122	23.301818	22.791120
139.570000	64287.063637	63576.934224	16.585285	16.383120
493.700000	12090.263034	12606.829132	15.359242	14.701020
938.270000	9713.587110	9086.252536	14.264812	13.686420
938.270000	1880.834710	2090.496137	13.002091	12.891650
139.570000	213.599960	212.548641	14.748109	14.155450
493.700000	392.175330	372.224532	25.021406	24.801630
139.570000	29189.248221	33706.181743	15.401315	15.038330
105.660000	91811.280068	94640.565520	18.424618	18.011820
105.660000	624.712703	681.140398	12.903921	12.224150
938.270000	65851.993666	67032.521120	15.321485	15.089950
105.660000	261.708849	294.335144	13.548497	12.934370
493.700000	7999.688665	7693.277943	14.258339	13.673070
493.700000	10922.581058	11859.176955	15.113279	14.306750
139.570000	341.749520	375.793773	13.217309	12.716320
105.660000	3644.549693	3432.709764	14.708733	13.903580
105.660000	102.048913	105.006803	20.864836	20.267080
105.660000	300.712614	302.099090	12.897988	12.259750
493.700000	4615.591192	5436.249329	14.325764	13.178230
493.700000	1302.336126	1335.149392	13.161212	12.575700
105.660000	53068.532892	55281.920218	16.600388	16.214910
105.660000	729.852144	739.697188	13.147188	12.691400
139.570000	1774.761460	1987.348859	14.071170	13.833270
938.270000	49903.835973	47118.825710	16.017842	15.661330
139.570000	974.108419	876.730406	13.423358	12.929920
938.270000	2715.509307	2767.856810	12.869400	12.334510
493.700000	1247.139045	1147.521412	13.472982	12.939710
139.570000	262.093674	256.803863	13.869436	13.545800
105.660000	17163.141614	15291.224266	15.507036	14.683220
938.270000	4783.152477	4510.319073	12.647170	12.247290
139.570000	2125.803591	2437.477661	14.423933	14.397530
938.270000	3658.071764	3427.997405	13.070594	12.403040
493.700000	789.536293	780.376790	14.216267	13.823480
938.270000	48700.626704	50785.557692	14.998927	14.256020
105.660000	98.463376	94.851944	20.886952	20.445970
139.570000	363.833270	355.624238	12.580824	11.793390
139.570000	163.207487	169.929145	18.763897	18.625030
139.570000	1771.732373	2158.358524	14.110545	13.479940
105.660000	180.941813	205.442687	14.233527	13.754950
139.570000	145.608496	150.578604	19.387976	19.219550
493.700000	64816.974325	58811.079007	16.006515	15.617720
493.700000	87667.728066	78809.518260	15.809097	15.304440
139.570000	1777.796100	2222.695279	14.072248	13.727360
938.270000	3759.570616	3557.311232	12.561945	12.249960
493.700000	42097.375310	49019.277593	15.736279	15.016970
938.270000	928.468512	948.483394	20.339467	19.789150
105.660000	4557.560182	4589.728894	15.673170	15.396110
139.570000	2434.027461	2238.587065	15.242733	14.587100
105.660000	1247.778594	1539.006879	15.211988	14.674320
139.570000	44476.184870	47256.374212	15.589564	15.631960
493.700000	12990.070707	12874.680744	14.950382	14.717930
139.570000	56008.887454	59861.798982	15.929921	15.518930
938.270000	2678.115779	2507.793652	12.884503	12.121800
938.270000	1364.193889	1395.932748	15.767024	15.533170
105.660000	850.376319	889.612031	13.377509	12.758150
493.700000	94854.489634	88047.224680	15.183939	14.651180
493.700000	86392.335938	82775.553117	15.346836	14.406430
938.270000	2418.496636	2092.849289	12.869939	12.223260
139.570000	119.148195	109.125834	22.490570	22.313190
493.700000	409.209172	428.569838	23.832582	23.439930
139.570000	54486.133667	45472.735961	16.600388	16.177530
105.660000	114.290910	122.499974	17.937545	17.609540
493.700000	1255.570998	1282.349057	13.193036	12.719880
139.570000	1884.352854	1372.796338	14.600855	14.080690
139.570000	4106.004533	4401.603959	15.120291	14.233770
105.660000	57.633968	61.905567	39.279206	38.480930
493.700000	19715.266199	20409.708124	15.320945	14.334340
105.660000	474.362793	437.978667	13.677952	13.062530
139.570000	594.789927	601.664297	13.010182	12.347860
139.570000	11993.917168	14320.474421	15.209291	14.839860
105.660000	888.971197	935.282270	13.864042	13.562710
105.660000	5752.436109	5269.975272	15.009176	14.620920
493.700000	583.300138	578.822565	17.798382	17.401280
938.270000	52544.340271	59061.093802	15.298291	14.935980
938.270000	5271.784903	5185.379615	12.519873	11.880610
139.570000	83161.209693	88702.167100	16.156467	15.787710
105.660000	2147.769490	2316.841459	15.190952	14.659190
938.270000	1412.556782	1747.777158	15.118133	14.707250
139.570000	5790.839381	6797.190478	14.686618	14.276490
105.660000	63.137855	61.464586	36.442533	35.818050
139.570000	4607.018965	5524.983224	14.696867	14.116290
493.700000	7667.105759	7882.656624	14.862461	14.493650
493.700000	2493.777342	2388.831732	12.973503	12.740350
938.270000	1359.392016	1481.041639	16.107921	15.686250
938.270000	930.470717	826.684395	20.549830	19.750880
493.700000	3656.845562	3115.040078	13.357552	12.559680
938.270000	3043.034862	2964.295688	12.798200	12.136930
938.270000	5491.740011	5405.100340	12.884503	12.212580
493.700000	762.560816	752.100409	15.551806	15.255490
938.270000	1191.522963	1168.676494	17.073976	16.411600
139.570000	806.446185	783.469267	12.717291	12.241060
105.660000	317.487271	351.788613	12.755048	12.395030
493.700000	18714.645719	19003.230060	14.325764	13.579620
105.660000	381.948758	352.670017	13.082461	12.641560
938.270000	5855.519119	6844.942545	13.313861	12.789300
493.700000	42059.065419	40719.556260	14.078182	13.966770
493.700000	394.003717	400.472977	24.994976	24.558660
938.270000	13953.787056	13776.309470	14.886194	14.334340
139.570000	3644.857723	3885.007540	13.923915	13.805680
105.660000	109.942196	104.304117	19.371255	19.181280
139.570000	2221.755564	2309.946739	14.111085	13.324190
938.270000	2077.136351	2291.620156	13.376430	13.106140
493.700000	672.456075	830.451628	16.310194	15.888280
938.270000	1386.065652	1410.063703	15.656988	15.261720
938.270000	68288.840386	67386.870703	15.949879	15.173610
105.660000	2108.549229	2119.725592	14.332236	13.925830
938.270000	867.048454	885.042911	21.767242	21.505070
938.270000	2281.181109	2530.901659	13.059806	12.448430
938.270000	4535.902500	4365.748902	13.229715	12.272210
938.270000	15918.462778	16415.728141	14.961709	14.521240
139.570000	126.714039	113.583950	22.468455	21.927820
105.660000	67.559937	73.641923	32.621467	31.991050
139.570000	43426.958529	49302.752145	16.769758	15.997750
139.570000	715.714941	753.818907	13.211915	12.766160
493.700000	42020.790795	37903.426043	14.795576	14.246230
938.270000	1272.026456	1293.894049	16.032406	15.591910
105.660000	22489.272445	19770.505282	16.996842	16.590490
938.270000	3538.976898	3650.086676	13.568455	12.951280
139.570000	49475.984485	51549.195272	16.350109	15.587460
938.270000	991.954925	1107.628978	19.837291	19.248920
938.270000	1402.549245	1000.257344	15.918594	15.092620
493.700000	12426.739462	11371.272347	15.176388	14.905720
493.700000	826.713809	665.775953	14.832794	14.393970
105.660000	1729.561428	1677.238353	14.936358	14.621810
938.270000	2978.911715	3153.711706	12.705424	12.451100
139.570000	5764.856261	5152.212379	15.535085	14.998280
938.270000	72313.632047	80029.477215	14.837648	14.115400
938.270000	889.967224	937.761698	20.523400	20.325820
105.660000	2962.983853	2623.695557	14.611103	14.170580
938.270000	1019.488621	1054.063096	18.795182	18.286830
938.270000	825.023045	889.202661	21.991091	21.579830
493.700000	3303.076939	2803.016505	13.222703	12.682500
938.270000	1993.886846	2057.885265	13.189800	12.609520
105.660000	52728.131735	50150.747845	16.735236	16.080520
139.570000	15077.783159	15800.883110	14.827939	14.309420
139.570000	236.949198	290.951998	14.755661	14.277380
938.270000	1436.256326	1387.247855	14.884576	14.553280
493.700000	426.225709	416.883779	22.593055	22.124510
938.270000	1275.709309	1341.931435	15.452018	14.727720
938.270000	873.988579	889.954173	20.636673	20.119340
938.270000	9275.729324	9361.277809	13.522067	13.333090
938.270000	859.718113	857.963056	21.100012	20.721870
139.570000	27250.073825	23690.792239	15.697982	15.217220
493.700000	2120.523646	1853.726440	13.100261	12.613970
493.700000	2703.412176	2717.742133	14.161788	13.500410
493.700000	412.203547	370.706143	24.456121	23.795040
105.660000	136.635214	148.557789	16.610636	16.342180
493.700000	560.990097	522.313254	18.631745	18.618800
938.270000	2916.416533	2887.375295	12.727539	12.225930
493.700000	2499.555653	2863.363991	13.488085	12.784850
938.270000	864.749731	856.978610	21.196564	21.018240
139.570000	5024.931030	4535.974623	14.900758	14.196390
938.270000	856.988328	886.290819	21.973830	21.877980
139.570000	437.400559	394.094964	12.148770	11.563770
938.270000	42381.437865	44468.431450	14.347879	14.094930
493.700000	14159.663031	13486.834713	15.004861	14.682330
493.700000	11175.882919	12764.220676	14.537206	13.863530
139.570000	861.818655	912.034574	13.822509	13.085670
938.270000	1598.143997	1836.005132	15.560976	15.006290
938.270000	14050.502239	16006.926077	13.812261	13.314400
493.700000	926.788251	877.542664	14.276139	13.783430
105.660000	17022.311940	18102.310706	15.015648	14.539040
139.570000	6161.892784	6133.526011	15.825818	15.322240
938.270000	26245.973557	25505.625130	14.784248	14.256910
105.660000	878.059633	928.697294	12.897988	12.534760
139.570000	480.587693	533.023279	12.968648	12.492040
139.570000	630.803542	577.781901	13.245358	12.744800
105.660000	47.362860	42.899311	53.697206	52.761870
493.700000	695.909923	714.130380	15.337127	15.222560
139.570000	1445.688488	1286.289903	13.982170	13.714900
139.570000	188.413444	211.501664	15.931539	15.562540
139.570000	178.115352	203.279150	16.168333	15.477990
493.700000	28053.469947	28463.017334	14.811758	14.214190
139.570000	3260.141011	4031.009056	13.558206	13.293930
493.700000	1171.974613	1167.603582	13.016655	12.730560
493.700000	988.458202	1121.995530	13.541485	13.060750
938.270000	13679.651518	14618.893408	14.389952	13.827040
139.570000	115.958015	103.572559	23.340655	22.883680
139.570000	31267.122108	25805.414009	16.235758	15.544740
105.660000	222.200711	197.829267	13.754006	12.906780
938.270000	24949.765254	23124.179589	14.663424	13.966770
493.700000	16836.598514	14310.531522	15.403473	14.611130
493.700000	5030.593587	5707.429852	14.147224	13.477270
105.660000	67029.679617	70013.395208	16.911618	16.370660
493.700000	11324.796675	11524.875278	14.593303	13.932950
938.270000	5181.772806	5236.776347	12.536594	12.290900
105.660000	86084.802971	78235.135220	18.206703	17.468030
139.570000	33585.915345	32874.939671	16.017842	15.374750
493.700000	31218.819682	35500.174422	16.071782	15.256380
938.270000	40296.813410	38843.855405	14.715745	14.013940
105.660000	51719.998892	59230.661934	16.564788	15.638190
938.270000	1486.947743	1635.596417	15.729806	15.189630
938.270000	4588.367188	5196.320940	13.024745	12.405710
139.570000	21105.908561	18579.946893	15.246509	14.867450
493.700000	6158.221984	6157.834628	13.749152	13.505750
105.660000	2651.797575	2700.049992	13.976236	13.762960
493.700000	32342.930218	30019.212215	15.809097	15.104190
493.700000	49016.554863	55519.328436	15.537782	14.571970
938.270000	1201.062644	1326.878997	16.539976	16.088530
139.570000	1147.362564	1097.294104	12.900685	12.346080
105.660000	2973.544731	3339.168060	15.575000	15.000950
139.570000	9980.955649	8708.572847	15.194188	14.736620
139.570000	21436.821930	19540.909654	15.448242	14.946660
493.700000	44340.406225	46005.205015	14.864079	14.645840
493.700000	596.538335	594.549806	16.940206	16.531750
938.270000	1848.838110	1700.076073	14.305806	13.915150
938.270000	862.000866	748.023476	21.869727	21.711550
938.270000	97405.119715	89177.869823	15.207133	14.893260
938.270000	99561.661256	97965.376915	14.350576	13.974780
493.700000	84051.050992	80303.080888	15.246509	14.710810
139.570000	630.325930	568.781385	13.417964	12.945050
139.570000	21048.048070	21806.612431	15.125145	14.824730
493.700000	1597.878933	1705.298452	12.951927	12.443980
139.570000	1868.263338	2052.466382	14.437418	13.995250
139.570000	1605.205232	1766.462710	14.531812	14.054880
938.270000	5754.076728	4868.066226	13.681727	12.997560
105.660000	3432.562270	3531.512507	15.175848	15.184290
938.270000	6187.051538	6392.403762	14.652097	14.029070
105.660000	32550.737785	28673.095589	16.050206	15.410350
938.270000	7546.426878	8954.382231	13.182248	13.081220
493.700000	4654.195216	4760.252058	14.105152	13.522660
105.660000	313.079645	295.886495	13.070594	12.446650
139.570000	1083.408503	884.931238	13.453024	12.969080
139.570000	2731.628591	2453.176906	13.855952	13.451460
105.660000	6547.700380	7238.586734	15.960667	15.229680
139.570000	15883.124668	16571.276220	15.297212	14.823840
493.700000	25419.904763	29321.228321	15.078218	14.519460
139.570000	453.830733	489.190748	13.001552	12.575700
105.660000	106.941995	93.404534	19.952721	19.335250
105.660000	16530.934041	16207.712856	15.156970	14.763320
105.660000	89641.084597	78881.125935	17.327491	17.053290
938.270000	9812.077502	9002.391120	13.302533	12.913010
493.700000	9708.920399	10463.251138	15.087927	14.929750
493.700000	37367.531514	37886.851874	14.847358	14.757090
493.700000	3922.576440	3704.869840	12.732933	12.359430
139.570000	35259.297664	36739.342812	15.707691	15.132670
493.700000	781.507944	803.620396	15.052867	14.628930
493.700000	40926.022902	35752.999310	15.443388	14.838970
105.660000	524.222503	548.002391	12.924958	12.253520
139.570000	691.839219	731.124216	12.756127	12.368330
139.570000	206.014380	192.204238	15.986018	15.465530
139.570000	29404.111146	30556.593283	15.993570	15.593690
493.700000	47520.297104	52637.131848	15.347376	15.109530
139.570000	36880.774854	33740.623021	15.781588	15.356950
938.270000	4416.172904	4731.279064	12.902303	12.612190
105.660000	73.107442	86.940389	28.817121	28.221010
105.660000	88249.954854	89122.925371	17.421345	17.360340
105.660000	521.408829	484.649601	12.804133	12.245510
105.660000	51341.048717	53371.435057	16.700715	16.096540
139.570000	71127.462140	72219.688740	15.825279	15.487780
105.660000	1564.328478	1628.322601	14.271285	13.592970
493.700000	1495.247634	1522.720937	12.853218	12.685170
139.570000	281.861078	301.338544	13.763715	13.142630
105.660000	1145.522208	937.828411	13.785291	13.218280
105.660000	56.487683	46.062969	40.670842	40.374850
139.570000	6792.128673	6037.946217	15.620848	14.802480
139.570000	4997.984177	5501.934463	15.162364	14.692120
105.660000	627.184214	698.807030	13.505885	12.481360
105.660000	5726.480085	5255.036435	14.895903	14.575530
493.700000	21186.101444	19179.213074	15.397000	14.825620
938.270000	4063.192670	4248.007016	12.451909	11.951810
139.570000	60170.720503	49015.429026	15.439612	15.113090
938.270000	28716.519650	28589.687769	14.372691	13.717570
105.660000	440.011553	416.305089	12.658497	12.104000
938.270000	4382.642807	4450.005173	12.757745	12.290010
139.570000	488.628803	473.340428	13.761018	13.272570
139.570000	8257.173805	9953.939454	15.860879	15.210100
105.660000	178.524633	182.724504	15.094939	14.446480
938.270000	1372.244057	1256.397132	15.299370	14.805150
139.570000	423.760644	455.750720	13.168764	12.605960
938.270000	990.331843	913.741412	18.331303	18.102600
139.570000	11756.076469	12320.021203	14.834952	14.264920
139.570000	6504.274321	6818.794777	14.411527	14.302300
493.700000	1414.152017	1413.382511	13.236188	12.665590
938.270000	753.035526	815.480953	23.949091	23.904510
938.270000	2508.861378	2195.079561	13.316018	12.535650
938.270000	2463.169680	2638.427444	13.079224	12.857830
139.570000	348.922325	372.101306	12.865085	12.312260
938.270000	878.652256	918.198025	20.842182	20.392570
105.660000	226.401840	223.654085	13.689818	13.346440
938.270000	1572.027079	1472.805653	14.718442	14.203510
139.570000	64168.995999	77127.640073	15.834988	15.246590
139.570000	181.088496	175.944904	16.312891	15.811740
938.270000	8903.726840	8508.429768	13.574927	12.997560
493.700000	83208.660994	86937.599598	15.505418	14.989380
139.570000	354.842512	398.950925	12.872097	12.684280
493.700000	3627.270553	3652.471452	12.660115	12.392360
105.660000	60.929021	54.849200	36.370255	35.097150
105.660000	3279.736830	3682.826192	14.949303	14.181260
938.270000	14258.393775	11888.808784	14.524261	14.111840
105.660000	115.299625	125.234125	18.563242	17.890780
139.570000	1161.604389	1238.603724	13.888855	13.042060
105.660000	934.911564	938.389143	13.492939	12.967300
139.570000	2298.221259	2186.197103	14.783709	14.226650
139.570000	161.577462	161.482940	17.537315	17.296260
493.700000	5055.992080	6236.216049	13.834915	13.608100
493.700000	10581.702167	11014.372280	14.209794	13.798560
938.270000	21923.663321	22010.526599	13.833836	13.242310
493.700000	35288.236330	40531.600431	14.644006	14.105610
139.570000	10435.412812	12152.891252	14.816612	14.423340
938.270000	1326.361489	1580.985563	15.129461	14.887920
105.660000	268.661213	247.076211	13.072752	12.592610
105.660000	61.838690	65.838238	36.211673	35.931080
938.270000	886.649082	849.108990	20.575721	20.020550
105.660000	3270.968508	2913.734712	14.696867	14.495430
938.270000	4193.925643	2885.442644	13.776121	13.428320
139.570000	2212.148730	2241.400132	15.042618	14.294290
105.660000	783.079761	670.755099	14.394267	13.645480
938.270000	6826.288685	7792.904317	13.556588	13.027820
105.660000	13754.652615	15506.665300	15.486539	14.968910
938.270000	11397.607470	10887.796699	14.411527	13.827930
493.700000	4141.060251	4172.149643	13.263697	12.720770
938.270000	4035.804113	4514.416155	12.705424	12.054160
493.700000	5951.913276	6020.513364	14.516170	13.782540
938.270000	20610.720345	21790.736642	14.494055	14.062890
493.700000	3707.742563	4031.524504	13.430909	12.313150
938.270000	3307.171517	2989.656009	12.664970	12.020340
105.660000	54.058615	54.145544	43.162842	42.544670
139.570000	6388.039295	5914.631785	14.300952	14.120740
105.660000	81088.027649	83811.471681	18.179194	17.863190
139.570000	381.883588	383.319680	13.259382	12.823120
938.270000	8160.397756	7318.009752	14.393727	13.754950
105.660000	63.925681	62.960407	35.013679	34.528440
105.660000	5341.486447	5416.139565	15.168836	14.421560
938.270000	1468.339856	1409.261642	15.488697	14.781120
105.660000	15505.230177	14017.816719	16.144600	15.544740
105.660000	13868.281636	13417.238893	15.245430	15.042780
493.700000	20054.845218	17546.637159	14.702261	14.108280
938.270000	962.181798	876.764373	18.607473	18.233430
139.570000	1478.899027	1392.778877	13.818733	13.439000
105.660000	368.357691	281.737913	13.275564	12.644230
105.660000	2537.001466	2432.464499	14.242158	14.078020
493.700000	522.259299	543.918049	18.829703	18.601890
139.570000	7248.481608	7628.077599	14.308503	13.917820
105.660000	231.755448	234.117871	13.661770	13.094570
938.270000	76788.199179	76939.594728	15.060958	14.508780
493.700000	496.804295	493.935864	19.469424	18.981920
105.660000	65025.981796	75396.565410	17.030824	16.774720
938.270000	65020.084791	71995.663101	15.753539	15.163820
938.270000	48218.942126	44286.162751	15.432061	14.725940
493.700000	580.371478	528.270450	18.620958	17.674510
139.570000	2276.376162	2244.724018	14.138594	13.619670
105.660000	130.192289	101.928135	16.901370	16.264750
139.570000	604.243036	674.996310	12.167648	12.080860
105.660000	313.079645	264.904967	13.253448	12.579260
105.660000	502.580272	472.983999	13.491321	12.816000
493.700000	811.290640	909.672722	14.138594	13.641920
105.660000	184.758495	147.862017	13.660152	13.283250
938.270000	3326.383268	3421.713612	12.418467	11.965160
105.660000	87.838448	81.617793	23.953406	23.334020
938.270000	93829.533018	99112.235673	15.118673	14.348580
139.570000	1387.469918	1311.829963	13.564679	13.239640
493.700000	619.551927	508.417573	17.372261	16.755140
139.570000	844.230260	1017.170017	13.327345	13.222730
938.270000	872.131404	780.992183	22.202533	21.578050
139.570000	3407.493815	3301.952438	14.709273	14.342350
139.570000	4891.672656	5079.335572	15.534545	15.144240
493.700000	1332.881310	1267.583536	13.078145	12.514290
139.570000	36243.337433	33303.233996	16.152152	15.642640
493.700000	76557.677235	88928.986021	16.377079	15.511810
105.660000	3236.136277	3354.672239	15.092782	14.421560
938.270000	1827.883822	1884.009627	13.311703	12.957510
139.570000	2598.681389	2697.478403	14.500527	13.884890
938.270000	70367.929231	65095.439005	15.709848	15.251930
938.270000	69288.993706	74098.090434	15.386212	14.999170
938.270000	934.994751	1026.030220	19.665764	19.114530
139.570000	113.160823	105.298631	24.020830	23.736300
938.270000	10156.851402	8074.461897	13.801473	13.296600
493.700000	2107.830703	2371.100081	13.357012	12.810660
938.270000	938.531801	857.358066	19.823267	19.597800
139.570000	2306.219777	2386.550649	14.207636	13.411410
105.660000	84.923713	85.211388	25.187539	24.517720
938.270000	50585.324951	55437.087872	14.619194	13.783430
493.700000	2973.219333	2754.622821	13.206521	12.614860
139.570000	143.098411	126.762592	19.911188	19.384200
105.660000	245.681365	229.703599	13.368879	12.631770
105.660000	175.293147	175.991256	14.219503	13.754950
938.270000	1288.330446	1221.615883	15.988715	15.638190
139.570000	11284.339176	10900.858779	14.539903	14.252460
139.570000	123.347992	130.131646	21.764545	21.209590
493.700000	28695.682793	27170.328010	14.497291	14.329000
493.700000	6948.818729	6947.567670	14.573345	14.066450
493.700000	645.148232	694.412235	16.125182	15.598140
105.660000	108.576713	108.016948	19.600497	19.304990
938.270000	13092.021980	10226.771973	13.616461	13.224510
938.270000	13092.021980	14350.549649	14.122952	13.718460
105.660000	96045.267356	95820.066081	17.844230	17.620220
139.570000	619.924737	678.767605	12.814382	12.513400
105.660000	356.874978	340.278556	13.146648	12.356760
938.270000	2275.102260	1918.987975	12.319758	11.861030
139.570000	5175.828486	5275.372425	15.964982	15.616830
105.660000	12576.454839	10454.824039	14.445509	13.761180
105.660000	5009.885384	5469.598347	14.124570	13.864420
938.270000	7843.552475	8755.836528	13.792303	13.082110
938.270000	1814.078816	1838.150805	13.995655	13.651710
105.660000	110.662886	96.247540	19.451624	18.817270
