
INPUTS
==================================================
Energy range:	10.0 - 100000.0 (10000) (MeV)
Dimensions:	[0.5, 0.5, 0] (cm)
Masses:		[0.511, 105.66, 139.57, 493.7, 938.27] (MeV)
Pressure:	0.001 (bar)
Sampling size:	0.75 (cm)

Bins(x,y):	[300, 150]
SIMULATED EVENTS:	500

==================================================
Mass	P_true	P	dEdx	dEdx_trunc
105.660000	11220.037700	10983.867240	nan	nan
938.270000	1078.006942	1048.386077	nan	nan
938.270000	61406.419786	60388.512015	nan	nan
938.270000	96520.535431	106678.782983	nan	nan
0.511000	20.076225	20.464618	nan	nan
938.270000	1439.682351	1690.966921	nan	nan
938.270000	22275.159236	23368.912345	nan	nan
493.700000	8696.284470	8399.415175	nan	nan
938.270000	12628.301332	12195.078132	nan	nan
0.511000	270.249114	289.445609	nan	nan
105.660000	92.264875	98.806255	nan	nan
0.511000	703.558363	642.674840	nan	nan
938.270000	1494.113864	1354.104703	nan	nan
139.570000	21574.593632	23615.171007	nan	nan
938.270000	94862.106778	86786.821347	nan	nan
105.660000	137.340256	124.993807	nan	nan
0.511000	2651.710054	2729.884650	nan	nan
139.570000	22013.418957	20375.744424	nan	nan
0.511000	11.939538	10.487305	nan	nan
0.511000	47640.077042	44144.108936	nan	nan
0.511000	33787.763332	28383.497645	nan	nan
0.511000	32836.615952	29574.972747	nan	nan
139.570000	27150.366217	24651.247530	nan	nan
0.511000	13487.437508	15018.398066	nan	nan
0.511000	60087.145259	61736.344183	nan	nan
105.660000	139.482584	135.845833	nan	nan
938.270000	1959.481235	2172.369680	nan	nan
938.270000	92217.786403	94231.923976	nan	nan
493.700000	92282.571678	80195.719295	nan	nan
139.570000	28817.026923	26414.116089	nan	nan
493.700000	25860.154200	26970.399119	nan	nan
493.700000	395.432698	382.648461	nan	nan
0.511000	36573.151381	41063.988287	nan	nan
105.660000	101.939636	97.656447	nan	nan
0.511000	1724.853940	2106.968187	nan	nan
493.700000	44583.437409	43170.429729	nan	nan
493.700000	1502.609471	1444.942042	nan	nan
0.511000	1889.492075	1598.942872	nan	nan
0.511000	727.932397	645.348758	nan	nan
0.511000	60475.828595	57058.348907	nan	nan
493.700000	558.817081	603.146413	nan	nan
493.700000	5594.327734	5677.051158	nan	nan
105.660000	186.129549	186.958001	nan	nan
105.660000	1231.988280	1145.187766	nan	nan
0.511000	19.754290	19.700983	nan	nan
139.570000	4685.966671	5157.627267	nan	nan
938.270000	14709.484962	14282.155562	nan	nan
0.511000	72.435161	76.963220	nan	nan
105.660000	1062.025445	1117.978145	nan	nan
493.700000	1693.211948	1351.491998	nan	nan
493.700000	497.072799	466.904821	nan	nan
139.570000	66878.845925	75619.077605	nan	nan
938.270000	38110.801435	40304.086641	nan	nan
938.270000	13434.354026	13355.676639	nan	nan
493.700000	417.179135	449.224572	nan	nan
105.660000	22080.675868	17113.371780	nan	nan
0.511000	392.938116	411.507526	nan	nan
139.570000	209.329784	267.663516	nan	nan
0.511000	2820.484436	2703.826565	nan	nan
493.700000	17926.006183	16067.616052	nan	nan
493.700000	93903.191037	107503.963009	nan	nan
493.700000	444.791025	459.937826	nan	nan
493.700000	2709.753549	2475.347062	nan	nan
0.511000	7825.601121	8070.131941	nan	nan
105.660000	776.115908	913.385737	nan	nan
105.660000	228.465335	252.544077	nan	nan
0.511000	445.720652	440.161271	nan	nan
105.660000	160.569894	143.324270	nan	nan
105.660000	69.307661	68.615980	nan	nan
0.511000	230.726810	192.091143	nan	nan
493.700000	1702.994249	1810.612237	nan	nan
0.511000	22.566681	22.295727	nan	nan
493.700000	47174.993774	51678.418466	nan	nan
0.511000	79139.379936	65760.848952	nan	nan
139.570000	360.398749	297.851696	nan	nan
0.511000	1763.398524	1807.719878	nan	nan
139.570000	273.564785	248.658927	nan	nan
139.570000	3200.244810	3064.479294	nan	nan
139.570000	4948.966463	4767.753287	nan	nan
105.660000	51.070559	42.760658	nan	nan
139.570000	23192.618409	25878.624040	nan	nan
105.660000	34017.467152	30951.408703	nan	nan
105.660000	38472.563830	40291.379394	nan	nan
938.270000	26574.874181	25264.037022	nan	nan
139.570000	2524.834536	2664.619933	nan	nan
493.700000	16493.699314	13928.932445	nan	nan
493.700000	8981.590296	9490.470489	nan	nan
139.570000	7414.147499	6438.211300	nan	nan
139.570000	51801.394116	54532.840835	nan	nan
0.511000	85191.378226	95811.792578	nan	nan
139.570000	18166.122424	18228.528523	nan	nan
938.270000	1400.061186	1138.236537	nan	nan
493.700000	82677.021524	88451.817227	nan	nan
0.511000	4013.429527	3802.456011	nan	nan
105.660000	16039.143913	16618.662346	nan	nan
493.700000	65711.942082	63351.825457	nan	nan
105.660000	6229.377775	5414.412469	nan	nan
105.660000	8344.315217	9725.088540	nan	nan
0.511000	122.102908	122.714980	nan	nan
493.700000	60967.018683	65423.319394	nan	nan
139.570000	37357.655857	34259.316469	nan	nan
493.700000	32372.287782	29726.620883	nan	nan
105.660000	469.368985	420.700115	nan	nan
105.660000	5165.976854	4712.999481	nan	nan
139.570000	1602.486264	1577.272995	nan	nan
493.700000	1799.388731	1434.889398	nan	nan
0.511000	431.199337	467.871956	nan	nan
938.270000	1228.844324	1209.711444	nan	nan
493.700000	13798.989936	12391.437784	nan	nan
105.660000	671.482455	702.872892	nan	nan
105.660000	501.429963	583.136933	nan	nan
105.660000	2824.151175	2434.788263	nan	nan
938.270000	1564.391351	1597.741989	nan	nan
105.660000	7930.046262	7494.950714	nan	nan
105.660000	57.775511	62.400420	nan	nan
139.570000	434.937193	475.069411	nan	nan
139.570000	605.152505	529.641039	nan	nan
493.700000	554.808736	622.200052	nan	nan
493.700000	12818.342805	14147.333036	nan	nan
938.270000	5440.065639	6121.288521	nan	nan
105.660000	49260.711534	46819.430707	nan	nan
493.700000	19208.278349	16633.097337	nan	nan
493.700000	1108.847277	966.804101	nan	nan
139.570000	63000.205876	62326.788429	nan	nan
493.700000	48043.046123	44473.217892	nan	nan
493.700000	600.920176	725.112976	nan	nan
493.700000	9950.318263	9476.635707	nan	nan
493.700000	9734.488376	10470.826296	nan	nan
139.570000	1109.411270	1118.798698	nan	nan
938.270000	1136.208331	1091.078919	nan	nan
493.700000	45486.130665	43537.459198	nan	nan
493.700000	3713.782195	3973.522030	nan	nan
493.700000	57873.620203	56149.447262	nan	nan
139.570000	145.767141	140.517794	nan	nan
105.660000	113.168923	94.038732	nan	nan
938.270000	7652.435339	7572.306325	nan	nan
139.570000	130.676139	132.987063	nan	nan
493.700000	397.073258	367.454939	nan	nan
0.511000	5443.952819	5481.250900	nan	nan
493.700000	6033.531301	6252.011226	nan	nan
105.660000	85.897338	99.460210	nan	nan
139.570000	183.490283	169.905835	nan	nan
938.270000	1577.784463	1365.814583	nan	nan
493.700000	1047.853480	1071.899626	nan	nan
0.511000	1544.409830	1551.627035	nan	nan
0.511000	291.144495	309.030819	nan	nan
493.700000	2642.982717	2639.421583	nan	nan
105.660000	332.107438	288.363640	nan	nan
105.660000	49.488752	46.474176	nan	nan
139.570000	1771.732373	1488.028452	nan	nan
938.270000	5014.781840	4462.939177	nan	nan
139.570000	278.824529	257.075886	nan	nan
0.511000	175.303342	147.546338	nan	nan
139.570000	3138.724557	2792.486806	nan	nan
139.570000	74473.373385	77562.294799	nan	nan
105.660000	709.593215	668.682382	nan	nan
493.700000	4615.591192	4522.519075	nan	nan
139.570000	81121.886423	73590.259003	nan	nan
139.570000	4826.410664	4241.337193	nan	nan
0.511000	153.027174	139.993096	nan	nan
0.511000	13.587538	13.295501	nan	nan
105.660000	1704.232654	1766.068807	nan	nan
139.570000	33833.296378	36725.207582	nan	nan
938.270000	5958.992857	6596.437721	nan	nan
493.700000	9598.936658	9960.751354	nan	nan
493.700000	391.568075	485.496928	nan	nan
105.660000	103.760857	101.427077	nan	nan
105.660000	2661.211338	2422.434219	nan	nan
938.270000	3387.287193	3628.137503	nan	nan
105.660000	86.344221	88.340637	nan	nan
139.570000	130.328801	131.047910	nan	nan
938.270000	3115.506363	3393.136867	nan	nan
493.700000	700.394535	634.038856	nan	nan
139.570000	163.663848	195.873523	nan	nan
105.660000	45895.056862	41785.848740	nan	nan
139.570000	2494.175509	2262.073368	nan	nan
139.570000	13306.599542	16309.390871	nan	nan
105.660000	52.197886	50.003694	nan	nan
938.270000	70176.299314	70678.024082	nan	nan
