
INPUTS
==================================================
Energy range:	10.0 - 100000.0 (10000) (MeV)
Dimensions:	[50, 50, 50] (cm)
Masses:		[0.511, 105.66, 139.57, 493.7, 938.27] (MeV)
Pressure:	0.001 (bar)
Sampling size:	0.75 (cm)

Bins(x,y):	[300, 150]
SIMULATED EVENTS:	500

==================================================
Mass	P_true	P	dEdx	dEdx_trunc
0.511000	23331.695798	24459.689750	0.022400	0.002640
493.700000	622.726157	629.766776	0.002667	0.000000
938.270000	27562.815933	25531.403717	0.000000	0.000000
0.511000	44337.344858	48554.201621	0.092267	0.007040
938.270000	40224.332014	38091.313644	0.000533	0.000000
493.700000	6742.939264	6384.787697	0.002133	0.000000
105.660000	1325.532639	1084.835547	0.002133	0.000000
938.270000	6025.916663	5712.277305	0.002667	0.000000
0.511000	1275.218398	1162.405362	0.000533	0.000000
139.570000	18894.496921	19162.050021	0.000533	0.000000
0.511000	3223.440604	3107.602407	0.002133	0.000000
105.660000	97.267439	102.149282	0.000533	0.000000
938.270000	3348.156507	3328.231787	0.000533	0.000000
105.660000	1693.917484	1697.156897	0.000000	0.000000
105.660000	115.553497	124.449284	0.002667	0.000000
493.700000	14686.283282	12758.253550	0.000000	0.000000
493.700000	27252.719069	26125.313916	0.000533	0.000000
105.660000	55.393571	61.454629	0.004267	0.000000
938.270000	18826.129367	16736.502999	0.000533	0.000000
493.700000	8696.284470	8423.026723	0.000533	0.000000
139.570000	1485.139534	1370.212854	0.000000	0.000000
0.511000	9177.416699	8156.299583	0.012267	0.000000
0.511000	195.552724	190.858698	0.004267	0.000000
105.660000	2918.531177	2666.809488	0.000000	0.000000
105.660000	22386.416545	22196.473523	0.000000	0.000000
938.270000	11233.940085	10843.062733	0.000000	0.000000
938.270000	4717.179338	3891.928715	0.000533	0.000000
938.270000	12255.271223	9891.796731	0.000533	0.000000
938.270000	3382.366054	3392.114296	0.000533	0.000000
938.270000	1255.254290	1182.072529	0.000533	0.000000
0.511000	615.657770	610.649508	0.000533	0.000000
493.700000	6510.017508	6288.220522	0.000533	0.000000
493.700000	1924.939175	1788.411460	0.001067	0.000000
0.511000	21357.152287	19966.160075	0.030933	0.003520
493.700000	681.085009	661.762525	0.009600	0.000000
0.511000	29.751274	25.563122	0.000533	0.000000
938.270000	5089.547855	5468.444961	0.000000	0.000000
493.700000	1174.310420	1169.217148	0.000000	0.000000
139.570000	11304.892737	12906.355757	0.001600	0.000000
105.660000	94.228279	94.703952	0.006933	0.000000
0.511000	5160.767208	5272.357083	0.000533	0.000000
938.270000	1669.456512	1722.211255	0.000533	0.000000
0.511000	13.348494	14.246499	0.000533	0.000000
139.570000	5501.604498	5122.905015	0.000533	0.000000
139.570000	312.969051	284.287899	0.000000	0.000000
493.700000	68534.894393	72375.438479	0.000533	0.000000
139.570000	57205.163943	66854.635574	0.000533	0.000000
139.570000	17804.473269	20086.629335	0.000533	0.000000
0.511000	53650.910136	48769.738386	0.034667	0.014960
105.660000	57.549227	45.082046	0.008533	0.000000
938.270000	4470.444434	4583.877095	0.002133	0.000000
0.511000	20698.664006	24307.621072	0.028800	0.000000
105.660000	204.648348	198.866047	0.021333	0.000000
0.511000	647.625249	650.026732	0.012267	0.000000
493.700000	1095.157916	1254.982669	0.001067	0.000000
938.270000	1420.964503	1759.791364	0.000533	0.000000
493.700000	2548.314645	2634.308685	0.000533	0.000000
493.700000	7509.583586	7331.256254	0.001067	0.000000
139.570000	312.150979	310.985113	0.000000	0.000000
938.270000	18596.344968	19328.377105	0.000533	0.000000
0.511000	34638.602519	33924.383233	0.042667	0.005280
0.511000	90.479078	80.382832	0.000000	0.000000
493.700000	4093.613508	3641.249237	0.000533	0.000000
139.570000	18877.228276	15784.045405	0.016000	0.000000
139.570000	22195.517175	22268.533326	0.000533	0.000000
493.700000	36561.161946	33155.523092	0.001600	0.000000
105.660000	863.740486	738.123611	0.001067	0.000000
0.511000	306.811716	297.225693	0.005333	0.000000
105.660000	435.115183	265.725192	0.001067	0.000000
0.511000	16037.414350	14020.895390	0.010667	0.000000
105.660000	38225.972497	32890.190647	0.000000	0.000000
0.511000	41.970989	45.624007	0.001067	0.000000
105.660000	172.134433	157.961452	0.001067	0.000000
105.660000	52245.636038	50309.484905	0.000000	0.000000
0.511000	4065.514302	3860.176671	0.016000	0.000000
493.700000	21205.181011	21443.450194	0.002667	0.000000
105.660000	32881.158491	34661.123937	0.018133	0.000000
493.700000	83590.507630	77068.648547	0.002133	0.000000
0.511000	5066.572584	5079.060077	0.003200	0.000000
105.660000	89147.608299	93745.945105	0.000000	0.000000
0.511000	28917.036897	32134.758882	0.018667	0.005280
139.570000	4685.966671	5025.108991	0.000533	0.000000
0.511000	21.670673	20.970177	0.001067	0.000000
493.700000	1231.309784	1296.277529	0.000000	0.000000
0.511000	8470.693903	8174.804224	0.010133	0.000000
493.700000	22605.729965	23988.877574	0.001067	0.000000
139.570000	13137.871983	15884.071313	0.000000	0.000000
0.511000	17911.736942	18205.989552	0.017600	0.000000
938.270000	91798.309532	91993.947563	0.000000	0.000000
938.270000	98837.510902	96341.505826	0.008533	0.000000
493.700000	755.322574	658.794850	0.001067	0.000000
938.270000	767.618119	823.877171	0.001600	0.000000
105.660000	70.289013	74.987505	0.001600	0.000000
139.570000	495.752536	471.598008	0.001600	0.000000
0.511000	11.067443	10.153508	0.000000	0.000000
493.700000	1579.821127	1514.096901	0.000533	0.000000
105.660000	68714.981450	66533.071056	0.000533	0.000000
938.270000	1376.291333	1303.950962	0.000000	0.000000
139.570000	2851.616315	2841.733539	0.000000	0.000000
0.511000	78558.348326	72575.251696	0.066133	0.018480
139.570000	24592.550413	23600.140595	0.005333	0.000000
105.660000	10749.087880	8149.606168	0.010667	0.000000
938.270000	4277.324340	4570.598939	0.000533	0.000000
0.511000	7216.333266	7494.129831	0.001600	0.000000
139.570000	961.625827	1043.910326	0.001067	0.000000
493.700000	10961.157567	9905.719753	0.001600	0.000000
105.660000	281.335968	325.946124	0.001067	0.000000
0.511000	1326.720788	1179.643886	0.000533	0.000000
105.660000	50036.499343	49369.914191	0.001067	0.000000
139.570000	762.198795	713.274977	0.000000	0.000000
938.270000	747.602653	717.219984	0.001067	0.000000
493.700000	3380.963838	3602.624144	0.000000	0.000000
493.700000	1133.132126	1144.125553	0.000000	0.000000
938.270000	1447.428273	1759.794591	0.000533	0.000000
493.700000	1616.186683	1705.262126	0.003200	0.000000
0.511000	5061.908251	5165.179893	0.010667	0.000000
938.270000	20866.593019	22740.364302	0.000000	0.000000
0.511000	14084.149570	14510.299264	0.004800	0.000000
938.270000	965.843610	885.370863	0.002133	0.000000
938.270000	26645.905729	23421.231147	0.000000	0.000000
493.700000	881.752805	847.738522	0.000000	0.000000
139.570000	1356.485786	1555.572389	0.000533	0.000000
938.270000	11016.522217	11121.376429	0.000533	0.000000
139.570000	211.702791	231.022887	0.000533	0.000000
0.511000	49428.096602	47604.791558	0.076800	0.007920
0.511000	59.566590	59.902881	0.000000	0.000000
139.570000	23991.875448	26069.482431	0.002133	0.000000
0.511000	10.931886	10.360226	0.000000	0.000000
938.270000	36143.281409	30619.625623	0.002667	0.000000
105.660000	23609.171113	23103.020369	0.000000	0.000000
105.660000	17147.436159	19359.660422	0.000000	0.000000
139.570000	3489.926887	3358.517696	0.000533	0.000000
0.511000	1034.703555	1108.333914	0.000533	0.000000
493.700000	7470.742008	8176.259538	0.002133	0.000000
493.700000	10581.702167	9872.420998	0.001600	0.000000
139.570000	193.052414	205.279665	0.001067	0.000000
0.511000	3762.846685	3774.970255	0.001600	0.000000
493.700000	438.728964	351.265369	0.003733	0.000000
139.570000	21378.048301	21471.190082	0.000000	0.000000
493.700000	32372.287782	30899.370656	0.001067	0.000000
938.270000	19567.859652	21138.432399	0.000533	0.000000
139.570000	26197.229077	26124.323391	0.001067	0.000000
139.570000	7934.654189	9143.161591	0.001067	0.000000
0.511000	27.698430	27.268764	0.001067	0.000000
493.700000	17263.957762	21299.745009	0.001600	0.000000
139.570000	1457.893281	1261.189025	0.000533	0.000000
938.270000	3124.431535	2596.156173	0.001067	0.000000
0.511000	19.896714	22.386273	0.001067	0.000000
105.660000	2418.808977	2745.687655	0.000533	0.000000
139.570000	138.233464	157.472428	0.001067	0.000000
493.700000	4984.389546	5671.667821	0.000000	0.000000
493.700000	8083.443017	9437.013079	0.001067	0.000000
105.660000	17608.819365	18300.898544	0.001600	0.000000
105.660000	134.623428	138.241410	0.000533	0.000000
105.660000	950.537958	879.724133	0.006933	0.000000
0.511000	11.617202	11.834695	0.000533	0.000000
0.511000	95940.176473	93919.473938	0.083733	0.033440
105.660000	1719.084047	1634.726015	0.000000	0.000000
105.660000	2661.211338	2549.391013	0.012267	0.000000
139.570000	22876.275742	21292.975137	0.000000	0.000000
139.570000	45592.691667	45148.625464	0.001600	0.000000
139.570000	451.255046	392.318851	0.000000	0.000000
938.270000	7417.715889	8728.899198	0.001067	0.000000
0.511000	28.280763	26.662819	0.002667	0.000000
938.270000	2082.566572	1984.252222	0.000000	0.000000
938.270000	1041.038744	1070.874345	0.002133	0.000000
105.660000	7844.020080	8014.262416	0.000533	0.000000
139.570000	22297.337036	23360.841703	0.000000	0.000000
493.700000	14172.272486	15775.390175	0.002667	0.000000
938.270000	1672.556421	1611.557636	0.000533	0.000000
0.511000	1106.636321	1049.858506	0.002133	0.000000
938.270000	16497.056827	17186.587803	0.000533	0.000000
938.270000	9672.866989	9713.163082	0.000533	0.000000
105.660000	2759.725853	2174.288144	0.001067	0.000000
938.270000	6456.109311	6384.691746	0.001067	0.000000
105.660000	1414.559434	1363.235028	0.002667	0.000000
493.700000	1195.593977	1220.536698	0.000000	0.000000
0.511000	80462.462025	76702.161258	0.040533	0.025520
0.511000	417.151659	454.409699	0.002133	0.000000
493.700000	3574.706326	3341.535434	0.000000	0.000000
938.270000	3599.262129	3154.437870	0.000533	0.000000
0.511000	2516.102132	2715.620432	0.000533	0.000000
493.700000	17497.471125	18994.683700	0.000533	0.000000
0.511000	44.570091	44.699833	0.000533	0.000000
139.570000	262.916428	276.201952	0.002133	0.000000
0.511000	14747.958929	11869.166331	0.009600	0.000000
139.570000	1852.320587	1655.289033	0.000000	0.000000
493.700000	14660.130973	14396.868864	0.000000	0.000000
493.700000	1294.394985	1327.556752	0.000533	0.000000
938.270000	4267.603093	4610.018473	0.000533	0.000000
0.511000	47333.890879	41925.355486	0.040000	0.011440
938.270000	86438.510136	69806.634709	0.000533	0.000000
938.270000	6508.336675	6247.075926	0.000533	0.000000
139.570000	5079.273251	4853.880159	0.001067	0.000000
139.570000	1278.558860	1529.720077	0.000533	0.000000
105.660000	15791.571680	14734.337607	0.000000	0.000000
493.700000	563.486226	582.747101	0.000000	0.000000
105.660000	821.640446	778.653639	0.001600	0.000000
0.511000	2083.235616	2086.690336	0.000533	0.000000
0.511000	504.672914	421.443030	0.001067	0.000000
139.570000	43948.430742	54258.910933	0.000533	0.000000
139.570000	57415.811465	54934.492495	0.000000	0.000000
938.270000	33221.184821	37236.138955	0.001600	0.000000
139.570000	250.129788	247.186712	0.000533	0.000000
493.700000	2722.487550	2107.779975	0.000000	0.000000
0.511000	15.417331	16.126320	0.002133	0.000000
493.700000	37333.575734	34650.601963	0.000000	0.000000
105.660000	61084.318661	63645.771607	0.001600	0.000000
0.511000	1698.062515	1617.607515	0.001067	0.000000
938.270000	71398.945572	80835.785952	0.000533	0.000000
493.700000	774.972789	861.319608	0.000533	0.000000
493.700000	562.236466	601.689527	0.000533	0.000000
493.700000	738.035205	811.025151	0.000533	0.000000
493.700000	2542.405944	2389.273283	0.000000	0.000000
105.660000	67.357628	69.094166	0.002133	0.000000
139.570000	80898.409889	77381.272255	0.001067	0.000000
105.660000	66.588436	88.127136	0.001067	0.000000
493.700000	1270.067120	1114.815650	0.000000	0.000000
0.511000	26.070696	25.549480	0.000000	0.000000
139.570000	499.361031	562.116543	0.000000	0.000000
105.660000	608.197808	692.153982	0.000533	0.000000
139.570000	22175.209413	22487.842835	0.000533	0.000000
139.570000	1281.750489	1326.116529	0.000533	0.000000
938.270000	1104.782551	1254.887504	0.000000	0.000000
139.570000	4098.695496	4390.896295	0.000000	0.000000
105.660000	434.467203	516.149280	0.000000	0.000000
105.660000	38756.336302	33502.793464	0.002133	0.000000
105.660000	102.432493	112.483090	0.002667	0.000000
139.570000	36044.348104	35517.148818	0.001067	0.000000
0.511000	30002.338847	24625.679120	0.037333	0.006160
0.511000	87739.842157	95070.266330	0.074667	0.033440
0.511000	72.967155	71.874403	0.000533	0.000000
0.511000	239.587486	252.504402	0.000533	0.000000
493.700000	1061.498150	931.396726	0.000000	0.000000
139.570000	3294.890283	3195.621502	0.001067	0.000000
0.511000	353.494432	336.716459	0.000533	0.000000
0.511000	35839.474052	36160.763885	0.026133	0.007920
0.511000	13.892595	14.289747	0.009067	0.000000
0.511000	2011.595547	1948.456746	0.002133	0.000000
493.700000	546.896966	484.520451	0.001600	0.000000
493.700000	32401.672394	29433.916761	0.000000	0.000000
493.700000	24606.577998	24038.122397	0.000000	0.000000
493.700000	945.009818	1016.982482	0.000000	0.000000
139.570000	1635.444536	1670.626187	0.000533	0.000000
0.511000	21534.937648	22057.818217	0.007467	0.000000
493.700000	88231.649921	92244.103082	0.000533	0.000000
0.511000	42.354709	42.056841	0.005333	0.000000
938.270000	960.617597	921.883434	0.001067	0.000000
0.511000	44871.453980	45587.687883	0.019733	0.008800
139.570000	23751.406718	27957.047252	0.006400	0.000000
105.660000	4321.940648	4524.419891	0.000533	0.000000
493.700000	34652.975201	35295.103786	0.000533	0.000000
938.270000	3290.470227	3297.971109	0.006933	0.000000
493.700000	7361.844782	7201.253006	0.000533	0.000000
139.570000	81946.604189	87333.025709	0.008533	0.000000
493.700000	2407.084656	2153.011110	0.000000	0.000000
139.570000	734.247317	709.691481	0.001067	0.000000
139.570000	456.424195	461.552527	0.000533	0.000000
105.660000	106.307938	105.683150	0.000533	0.000000
493.700000	47174.993774	49734.497097	0.001067	0.000000
139.570000	813.461565	776.036744	0.000000	0.000000
105.660000	39078.089862	46609.624058	0.000533	0.000000
105.660000	32730.552167	24974.425115	0.000000	0.000000
938.270000	5681.552727	6256.640611	0.000533	0.000000
0.511000	42263.732334	44047.306120	0.026133	0.008800
938.270000	11195.798799	11273.134274	0.006933	0.000000
0.511000	59536.212845	62886.268327	0.020267	0.009680
0.511000	87.384320	89.707443	0.000533	0.000000
938.270000	51835.978725	62508.510637	0.006400	0.000000
493.700000	3105.905775	3095.646831	0.000000	0.000000
105.660000	22406.949846	20458.632112	0.000533	0.000000
0.511000	51.239114	53.680490	0.000533	0.000000
0.511000	1403.372100	1484.427265	0.001600	0.000000
139.570000	236.226677	232.055353	0.001067	0.000000
938.270000	854.268878	1025.575611	0.000533	0.000000
0.511000	201.017662	150.547060	0.000000	0.000000
105.660000	739.926009	853.116977	0.000533	0.000000
0.511000	5479.164896	5379.372067	0.002133	0.000000
493.700000	43938.326838	39702.573820	0.003733	0.000000
139.570000	8453.987310	10382.011493	0.000000	0.000000
938.270000	51137.334123	53626.793399	0.001600	0.000000
493.700000	14362.813125	14951.255040	0.001067	0.000000
105.660000	1923.408180	2111.036044	0.000533	0.000000
938.270000	1373.861186	1374.297053	0.000000	0.000000
493.700000	2154.272245	1782.722172	0.001067	0.000000
493.700000	2507.284165	2242.905239	0.000533	0.000000
105.660000	7202.053355	7516.944071	0.000533	0.000000
0.511000	46.392703	45.713151	0.001600	0.000000
105.660000	92.702373	103.787635	0.020800	0.000000
0.511000	12.623613	12.186694	0.000000	0.000000
0.511000	20.058200	19.640456	0.000000	0.000000
493.700000	544.190428	467.065249	0.000533	0.000000
139.570000	7414.147499	7008.588739	0.001067	0.000000
105.660000	23415.125341	21402.076780	0.000000	0.000000
139.570000	578.122947	636.891546	0.000000	0.000000
105.660000	71159.029686	79026.208032	0.004800	0.000000
105.660000	59586.453525	62257.061442	0.001067	0.000000
0.511000	28.306363	28.494201	0.000533	0.000000
0.511000	13.623776	13.269836	0.000533	0.000000
139.570000	258.673026	288.461616	0.003200	0.000000
493.700000	1461.126812	1622.942605	0.000000	0.000000
0.511000	5817.208329	5750.231248	0.006933	0.000000
938.270000	54630.053902	46592.745801	0.000000	0.000000
0.511000	643.466153	661.470132	0.000533	0.000000
139.570000	2035.992177	1768.323570	0.002667	0.000000
0.511000	627.672794	674.138273	0.001067	0.000000
938.270000	20197.441878	21960.840324	0.000000	0.000000
105.660000	11960.352509	13491.659903	0.001600	0.000000
938.270000	1049.118194	1193.854744	0.001067	0.000000
938.270000	1329.463904	1279.885536	0.000533	0.000000
0.511000	110.995081	100.893705	0.001067	0.000000
493.700000	2114.165976	2076.372952	0.000000	0.000000
938.270000	3137.877126	3154.160848	0.000533	0.000000
938.270000	2126.649098	2372.402942	0.002667	0.000000
105.660000	43633.047323	40220.775851	0.000533	0.000000
0.511000	31.699326	28.407447	0.000533	0.000000
938.270000	3015.045325	2951.893912	0.001600	0.000000
0.511000	107.292963	104.606863	0.001067	0.000000
0.511000	38.496618	35.108504	0.000533	0.000000
105.660000	87.929981	87.412607	0.000000	0.000000
139.570000	1450.557032	1404.675676	0.001067	0.000000
0.511000	9305.093030	9774.159808	0.018667	0.000000
105.660000	60804.118378	67482.115888	0.001067	0.000000
938.270000	5042.179386	5333.036077	0.001067	0.000000
938.270000	3321.567823	3660.246535	0.000533	0.000000
139.570000	318.770687	339.361340	0.001067	0.000000
493.700000	417.179135	408.587210	0.000533	0.000000
105.660000	666.153409	554.011862	0.000533	0.000000
493.700000	51350.657049	55822.911213	0.001600	0.000000
938.270000	78483.939683	68398.441108	0.006933	0.000000
0.511000	414.473848	369.540747	0.000533	0.000000
105.660000	394.696196	411.535271	0.000000	0.000000
938.270000	6103.443325	6462.289076	0.001067	0.000000
493.700000	3232.373515	2674.383169	0.000000	0.000000
938.270000	1696.563000	1575.706054	0.000533	0.000000
0.511000	526.978944	570.466631	0.000533	0.000000
139.570000	86674.840467	76882.584771	0.000000	0.000000
493.700000	76838.463943	83440.610071	0.000533	0.000000
938.270000	5014.781840	4976.400002	0.000533	0.000000
139.570000	48308.440085	50254.409685	0.001067	0.000000
938.270000	1834.835497	1689.685990	0.001067	0.000000
139.570000	86515.567008	85881.083227	0.000533	0.000000
105.660000	517.816932	519.231285	0.000000	0.000000
105.660000	50128.569739	58723.812401	0.000533	0.000000
139.570000	1261.683418	1198.082251	0.001067	0.000000
0.511000	36.420733	28.574697	0.000533	0.000000
493.700000	1080.270911	1219.765336	0.005867	0.000000
938.270000	2371.619951	2486.329884	0.000000	0.000000
938.270000	1434.547129	1317.858227	0.000000	0.000000
0.511000	12598.755442	13725.946471	0.011733	0.000000
105.660000	2829.171085	3429.499171	0.000000	0.000000
105.660000	10364.028827	10014.214140	0.001067	0.000000
105.660000	20018.070249	22312.221667	0.000533	0.000000
493.700000	4000.512864	3620.589277	0.000000	0.000000
105.660000	271.762886	233.597778	0.000000	0.000000
938.270000	1092.511847	1105.221942	0.000000	0.000000
105.660000	82.972177	84.794703	0.000533	0.000000
105.660000	217.258814	224.233598	0.000000	0.000000
493.700000	20547.737664	23818.061670	0.000000	0.000000
139.570000	14563.904227	12371.361749	0.003733	0.000000
105.660000	466.191192	576.211842	0.001600	0.000000
938.270000	9754.493616	11181.257094	0.000000	0.000000
105.660000	15576.321793	14270.942399	0.000000	0.000000
0.511000	137.192755	163.790648	0.000000	0.000000
105.660000	4357.060627	4951.045089	0.000533	0.000000
105.660000	87925.783899	100920.762416	0.001067	0.000000
105.660000	3787.652208	3785.450726	0.000533	0.000000
493.700000	565.053215	593.344455	0.011200	0.000000
493.700000	42135.720500	36870.732237	0.000000	0.000000
139.570000	2897.068185	2572.414168	0.001067	0.000000
0.511000	430.802801	458.265146	0.001600	0.000000
105.660000	128.731168	133.736693	0.001067	0.000000
105.660000	17257.678744	18142.589133	0.004267	0.000000
938.270000	64257.143312	62745.005420	0.000000	0.000000
938.270000	847.067164	780.972544	0.000533	0.000000
139.570000	179.133705	177.404450	0.001067	0.000000
139.570000	18825.517671	14359.429463	0.001067	0.000000
493.700000	11846.745468	9844.102155	0.003200	0.000000
139.570000	3070.309065	3068.181186	0.000000	0.000000
105.660000	4372.763152	4610.921617	0.001600	0.000000
0.511000	34.994138	34.044022	0.001600	0.000000
938.270000	764.834005	762.147893	0.002133	0.000000
938.270000	37701.924730	39602.609101	0.000533	0.000000
0.511000	19210.554694	19329.430591	0.027733	0.000000
493.700000	1331.970450	1567.080872	0.001067	0.000000
493.700000	9924.156115	10269.495379	0.000533	0.000000
493.700000	899.431449	811.967019	0.000533	0.000000
0.511000	107.983721	112.901481	0.001600	0.000000
105.660000	1485.518421	1273.577302	0.002667	0.000000
0.511000	4629.291045	4560.073931	0.001600	0.000000
0.511000	14.116621	15.328753	0.000000	0.000000
493.700000	3644.983378	3076.558318	0.000533	0.000000
0.511000	16639.315233	18308.671370	0.011200	0.006160
0.511000	14.382717	15.038922	0.001067	0.000000
0.511000	2041.454440	2042.185061	0.002133	0.000000
105.660000	63198.400233	60964.090444	0.000533	0.000000
938.270000	2738.251320	2293.952694	0.000000	0.000000
0.511000	67.819574	64.795046	0.000000	0.000000
493.700000	1384.175692	1286.422357	0.001600	0.000000
105.660000	16275.721100	13652.015024	0.001067	0.000000
493.700000	1428.941168	1396.691621	0.000000	0.000000
139.570000	418.449624	434.810581	0.002667	0.000000
0.511000	165.752733	176.008252	0.001067	0.000000
493.700000	452.149767	504.158868	0.001600	0.000000
938.270000	1962.004323	1942.183357	0.000000	0.000000
105.660000	171.614916	187.474471	0.006933	0.000000
938.270000	781.311634	807.628354	0.001600	0.000000
0.511000	93842.507682	104233.999304	0.057067	0.029040
139.570000	1692.009223	1609.469601	0.000000	0.000000
139.570000	11906.871546	11703.070860	0.000000	0.000000
938.270000	894.733298	839.468666	0.000533	0.000000
938.270000	3088.914642	3156.543208	0.000533	0.000000
105.660000	2844.286345	2969.647094	0.001067	0.000000
105.660000	75.709030	63.793316	0.001600	0.000000
0.511000	1908.729259	1933.046482	0.001067	0.000000
0.511000	1355.117485	1060.716660	0.000533	0.000000
0.511000	326.911521	276.322885	0.000533	0.000000
493.700000	54938.436864	54385.648982	0.000000	0.000000
493.700000	72005.080167	69898.039239	0.001067	0.000000
938.270000	1157.553257	1109.140885	0.000533	0.000000
139.570000	9016.074585	8223.511834	0.001067	0.000000
493.700000	71545.444760	63797.682751	0.000000	0.000000
105.660000	59.975130	62.208627	0.001067	0.000000
938.270000	29129.392335	24660.579195	0.001600	0.000000
938.270000	3827.191638	3899.727722	0.000533	0.000000
105.660000	179.838056	153.212281	0.000533	0.000000
105.660000	9349.843194	11098.221171	0.000533	0.000000
0.511000	11888.475796	11716.845921	0.016000	0.000000
938.270000	1674.627025	2077.261863	0.001067	0.000000
139.570000	1162.560769	1257.618798	0.001600	0.000000
139.570000	747.490957	728.375232	0.000000	0.000000
105.660000	59971.219057	59463.367934	0.002133	0.000000
139.570000	32346.307585	34027.933879	0.000000	0.000000
139.570000	14248.494552	12716.149550	0.000533	0.000000
0.511000	14994.513935	16202.036498	0.012800	0.000000
105.660000	185.100072	193.385885	0.000533	0.000000
139.570000	696.110871	578.613576	0.008000	0.000000
938.270000	4392.670594	3440.848964	0.000000	0.000000
105.660000	511.894031	576.834024	0.000000	0.000000
139.570000	334.312992	354.583092	0.000000	0.000000
493.700000	49420.528932	52781.439058	0.011733	0.000000
938.270000	1879.637391	2028.216290	0.000533	0.000000
139.570000	930.451521	1054.558371	0.003733	0.000000
493.700000	561.301372	608.037169	0.000533	0.000000
105.660000	132.272384	154.589959	0.001067	0.000000
0.511000	2019.019066	2262.635140	0.004267	0.000000
938.270000	4100.051015	3678.233550	0.001067	0.000000
105.660000	17592.703588	18110.976102	0.001600	0.000000
938.270000	31540.327401	28300.390321	0.001067	0.000000
0.511000	20153.080747	16105.575801	0.027200	0.000000
493.700000	15124.817825	12272.844086	0.002133	0.000000
0.511000	127.132289	133.118880	0.006400	0.000000
105.660000	6343.270425	6093.941482	0.001067	0.000000
139.570000	15781.930765	13792.372124	0.001600	0.000000
0.511000	480.651003	534.075354	0.000533	0.000000
105.660000	23761.211679	26492.426445	0.006400	0.000000
139.570000	255.626088	211.282863	0.000000	0.000000
493.700000	68347.120581	78884.777889	0.000000	0.000000
139.570000	134.067658	141.284444	0.001067	0.000000
139.570000	90254.128534	89724.010153	0.001067	0.000000
105.660000	191.742602	188.077559	0.000000	0.000000
139.570000	77833.723523	80594.294061	0.002133	0.000000
493.700000	635.625817	718.642825	0.000533	0.000000
0.511000	50532.961240	57245.970735	0.033067	0.015840
0.511000	28.331986	23.054644	0.013333	0.000000
0.511000	23.521787	24.174027	0.000000	0.000000
938.270000	934.994751	894.146363	0.001600	0.000000
139.570000	111.532071	104.054612	0.000533	0.000000
0.511000	21.788006	17.845115	0.001067	0.000000
0.511000	3893.283487	3591.620221	0.000000	0.000000
0.511000	27.399465	29.464703	0.001600	0.000000
493.700000	3698.703632	3273.602341	0.001600	0.000000
0.511000	333.286775	347.568953	0.001067	0.000000
938.270000	12171.673737	11350.336990	0.015467	0.000000
139.570000	24796.118087	23393.655396	0.001067	0.000000
0.511000	1087.445997	872.599101	0.001067	0.000000
493.700000	35610.281742	32698.282053	0.000533	0.000000
139.570000	2461.761062	2206.789942	0.000533	0.000000
105.660000	39006.358381	37191.656309	0.002667	0.000000
139.570000	17466.032190	17970.206427	0.000533	0.000000
0.511000	1336.529739	1304.405411	0.001067	0.000000
493.700000	3615.515406	3899.138952	0.000000	0.000000
493.700000	26523.144732	27178.647820	0.000533	0.000000
139.570000	1371.308791	1370.242070	0.001067	0.000000
493.700000	1045.150788	1113.254722	0.000000	0.000000
139.570000	219.947089	234.860212	0.006933	0.000000
105.660000	2359.795747	2473.275516	0.001067	0.000000
139.570000	18586.081853	21236.623595	0.000000	0.000000
938.270000	2355.715608	2493.066966	0.000000	0.000000
139.570000	23448.858370	20401.308430	0.000533	0.000000
105.660000	28259.776773	30095.114514	0.002133	0.000000
139.570000	11692.042846	12638.387808	0.001067	0.000000
493.700000	739.785399	773.904784	0.009067	0.000000
105.660000	54.561686	58.402908	0.002133	0.000000
139.570000	113.160823	111.568866	0.000533	0.000000
493.700000	2697.087825	2599.392807	0.000000	0.000000
105.660000	42407.697404	38138.596198	0.001600	0.000000
938.270000	13715.081238	11784.639666	0.001067	0.000000
139.570000	170.797599	165.232629	0.001600	0.000000
139.570000	1317.440537	1378.464644	0.001067	0.000000
