1.976519535985187304e+01
1.890775413081467704e+01
1.981784238092880202e+01
1.943166748671230337e+01
1.974674043018954350e+01
2.003976154515535413e+01
1.894345759609401014e+01
1.895666910154302087e+01
1.843545000995479910e+01
1.960411768592591386e+01
1.933403232593575538e+01
1.852912265863498220e+01
1.957583199023795117e+01
1.948479443063785865e+01
1.824251275029079267e+01
1.961545246928422159e+01
1.947932113742167104e+01
1.893093627380095612e+01
1.869493126305301445e+01
1.980196910189069825e+01
1.982809965895103943e+01
1.910061995396541334e+01
1.904369810204398306e+01
1.939928841797586045e+01
1.891600723455271549e+01
1.986544663319492088e+01
1.970368988351223294e+01
1.798460100098659353e+01
1.879845991994061194e+01
1.912853838905300563e+01
2.003440801480076416e+01
2.009749042905422911e+01
1.901218259537258248e+01
1.943912488802605409e+01
1.962030420105902451e+01
1.988121862556784691e+01
1.882058843386064240e+01
1.948368040025278702e+01
2.019648873946328749e+01
1.950856855009829616e+01
1.896401250186473320e+01
1.886315897593030400e+01
1.848381284638994515e+01
1.943537413743095499e+01
1.914479171403386815e+01
1.898065683904289358e+01
1.809092384663616215e+01
1.858000969445573247e+01
1.931166268038453993e+01
1.819549384501041445e+01
1.886028781710855640e+01
2.026466581726202065e+01
1.860539934615091795e+01
1.907513271876609551e+01
1.903353427787706664e+01
1.887352838842181058e+01
1.995016178525256123e+01
1.948470371525019118e+01
1.996746805874681741e+01
1.930977571949935978e+01
1.937377325388088067e+01
1.835082404615392448e+01
1.898286073454363532e+01
1.972393276049347932e+01
1.815582121928563097e+01
1.935510703332546356e+01
1.976360848677743576e+01
2.010187604119822780e+01
1.811731062705444728e+01
1.876099131746731530e+01
1.939033326963249237e+01
2.031471255816201804e+01
1.852181239892542663e+01
1.980233068084432801e+01
1.786257075263755567e+01
1.850588093827341041e+01
1.944794701782832291e+01
1.939425512897983239e+01
2.017546237660201314e+01
1.848411588354832347e+01
1.929175303000221220e+01
1.881019442220575399e+01
1.898848064512091227e+01
1.997217535742917605e+01
1.841849764134241596e+01
1.889881630292346770e+01
2.001086438290654712e+01
1.888022366436069888e+01
2.001118292120361275e+01
1.988583701393447711e+01
1.881745391469909023e+01
2.020648464094093910e+01
1.908499633629085324e+01
1.898989283429492048e+01
1.962841290732662713e+01
1.954862601598199845e+01
2.011698924178400105e+01
1.868111395648862683e+01
1.878900545352707852e+01
2.013794336691244879e+01
1.934677547307214240e+01
1.991356668096298677e+01
1.947125815822009898e+01
1.912527615717951335e+01
1.897656343119460232e+01
2.011445908729154297e+01
2.020664402274806903e+01
1.958645537204735376e+01
1.966895253063334081e+01
1.874942522005405010e+01
1.978783360897450194e+01
1.932605879881618804e+01
1.953859607480265126e+01
1.887353358386501867e+01
1.871569334641877091e+01
1.988574825021927239e+01
2.009996165249876654e+01
1.937967938642213639e+01
1.848642502845311597e+01
1.882024349014460540e+01
2.041027447249105009e+01
1.941931891139858735e+01
1.951546953829934949e+01
1.908177788269283681e+01
1.969944954720158492e+01
1.924784180162711777e+01
1.920991826839910388e+01
1.960083312308117343e+01
1.951722804580294479e+01
2.013354910377187323e+01
1.934027025944695666e+01
1.931099951837396489e+01
1.955797411099996808e+01
1.940986072055507705e+01
1.942303896461736556e+01
1.822411418725717525e+01
1.910709046023130497e+01
2.057580440338403704e+01
1.976287601530061266e+01
1.950453331539710078e+01
1.979350608913050991e+01
1.921506557109696445e+01
1.941442786274678411e+01
1.913006275746295515e+01
1.867206356759578156e+01
1.928662943699083243e+01
1.948913936867703711e+01
1.858693711932296111e+01
1.952539752066068246e+01
1.938623596258490167e+01
1.965462587246199533e+01
1.911114078221259049e+01
1.966519980376694576e+01
1.967335660345587556e+01
1.857310878943804866e+01
1.936408278163658991e+01
2.005437167873079574e+01
1.971261563438979536e+01
1.948459461920257496e+01
1.884230798877403146e+01
1.826096456746381236e+01
1.998106016308848965e+01
1.844906968755280730e+01
1.864485962394310548e+01
1.864739132698635515e+01
1.970631542452215967e+01
2.007729689615154456e+01
1.875489824375082648e+01
1.992746260233104749e+01
1.903238626113241949e+01
1.864876640279511832e+01
2.026784456134431522e+01
1.853637719608604684e+01
1.890392490533240988e+01
1.863839523674108989e+01
1.896336584961188265e+01
1.889783881418718181e+01
1.925629536102196582e+01
1.806685808380774461e+01
1.942798184322416688e+01
1.881399164404842494e+01
1.852752882990573013e+01
1.935791011466278277e+01
1.944381768493988005e+01
1.942783532219657872e+01
1.914787673565915682e+01
1.901878903873661386e+01
1.954495808826584735e+01
1.798143521737222628e+01
1.922410635998744866e+01
1.942826265471613567e+01
1.888746489800769268e+01
1.874107176566490196e+01
1.956015183712743166e+01
1.894021377572802933e+01
1.963551244143344832e+01
1.968785915401733888e+01
2.026042604239004419e+01
1.937629353365988294e+01
1.994040025367559110e+01
1.966078148170310058e+01
1.971753792229372237e+01
2.016204687469598156e+01
1.865136908695112083e+01
1.942677090256573180e+01
1.891852940940353989e+01
1.942965430281998707e+01
1.927810069655827974e+01
1.907104872956032082e+01
1.836510039098040536e+01
1.913295988668210867e+01
1.858900902423194523e+01
1.955332222286092758e+01
1.967994794965117933e+01
1.805471417811648394e+01
2.057642285061023557e+01
1.900888510548369581e+01
1.956334858222141904e+01
1.905751061567547922e+01
1.842465890616204405e+01
1.893329934133253900e+01
1.880261056984193146e+01
1.989974939008735788e+01
1.911673549047185006e+01
1.988910899280750399e+01
1.898829660071838887e+01
1.907966641293383958e+01
1.875728962484424400e+01
1.954076998914276686e+01
1.910980097549200707e+01
1.985536161865319116e+01
1.936449021309659102e+01
1.901293431541771639e+01
2.066657541396335063e+01
1.840697025213330917e+01
1.942910743341245805e+01
1.990811054431105731e+01
1.927135017637558434e+01
1.991830305464894479e+01
1.966711041777200109e+01
1.932289276375187015e+01
1.888513426915987381e+01
1.877147036514530498e+01
1.836596310271228560e+01
1.882303093367519864e+01
1.889362233737261576e+01
1.910652478022288747e+01
1.927609279660278574e+01
1.818893509690758137e+01
1.867045906357313001e+01
1.980559936769501306e+01
1.900999880878748272e+01
1.891833656394669205e+01
1.929042390382247874e+01
1.890669959603868477e+01
1.984485117167729840e+01
1.969817488625455226e+01
1.965567392922394419e+01
1.947631274996576778e+01
1.877077870662827408e+01
1.930363896563716253e+01
1.977728546088076556e+01
1.923807729222459528e+01
1.860238168254977609e+01
1.923700063213080114e+01
1.875106946058315316e+01
1.999194286231113082e+01
1.905586898439202770e+01
2.012614672399366356e+01
1.949511040763790604e+01
1.888830309136250207e+01
1.907931241423457891e+01
1.861751948955765101e+01
2.068975550249839301e+01
2.015823803275944215e+01
1.974269087743332207e+01
1.878941054257724730e+01
2.023959233226642240e+01
1.927715145816632969e+01
1.779305991620661942e+01
1.952917702211173534e+01
1.941149162661210781e+01
1.930443446206507119e+01
1.976376051037606274e+01
1.851259617030950011e+01
1.857745037481127426e+01
1.959488151986721860e+01
1.867238903650501314e+01
1.960628789005549777e+01
1.856090575769619733e+01
1.890870510226892875e+01
1.999860609349477869e+01
1.886792362873687523e+01
1.998380822576137206e+01
1.909843426207697092e+01
1.953732771532168044e+01
1.903810843365222993e+01
1.892516609013341977e+01
2.031745310992514675e+01
1.927087643999938749e+01
1.936385449792043190e+01
1.891593190380986300e+01
1.769090157576263778e+01
1.995267713212961880e+01
1.937929226379182523e+01
1.976655895203992230e+01
1.916136342109762225e+01
1.952301980070852139e+01
1.894464911879973812e+01
1.848234802299322510e+01
1.925119634591711204e+01
1.989977908068346579e+01
1.947345255022891664e+01
1.873914476588878486e+01
1.988585686252130813e+01
1.824995144687836657e+01
1.936261650785237975e+01
1.945149149576316461e+01
1.860059540890130236e+01
1.980213599351866804e+01
1.902392247992288077e+01
1.937173019921945993e+01
1.924105365273038259e+01
2.014782976643563828e+01
1.950802515154706640e+01
1.948456030861502342e+01
1.923598099388756566e+01
1.912608568815793930e+01
1.909242636587580577e+01
1.913426570817287953e+01
2.022128931172878197e+01
1.949935193981234960e+01
1.942842715995349323e+01
1.891392717472412244e+01
1.866418932514226370e+01
1.933811761014122155e+01
2.109384788774529795e+01
1.827182760934582006e+01
1.884570146158065640e+01
1.902426164508804263e+01
1.914315700203148651e+01
1.983386556572364157e+01
1.935748787143243987e+01
1.948460963351331188e+01
1.857361213831804747e+01
1.873641743385074676e+01
1.950734488396015109e+01
1.813784652394731012e+01
2.023011319028151078e+01
1.850326335845019798e+01
1.923626929508710504e+01
1.997066611701271910e+01
2.062781107521766444e+01
1.862463141413186918e+01
1.970368368147776650e+01
1.972844642597118536e+01
1.897991904673889607e+01
1.830479163169768952e+01
1.912469185310384034e+01
1.814220367726117189e+01
1.982561965337341192e+01
1.925674483618835708e+01
2.004725451780226564e+01
1.835905891175458393e+01
1.913151006296782342e+01
1.764615585367668515e+01
1.869644977878061809e+01
1.917576555958537199e+01
1.933251381952434400e+01
1.914928014717758842e+01
1.871610937036889766e+01
1.859315314971674127e+01
1.915519044222022416e+01
1.905069176715876367e+01
1.874534360457221993e+01
1.933875763915792589e+01
1.870308537885075850e+01
1.937470252090411549e+01
1.936931884422764227e+01
1.832542391767863066e+01
1.909017783269253954e+01
1.881491549777331684e+01
1.903476419334782221e+01
1.868218822713292582e+01
1.853299217242143371e+01
1.934669955659171237e+01
1.945524489462842155e+01
2.008950676635879873e+01
1.846267923381221365e+01
1.941328393917073569e+01
1.874884670107984164e+01
1.921304308016835094e+01
1.945043126995811988e+01
1.943542407074766132e+01
1.947326939586988104e+01
1.874842355080318157e+01
1.775591380185274915e+01
1.839665536302315729e+01
1.841404671003149929e+01
2.000050477173033414e+01
1.916652880502522294e+01
1.980130441958236887e+01
1.839002068358503550e+01
1.990533306856501738e+01
1.956179535254075574e+01
1.921030181242909762e+01
1.954806196742640267e+01
1.807160663436600245e+01
1.920774270435870079e+01
1.787119819296762913e+01
1.937182562922410511e+01
1.860281101107274182e+01
1.895149750578754677e+01
2.001065231895081453e+01
1.882032897659156134e+01
1.916474960510517533e+01
2.022121002727936201e+01
1.902336545728807948e+01
1.964563229768558372e+01
1.957988523316121388e+01
1.844971036888779992e+01
1.859358987239886929e+01
1.989245409336635362e+01
2.020367196710581226e+01
1.781376866174506901e+01
1.936348180985211442e+01
1.901123843031652072e+01
1.926681890265293617e+01
1.915994125568854400e+01
1.973016531080268976e+01
1.865880762665160120e+01
1.854432220993890823e+01
1.941640031718370807e+01
1.832608483369610752e+01
1.891978409017654883e+01
1.863366704126365647e+01
1.915834295991636083e+01
1.880567991208142331e+01
1.832070108185092749e+01
1.939861823903443394e+01
1.987627571947783167e+01
1.915453400259820782e+01
1.927041043241677087e+01
1.901380606056304856e+01
1.870676038555418330e+01
1.882902768133485338e+01
1.940109768104193222e+01
1.870791780958167649e+01
1.895328499529847832e+01
1.777053370527306342e+01
1.930125266435236853e+01
1.798964454152857684e+01
2.007433876494433278e+01
1.931359941465494146e+01
1.847787178196561086e+01
1.858527191184651173e+01
1.978135830396009709e+01
1.941818121385388451e+01
1.939029220218637306e+01
1.896218497641037004e+01
1.888923737171157313e+01
1.921462752114707939e+01
1.899683986192279406e+01
1.905545949011494500e+01
1.829454351884408325e+01
1.883807891081298536e+01
1.908712784817758390e+01
2.009618170190369923e+01
2.001371292790462775e+01
1.962090414811628136e+01
1.979778067569508693e+01
1.966183356797227333e+01
1.833190361160717430e+01
1.884175945011349995e+01
1.899714333918952747e+01
1.944086773698622750e+01
1.982595545328948106e+01
1.896413967942510936e+01
1.860614212242622401e+01
1.812793574451372436e+01
1.822200527060382313e+01
1.894059389475617294e+01
1.884844282944175120e+01
1.904862590169969394e+01
1.990604602669242951e+01
1.932845413442337446e+01
1.847821937448557250e+01
1.776439316515541478e+01
1.977639022410125946e+01
1.968304088273958641e+01
1.922758682050867307e+01
1.978580646390022935e+01
2.008039355663782644e+01
1.949001627873222375e+01
1.880853676710648159e+01
1.846885681664229750e+01
1.851221597716356726e+01
1.937071178644427860e+01
1.953197377982085214e+01
1.859625239288060072e+01
1.961848129784427641e+01
1.891498561822869107e+01
1.873546318731278859e+01
1.838515146137714851e+01
1.852065718072264389e+01
1.870854422092396163e+01
1.898411377424735136e+01
2.099779234308176612e+01
1.953369074362159097e+01
1.893246896279522673e+01
1.932181403684670684e+01
