1.901171509187783215e+01
1.941126770833783155e+01
1.947276482779140494e+01
1.944132078011672249e+01
1.920146941724890866e+01
1.941827177645674141e+01
1.941150840772211339e+01
1.928268383517319151e+01
1.945941127807401472e+01
1.901507386728046001e+01
1.934763898684385808e+01
1.923771709671727592e+01
1.945042910391612168e+01
1.910277363819443508e+01
1.908896252895991097e+01
1.938366880815832261e+01
1.923466959263020470e+01
1.923367440603837153e+01
1.896121664847606425e+01
1.938125854424016126e+01
1.945668130374092542e+01
1.909833641361896284e+01
1.906174918720776290e+01
1.923448988805083815e+01
1.913441254348561671e+01
1.887530382850973965e+01
1.895647490531310453e+01
1.917117445904617412e+01
1.918147212102902444e+01
1.920750118995935196e+01
1.921710422203187107e+01
1.917830132183978620e+01
1.878844750331052893e+01
1.953141847681437326e+01
1.969212846295399189e+01
1.929534627877170294e+01
1.948808833162269138e+01
1.957544289385156233e+01
1.937203869047185023e+01
1.930783261983964039e+01
1.918087916182392050e+01
1.933140637837102460e+01
1.961453777133579734e+01
1.980263334281357501e+01
1.955871280763248876e+01
1.868765600385880532e+01
1.912854297216289723e+01
1.930144612718818919e+01
1.915375129065323279e+01
1.920957127588911462e+01
1.942997847656641497e+01
1.912290199618079711e+01
1.949849793438088241e+01
1.931735207138274646e+01
1.927957533099992204e+01
1.914712311306897874e+01
1.893209686135584846e+01
1.935393745862272397e+01
1.899427999300479186e+01
1.928429890233632094e+01
1.916151380693464290e+01
1.916054172464233218e+01
1.937088409110609533e+01
1.929711211148034877e+01
1.916870862565096800e+01
1.910846510563951028e+01
1.928150515325042136e+01
1.916497206811668974e+01
1.940530390256419579e+01
1.961642158152245941e+01
1.938194499163550688e+01
1.876325236443593170e+01
1.962251106504604081e+01
1.944542041542943167e+01
1.913081462765112661e+01
1.954621067530586132e+01
1.910211498196396107e+01
1.959899213121884998e+01
1.962435978143746240e+01
1.900684206797821929e+01
1.897496223870856369e+01
1.906882884602837080e+01
1.938038383427084810e+01
1.938244428839350419e+01
1.915592053951120022e+01
1.895766692523959662e+01
1.926385316941321335e+01
1.919752827872214951e+01
1.889457882755474571e+01
1.945824547043266861e+01
1.882411222921351523e+01
1.900732800551457302e+01
1.917565066975586063e+01
1.926043603682263594e+01
1.929522668461440205e+01
1.930982289906865645e+01
1.924720750983772177e+01
1.926000083212534264e+01
1.869889740481152174e+01
1.953972896936168979e+01
1.945042587178031823e+01
1.909042714850022548e+01
1.911188672243320497e+01
1.898767895622487600e+01
1.928142722859706737e+01
1.946523897074718690e+01
1.910075989464856860e+01
1.948348717771265726e+01
1.931450322282029219e+01
1.977789686860959506e+01
1.908815151149576650e+01
1.903334872513160292e+01
1.928162289095097037e+01
1.923031332408910998e+01
1.922250378735782306e+01
1.945518172244849353e+01
1.945099743675140402e+01
1.929718385498278721e+01
1.917039052561289836e+01
1.919936205632058446e+01
1.928901898742958565e+01
1.935553689147236511e+01
1.930109241393686759e+01
1.951019085838819578e+01
1.913329264770610649e+01
1.928881403033351205e+01
1.935393885706460537e+01
1.932097391746484405e+01
1.968829738146673947e+01
1.877071771430633973e+01
1.961654548362277950e+01
1.909201809676631001e+01
1.913028596600353737e+01
1.926959880130618785e+01
1.938669249545907647e+01
1.901240456821108182e+01
1.912033172558035687e+01
1.952012523298337854e+01
1.898922381462162434e+01
1.895182605358744254e+01
1.945838807832792128e+01
1.934323733385307520e+01
1.923960416282022834e+01
1.927780977295628517e+01
1.928516938678059134e+01
1.956629356259245256e+01
1.845832604759607776e+01
1.928994821943716431e+01
1.887149929529103431e+01
1.923796276279900042e+01
1.904679802462900184e+01
1.916169474216728119e+01
1.907389253283794517e+01
1.898835369452891442e+01
1.916967155853702565e+01
1.891575626294784485e+01
1.883258482711552873e+01
1.940681194074335281e+01
1.952621699239467645e+01
1.887175796783641246e+01
1.914191308003783831e+01
1.960216629274428257e+01
1.950286114638296553e+01
1.920332809753197267e+01
1.953177002129314133e+01
1.955982625253242446e+01
1.939547478012630322e+01
1.932383384256595704e+01
1.934767513996235166e+01
1.925568584278378026e+01
1.936448832964721944e+01
1.935889162513513639e+01
1.929988607399521783e+01
1.888630518100846700e+01
1.908726755260907382e+01
1.947233976813704359e+01
1.929216642096126932e+01
1.930250973886072430e+01
1.884279447237205218e+01
1.882446858102118270e+01
1.920044355504838052e+01
1.934550294992908803e+01
1.942885922090214734e+01
1.925464705827507572e+01
1.954065261203362169e+01
1.921017456603418694e+01
1.926689242189731743e+01
1.949379345680140219e+01
1.920048796247800027e+01
1.941393514137518039e+01
1.967168756498434945e+01
1.923797255290416786e+01
1.919384038725117492e+01
1.906665909809519732e+01
1.921688301211430172e+01
1.910357052181141313e+01
1.983453152253331808e+01
1.968732701843783417e+01
1.943334885318491345e+01
1.923860921774797106e+01
1.911622938271233352e+01
1.929835114220810510e+01
1.900491038047622538e+01
1.878241336061624622e+01
1.940417318708007599e+01
1.964668757042778324e+01
1.874860260314373051e+01
1.911884661901494553e+01
1.932229828082196832e+01
1.938071229527898609e+01
1.942031017657853198e+01
1.940418140711518191e+01
1.908036025447336570e+01
1.909183763212003626e+01
1.871653517304366332e+01
1.880596538441518106e+01
1.882223763560533314e+01
1.917298432436207634e+01
1.886311487940636056e+01
1.895659830747798225e+01
1.908978392422150350e+01
1.903401167857929366e+01
1.926482727583941568e+01
1.865879187586892840e+01
1.942153218719804642e+01
1.941019056545894728e+01
1.965273281007193518e+01
1.890302832055277449e+01
1.973140914966207404e+01
1.933240374189252719e+01
1.993530120543175599e+01
1.964568637429933062e+01
1.962164503510701508e+01
1.905529821395584023e+01
1.864047516948573957e+01
1.938040973534723221e+01
1.929187865253289402e+01
1.917077933231126963e+01
1.887549985008958942e+01
1.905645101849959389e+01
1.929982481884498569e+01
1.952931797759682198e+01
1.965616997981154412e+01
1.947873936993555688e+01
1.891034675043712809e+01
1.924004773635761012e+01
1.931723852465724889e+01
1.903311104290148137e+01
1.955951251958159531e+01
1.960325474383114397e+01
1.940667667369213234e+01
1.928689276648684015e+01
1.883458470526415596e+01
1.941360222740462405e+01
1.953793651669630194e+01
1.936216007488259550e+01
1.935220409301953737e+01
1.886281358089291516e+01
1.930933937186446414e+01
1.882003603975525152e+01
1.893300122941449004e+01
1.924600331128007014e+01
1.969204610322070081e+01
1.929155900865885087e+01
1.910265257671952810e+01
1.940563008840425141e+01
1.932557049060150334e+01
1.905337100180281240e+01
1.926591494369290558e+01
1.951728575521139675e+01
1.942419169320348971e+01
1.905065055000893537e+01
1.916346082024239905e+01
1.947866982623607512e+01
1.936216482166383912e+01
1.928344504039986873e+01
1.976200292244303824e+01
1.927652337779066016e+01
1.968835096977248966e+01
1.937459805235870292e+01
1.934271165640653578e+01
1.904621845795160340e+01
1.924164071769369144e+01
1.941586905520204098e+01
1.939101104840864309e+01
1.963099527265122290e+01
1.963035469973573655e+01
1.939142285958148193e+01
1.959138704065025749e+01
1.968402697288550485e+01
1.911708587719677155e+01
1.899711821471648676e+01
1.928879742324996016e+01
1.930451826809096616e+01
1.914655043082920116e+01
1.955321577941312583e+01
1.895638579783318178e+01
1.940975169082724250e+01
1.935073351321665669e+01
1.957247904168711372e+01
1.925291024723515321e+01
1.926710743932938286e+01
1.855665694915809283e+01
1.915925305368916298e+01
1.901849048928612618e+01
1.944523114261549424e+01
1.940293984961364515e+01
1.963125953228076881e+01
1.915309286688251689e+01
1.950748213076451876e+01
1.939283377615127790e+01
1.915760889460831962e+01
1.913706717897900589e+01
1.954312742942102332e+01
1.932066475802280081e+01
1.901675931958182986e+01
1.889779158486363997e+01
1.924049285653640950e+01
1.942522265164338791e+01
1.923643010435521106e+01
1.927760138798919698e+01
1.935317881682106034e+01
1.933034534176539410e+01
1.943213106790304323e+01
1.915657290126279833e+01
1.948601497686369655e+01
1.913712270646504621e+01
1.881321578108670778e+01
1.900514596046616589e+01
1.913396447671239287e+01
1.909633959875448994e+01
1.969195003738321859e+01
1.971531185291886246e+01
1.969440784295640157e+01
1.907454165591892803e+01
1.915668764776742705e+01
1.903175138857895732e+01
1.944909152131545937e+01
1.911991883669318781e+01
1.913327927690837171e+01
1.955706408807460051e+01
1.926298270536938873e+01
1.912997254635833855e+01
1.931644791850469645e+01
1.896675262995346856e+01
1.935256613301173800e+01
1.926421449498616667e+01
1.953761025865572876e+01
1.925859372288531901e+01
1.917594184473339425e+01
1.937879131090934592e+01
1.934153402595385529e+01
1.923579666058481763e+01
1.962442874342449528e+01
1.891113444207389449e+01
1.864853056266125009e+01
1.947836056912991509e+01
1.874272287996455333e+01
1.928926858760121377e+01
1.890276354642720946e+01
1.925080582456464029e+01
1.969000959327833300e+01
1.948791850315618035e+01
1.966601903558524000e+01
1.891352178253618632e+01
1.915483718655967493e+01
1.934288236799142169e+01
1.936050208626067004e+01
1.951529022881878817e+01
1.906064707864510055e+01
1.885990420501331855e+01
1.958930118549046639e+01
1.915573525072490213e+01
1.951612464095435584e+01
1.932582211331363098e+01
1.925572694186178424e+01
1.866081911949007477e+01
1.899440112249375190e+01
1.964874240932948624e+01
1.955529505088514952e+01
1.958603490492621546e+01
1.939806744019358931e+01
1.901443440633324755e+01
1.895868286318765072e+01
1.930063425129067056e+01
1.914129570310230122e+01
1.871525837479843801e+01
1.893633212858379977e+01
1.941120370674442341e+01
1.963800230865787810e+01
1.919927604372261243e+01
1.929704101604847821e+01
1.959151391497900008e+01
1.958812680366020942e+01
1.948058910605090333e+01
1.911764618593020160e+01
1.919467006387016639e+01
1.916690207058213247e+01
1.953356511716306088e+01
1.891154689014974366e+01
1.949061188801998057e+01
1.951102823361120286e+01
1.921964902341602865e+01
1.897672716949929850e+01
1.956664828708078119e+01
1.925010479456058476e+01
1.912831602665290731e+01
1.938140044999422429e+01
1.929595124547701701e+01
1.993955070334322599e+01
1.930219480474120886e+01
1.914427337183434119e+01
1.954785514631514332e+01
1.899758703454507014e+01
1.891948600904986932e+01
1.932791819902154273e+01
1.927859966864469143e+01
1.906736138159439875e+01
1.916684827271665270e+01
1.911644682005732321e+01
1.945447084116637626e+01
1.901622718519058708e+01
1.907893187764079812e+01
1.889544716967764160e+01
1.909556202505600453e+01
1.972497294815989477e+01
1.894063197648713981e+01
1.917638653587524900e+01
1.969028582539191063e+01
1.885076310278766698e+01
1.888800901743876182e+01
1.868543676594653036e+01
1.886398354526514964e+01
1.927825015736123149e+01
1.892238710170539662e+01
1.935157416428155486e+01
1.925405172628700257e+01
1.956573081137100090e+01
1.917086847213504797e+01
1.936887069363237757e+01
1.932811540917802162e+01
1.933840191758747196e+01
1.907390702377056613e+01
1.953259219433465077e+01
1.955678533022299348e+01
1.924747886547958586e+01
1.941157713040112398e+01
1.921571903573390472e+01
1.961248860555806672e+01
1.948376073968789868e+01
1.922122412766360000e+01
1.924474239389130048e+01
1.942923777529426133e+01
1.927744904568881168e+01
1.977582034277678602e+01
1.920083064437714171e+01
1.910562806274753456e+01
1.975226660464077355e+01
1.938055857770583046e+01
1.881400195577513301e+01
1.925151306761136283e+01
1.891775248360809414e+01
1.890236800391965488e+01
1.914760015236557322e+01
1.974857802313482225e+01
1.893688905806530798e+01
1.965790154986837379e+01
1.909941522837768346e+01
1.917722524169289144e+01
1.956688317563482471e+01
1.940304005078331784e+01
1.945367377239307061e+01
1.957535736112514968e+01
1.899606949929578192e+01
1.967726440518194408e+01
1.908361989964457095e+01
1.935593306469321107e+01
1.978096774519179490e+01
1.901770943642060629e+01
1.915987430068522457e+01
1.898336206159392248e+01
1.917351194886917654e+01
1.943400994956011019e+01
1.904039786968294834e+01
1.937671703498492803e+01
1.896031285143698852e+01
1.918122002011174132e+01
1.901804747241446236e+01
1.926020457738648162e+01
1.906944290097650452e+01
1.921068850861806609e+01
1.915606886087758198e+01
1.941127410617891869e+01
1.894277405203691700e+01
1.949783649998663648e+01
1.927654042835656867e+01
1.895026485942589289e+01
1.992594475735645432e+01
1.952934658456139161e+01
1.904410689804760892e+01
1.937776767003050082e+01
1.911677924305404375e+01
1.922725238593436003e+01
1.922712848127764218e+01
1.915933152005004558e+01
1.920695688587350247e+01
1.917729113024854470e+01
1.918314781503445943e+01
1.916080621735965295e+01
1.931064131480832202e+01
1.905916295140081829e+01
1.901244194637760998e+01
1.903775379325471917e+01
1.927590287364295918e+01
1.955642578075572402e+01
1.886126405173487797e+01
1.892441019169648442e+01
1.919320192640958211e+01
1.933046336678069821e+01
1.898368322192444779e+01
1.913927637157128103e+01
1.904572172083761927e+01
1.920943357895326642e+01
1.889530476376899770e+01
1.897002579074791839e+01
1.902158254831564932e+01
1.865603779428708719e+01
1.943565592579265200e+01
1.944300981730810207e+01
1.914848797512989975e+01
1.937865898961149114e+01
1.909090600185750830e+01
1.919094670972300776e+01
1.950920938879731281e+01
1.939655755350861099e+01
1.936232975749938490e+01
1.935051652321066840e+01
1.974869486336497459e+01
1.959050822770143085e+01
1.898076318248015326e+01
1.948607974370941776e+01
1.917784950804015764e+01
1.940385076667014985e+01
1.946722222034470917e+01
1.920935398427855745e+01
1.922354956035287543e+01
1.900203143313590815e+01
1.896079318062880148e+01
1.919391073059212616e+01
1.896777188104007195e+01
1.917054421012040777e+01
1.919151303676567366e+01
1.920220088196852615e+01
1.915529975327428502e+01
1.940568161611605547e+01
1.971900401318606910e+01
1.963232396613729236e+01
1.954002677234624841e+01
1.898686830607825371e+01
1.913280035592470796e+01
1.953114194421182503e+01
1.965655363568719949e+01
1.964860260424354976e+01
1.945632944961776900e+01
1.988589860917171137e+01
1.938524457680499324e+01
1.946177147188636525e+01
1.923649908925391472e+01
1.934369056740390747e+01
1.959917782724283342e+01
1.929374068435193124e+01
1.903708573514764524e+01
1.937667294631861026e+01
1.970442561761014133e+01
1.900870384212919717e+01
1.934755075391982615e+01
1.932845020307386363e+01
1.932868338623611137e+01
1.906087166738382166e+01
1.939307415687979841e+01
1.930345084659638388e+01
1.946844853437284328e+01
1.912504143018390934e+01
1.956837581662882286e+01
1.903622606797542005e+01
1.947514343307413043e+01
1.929201258674155639e+01
1.894123706183885147e+01
1.929620803311257404e+01
1.948712003332393650e+01
1.900434792045088273e+01
1.877363531700663302e+01
1.946828453786797297e+01
1.911641903336578352e+01
1.933229508067420710e+01
1.942204787215078454e+01
1.925154932715894773e+01
1.935108644737519867e+01
1.885620873806604791e+01
1.926786207468473933e+01
1.980038127997937281e+01
1.941109472439852723e+01
1.915392567168596472e+01
1.915190247776627430e+01
1.933976001470979611e+01
1.905963283975252054e+01
1.941337358108730626e+01
1.934992714618161713e+01
1.913056988863448282e+01
1.963447971886305865e+01
1.886019327638141974e+01
1.946945409217740064e+01
1.924216359996238879e+01
1.900469576009495043e+01
1.960283186174589432e+01
1.934445768045457825e+01
1.911464089988716353e+01
1.916903517085136599e+01
1.935191445382234576e+01
1.946953629299709121e+01
1.949195363447768159e+01
1.909261484354165361e+01
1.930889424967705281e+01
1.925342927944664240e+01
1.921430214584623286e+01
1.921011668814619355e+01
1.916304093485754478e+01
1.934018460156268659e+01
1.955382974552081521e+01
1.911756299237514867e+01
1.984167906374202062e+01
1.922490049189771000e+01
1.954963854291320402e+01
1.952345378795662612e+01
1.897875245618365270e+01
1.906031832651360958e+01
1.884582708412237650e+01
1.980330306960812337e+01
1.926432294483258900e+01
1.933113497249284407e+01
1.926362151539910172e+01
1.939379685947564980e+01
1.941758606105099361e+01
1.913881436222230903e+01
1.895101102405574522e+01
1.870959023959340684e+01
1.867072726213099543e+01
1.918682622433205864e+01
1.917666613338226256e+01
1.881484928017169622e+01
1.952209983568273088e+01
1.957368630625889239e+01
1.968782716620405893e+01
1.894459751786843427e+01
1.870547352690453735e+01
1.949233544278897767e+01
1.894672951200337963e+01
1.931881108466090780e+01
1.949184067349717608e+01
1.901718486014551246e+01
1.946506725064597276e+01
1.903044189548597487e+01
1.929536490479225108e+01
1.925220756960871427e+01
1.906642942384680595e+01
1.942437036859971755e+01
1.864047735482773760e+01
1.930253173062767047e+01
1.925398761459791785e+01
1.949526075349330512e+01
1.974359388559161488e+01
1.942116890895514558e+01
1.957652059656035348e+01
1.940325091624913156e+01
1.910480253220995905e+01
1.942794463163601293e+01
1.931451102530503050e+01
1.932775063090013390e+01
1.887294448562355953e+01
1.945845045370520765e+01
1.909461072659031800e+01
1.925366654376790621e+01
1.968441098406205825e+01
1.937719095678623660e+01
1.905120263183130902e+01
1.892488466106436107e+01
1.986754137894775951e+01
1.908057700099801579e+01
1.921394019359684791e+01
1.928316246129470102e+01
1.907501048605986327e+01
1.900190445221226554e+01
1.890379797807812068e+01
1.902683864529282332e+01
1.903667851326177285e+01
1.948967418898568837e+01
1.947690708695989770e+01
1.928768821702874092e+01
1.882651336055671365e+01
1.913272593058254145e+01
1.909813928885190748e+01
1.952066296343125273e+01
1.912920744557346353e+01
1.929824483355405462e+01
1.977718136923639136e+01
1.887761220763619008e+01
1.918835855168369520e+01
1.925071913306072346e+01
1.920876946143224018e+01
1.907936307081039828e+01
1.975679446866451627e+01
1.933036338375821117e+01
1.935447480180825863e+01
1.924674082118148277e+01
1.862222495044228410e+01
1.897685336035553760e+01
1.923029729436654378e+01
1.943437176021411616e+01
1.956207863098265776e+01
1.971564089149268284e+01
1.938196417006547989e+01
1.902969236452097590e+01
1.932858577966537794e+01
1.973115045683106672e+01
1.915691182483448074e+01
1.910370207406618093e+01
1.874929958211518866e+01
1.937627826212045434e+01
1.935794345390830529e+01
1.898771612085070615e+01
1.941125249893237736e+01
1.952198040928148259e+01
1.934747989964481363e+01
1.943170404486426506e+01
1.913988978236409011e+01
1.908711214103388798e+01
1.890473859939689305e+01
1.954446135688394648e+01
1.909702320766518824e+01
2.004388320846550542e+01
1.955190049231092431e+01
1.948536084643260224e+01
1.931926334725836725e+01
1.929327723654169446e+01
1.993201844514396726e+01
