1.980796239855555640e+01
1.910626921660590227e+01
1.924242393851904254e+01
1.903953974255698256e+01
1.911381032109584055e+01
1.887812089817983718e+01
1.906518608235812096e+01
1.889236066536998493e+01
1.947871169474370490e+01
1.886791379640862587e+01
1.972373284483018807e+01
1.945893469531458564e+01
1.909960175910208235e+01
1.958160780079818508e+01
1.945309311847251621e+01
1.885437570533809648e+01
1.972857914867408979e+01
1.930139204383320006e+01
1.916630503227927917e+01
1.915316780916730721e+01
1.892958046230855373e+01
1.963626739999772397e+01
1.951032119457450165e+01
1.916690902024859966e+01
1.959842347901096460e+01
1.941305935148842821e+01
1.926214929594522118e+01
1.963558978452677550e+01
1.949167281326354484e+01
1.949976798558055080e+01
1.951672538188293160e+01
1.928389823322710228e+01
1.934763652021543479e+01
1.902649779840576372e+01
1.900393824600956449e+01
1.955427128374669010e+01
1.931609316672006926e+01
1.951399755013442672e+01
1.943708960502648608e+01
1.890144271856746272e+01
1.968297827720152782e+01
1.899292991358702309e+01
1.895558922562432969e+01
1.926092659885370395e+01
1.953067893777911124e+01
1.944581579488511380e+01
1.954214735511719780e+01
1.950345112701960559e+01
1.953125647602209725e+01
1.933334997471675365e+01
1.908515053467752765e+01
1.940210889621199541e+01
1.889341456493182037e+01
1.900520061617720202e+01
1.961355941311266449e+01
1.938665226106752826e+01
1.918234885247637678e+01
1.936567815068947596e+01
1.950683738654748822e+01
1.940085333415765589e+01
1.926258199410817795e+01
1.873559705007162535e+01
1.930970081826456308e+01
1.899321148432347428e+01
1.972089044932142343e+01
1.927227343746559285e+01
1.903263555853506617e+01
1.929546167083875829e+01
1.917483358842201113e+01
1.965112277656207596e+01
1.914922995280802454e+01
1.926174077268122886e+01
1.869702241050166691e+01
1.937465574834925164e+01
1.909720340819839279e+01
1.936831503196676962e+01
1.853300771250822621e+01
1.910259389089332416e+01
1.867460143504120040e+01
1.947116374263558924e+01
1.926592402364837397e+01
1.861445175631216031e+01
1.953788890435535563e+01
1.959221506926213863e+01
1.935764951498834208e+01
1.926732628535846814e+01
1.935210728191868412e+01
1.881073606079879212e+01
1.913980431450896447e+01
1.934977864017401572e+01
1.917116716914115671e+01
1.919230271284215306e+01
1.939770221786521631e+01
1.928148831973917510e+01
1.918694001377436109e+01
1.917586330338491507e+01
1.964727563829459811e+01
1.892216276367306449e+01
1.953875022869835831e+01
1.906131929949683368e+01
1.878150503670417493e+01
1.896321084326022444e+01
1.904164153802647874e+01
1.914488775599034298e+01
1.978955951145963610e+01
1.906813374438421604e+01
1.895226140052054120e+01
1.928490186524047445e+01
1.955642578568827972e+01
1.908108605537537628e+01
1.912505947261459482e+01
1.911179747707657839e+01
1.965503912066563785e+01
1.883997421985359821e+01
1.921988821047125739e+01
1.941879285976433778e+01
1.959352865862755522e+01
1.895799221242190669e+01
1.894190489796867638e+01
1.909361326601241515e+01
1.926111539833794239e+01
1.911596936934328284e+01
1.901178222757644676e+01
1.853482561810282192e+01
1.936200553358814602e+01
1.928174099348354176e+01
1.939548225256578107e+01
1.907958722288388032e+01
1.974878062527102784e+01
1.914402690808624286e+01
1.912727198546245333e+01
1.956498963327546292e+01
1.885471434953788261e+01
1.901583890102350338e+01
1.903190166239154024e+01
1.894573867988551541e+01
1.907003441974655900e+01
1.897047363407362042e+01
1.925519164312485998e+01
1.877253048042086192e+01
1.924584583262930693e+01
1.925648710621084092e+01
1.943341127765365073e+01
1.956431758468263027e+01
1.958988855651125149e+01
1.906354665113597235e+01
1.952609400048179822e+01
1.955836716686538068e+01
1.935166024019224551e+01
1.911928998017333825e+01
1.929423178532018213e+01
1.920803506775475000e+01
1.918599901987205669e+01
1.956654904756373980e+01
1.901423666729119688e+01
1.916229378326976374e+01
1.904725717773049354e+01
1.887604462060651045e+01
1.879941807369076301e+01
1.912565812230396034e+01
1.936901636345123023e+01
1.900001059961881111e+01
1.916776229756195704e+01
1.943858527104143974e+01
1.924032129914005296e+01
1.900779726857123109e+01
1.910478788999909128e+01
1.892852767366771616e+01
1.940895900148097297e+01
1.866876618947556210e+01
1.910073648688996428e+01
1.870602432536378501e+01
1.914896029151669765e+01
1.939304499716891428e+01
1.883999414079686119e+01
1.950608851587766424e+01
1.925852875430139477e+01
1.976470676555713268e+01
1.917676549224473348e+01
1.914377941979771336e+01
1.935050434733697600e+01
1.894397730419994019e+01
1.960638047713427312e+01
1.913232216312086820e+01
1.884071734845194612e+01
1.945900996999563404e+01
1.902018876278777526e+01
1.946754039417930926e+01
1.934571563539877914e+01
1.943581105859151137e+01
1.936914299296508091e+01
1.954375845679397017e+01
1.970957875117081315e+01
1.909524132047474509e+01
1.908061529886535723e+01
1.903383990269914605e+01
1.884845308419242116e+01
1.947968163503465178e+01
1.933314538518332881e+01
1.932126847878478415e+01
1.907076356698003394e+01
1.958459096077393724e+01
1.968330184964252894e+01
1.912855558844251291e+01
1.950283089985400409e+01
1.912865281392878103e+01
1.943106795460979086e+01
1.920823599734296039e+01
1.948127545559676221e+01
1.914554394315002028e+01
1.914361396091462453e+01
1.951081563902682348e+01
1.911177143573955561e+01
1.933939395551432483e+01
1.923159787764904749e+01
1.870161444998428024e+01
1.900767688085933216e+01
1.891071436149232454e+01
1.945457655159378874e+01
1.901708949891008871e+01
1.899754423864042252e+01
1.947695834562268047e+01
1.907873024805865469e+01
1.913489225084272505e+01
1.912036155550719485e+01
1.907299144156255366e+01
1.928640993943143656e+01
1.934693413690517971e+01
1.868920716319115272e+01
1.908918902045342492e+01
1.892694406810974428e+01
1.878989616753018410e+01
1.928229466279589133e+01
1.948330252191894019e+01
1.923660851584210008e+01
1.937336592276160374e+01
1.933166535477916526e+01
1.933180353195710666e+01
1.958705898115618993e+01
1.967272371962138777e+01
1.904946576884222509e+01
1.978633738267726017e+01
1.948915560169796990e+01
1.906762386365830864e+01
1.915743748784919021e+01
1.942207562250989028e+01
1.944777535505963684e+01
1.908110175857482105e+01
1.955915501495634956e+01
1.982472920858262100e+01
1.919406406445261482e+01
1.883317036590173643e+01
1.942640713599041291e+01
1.907263051083312888e+01
1.955996883916909823e+01
1.899915919720258728e+01
1.906038778409617152e+01
1.928175617534019182e+01
1.921807323273323220e+01
1.953615882150248240e+01
1.878543902067105265e+01
1.928259714134666325e+01
1.955387988186380355e+01
1.933912219195607562e+01
1.921191637724961154e+01
1.954125553000423210e+01
1.955470675255818591e+01
1.943837848425734194e+01
1.907413595288446473e+01
1.930557987243092555e+01
1.923093473319467606e+01
1.896478589653584379e+01
1.913254988224829845e+01
1.889047563352988135e+01
1.911176598011857664e+01
1.938815230248412647e+01
1.951569309129635599e+01
1.957932466864991738e+01
1.920694552161251778e+01
1.941562302375052695e+01
1.948578451514418575e+01
1.894997964295290060e+01
1.934377313298034196e+01
1.905221690974850546e+01
1.925057669368353075e+01
1.915492355102859889e+01
1.900903281594437999e+01
1.928260191222321041e+01
1.928755550995770918e+01
1.966933642485350120e+01
1.959746493726740724e+01
1.929004364181992059e+01
1.937234596191906277e+01
1.901518867988438899e+01
1.923947604770568987e+01
1.913655729887257451e+01
1.936285079710626533e+01
1.916489812800976367e+01
1.919038599127723543e+01
1.918982463643716585e+01
1.898837772176725380e+01
1.917875760836237475e+01
1.938025188436351343e+01
1.944219780468109704e+01
1.912599304897896957e+01
1.902254079131705211e+01
1.964917409477457610e+01
1.905657055961984270e+01
1.909480302095171211e+01
1.950034720129999499e+01
1.912593363260279489e+01
1.978250086080199210e+01
1.875267900049646386e+01
1.922281177178471978e+01
1.954346835573954166e+01
1.919996606782205717e+01
1.937309064247650525e+01
1.926456045159627450e+01
1.964347882512887011e+01
1.886568166764801546e+01
1.938986129346122311e+01
1.981447254658407786e+01
1.931735404957289859e+01
1.942581469396564486e+01
1.943348411431777834e+01
1.917946450839724903e+01
1.958071422518591120e+01
1.931399292427729009e+01
1.933181114168576897e+01
1.925723708805953294e+01
1.926204716204390266e+01
1.943040499330368576e+01
1.898859930584679745e+01
1.912998154816245844e+01
1.878665865233195120e+01
1.849668655422632213e+01
1.944178843049122563e+01
1.948228962124136032e+01
1.893392584660471911e+01
1.993470145980199604e+01
1.885958718240873111e+01
1.907548553847751904e+01
1.928469045254195180e+01
1.937936728436923062e+01
1.957307386586967723e+01
1.968332854373056762e+01
1.947179646090089022e+01
1.955417494199814854e+01
1.906128357490577940e+01
1.932904823209920409e+01
1.948464909016972868e+01
1.974673871068927866e+01
1.919173495351949654e+01
1.961903353641390524e+01
1.901284267218629509e+01
1.940833661060725746e+01
1.890759035200448679e+01
1.911300427627963217e+01
1.970121244549893902e+01
1.941617495428797824e+01
1.973084978121179134e+01
1.908051343906635822e+01
1.966497485876841722e+01
1.939272083779465206e+01
1.924063383892116619e+01
1.913149753805986819e+01
1.890280720125111813e+01
1.895796933224681524e+01
1.929454909389516359e+01
1.909141727622160900e+01
1.935248777604299519e+01
1.973579784352071087e+01
1.918419745564277434e+01
1.939837222707303255e+01
1.887514599680126892e+01
1.882574817539143197e+01
1.894912695601539099e+01
1.903723226311996086e+01
1.925384434565194169e+01
1.919812609254077884e+01
1.935931364283846889e+01
1.904921549090173727e+01
1.980728865128108040e+01
1.918089546994312755e+01
1.910107102840690985e+01
1.950620121234984339e+01
1.916254752596683986e+01
1.911228947569490444e+01
1.900792268949702546e+01
1.928670361662803145e+01
1.938353865066903481e+01
1.889803362307127088e+01
1.828751810333264061e+01
1.920874530913474487e+01
1.933413078082490344e+01
1.940931097141143269e+01
1.941719697086023189e+01
1.918530668133729833e+01
1.875106275461303085e+01
1.945031365785659716e+01
1.945879082417551231e+01
1.927206631733800890e+01
1.918931652227783502e+01
1.967299678576093669e+01
1.891294132002753159e+01
1.884129247941390872e+01
1.951017753736639548e+01
1.905489750651240755e+01
1.996116838259693438e+01
1.967391692338841125e+01
1.889103534753847313e+01
1.954816096113542301e+01
1.958284415055608818e+01
1.934151378818169675e+01
1.928161637785417071e+01
1.892141394348867323e+01
1.955088169031362355e+01
1.900413863208829568e+01
1.929004356288206168e+01
1.889809533941088304e+01
1.944362236953482537e+01
1.959732281850398294e+01
1.954521292751434913e+01
1.878429042459911713e+01
1.894998534109537403e+01
1.978159970832685843e+01
1.866541170522316051e+01
1.956911390124300709e+01
1.904590221358559177e+01
1.942430289854580039e+01
1.897480481678228514e+01
1.923534689980876777e+01
1.968445817465780223e+01
1.932607485696530247e+01
1.939535786010996077e+01
1.883438292835718286e+01
1.914730445234349077e+01
1.929747701670461169e+01
1.895369343607581669e+01
1.894532595413877729e+01
1.879895209936110945e+01
1.920753835603212778e+01
1.928790032425655099e+01
1.975463317539000485e+01
1.920307656779558769e+01
1.877648707523435689e+01
1.869078441642905375e+01
1.932066123076641517e+01
1.945109011673271837e+01
1.951857120473577467e+01
1.871559855171276965e+01
1.944396642796195707e+01
1.893966095719527942e+01
1.966298123693608346e+01
1.971833741758988623e+01
1.945486685888171863e+01
1.918625885798858022e+01
1.877200898326285028e+01
1.938991612184817015e+01
1.908542979068241507e+01
1.891468822138069328e+01
1.923705963421334175e+01
1.915907990194335753e+01
1.886397755049238256e+01
1.922282494498659133e+01
1.937286638622769175e+01
1.936369631440735617e+01
1.948826861335912497e+01
1.947188791885531245e+01
1.937071101932443540e+01
1.954110270824369167e+01
1.944398319179638790e+01
1.936950348553039447e+01
1.946536942746105581e+01
1.954769529401615458e+01
1.878044223855614447e+01
1.933382425544978389e+01
1.934062317736157155e+01
1.945596771874855690e+01
1.889699197939738795e+01
1.886661620904784442e+01
1.923241265837373604e+01
1.898084791430329688e+01
1.957408253827932398e+01
1.951802332844738785e+01
1.913643531683663923e+01
1.899207228414892157e+01
1.943357432517129624e+01
1.934072392283106723e+01
1.936292227165839108e+01
1.922792185347698535e+01
1.926258931044160150e+01
1.957889869753683598e+01
1.922510616930982508e+01
1.926701804717846755e+01
1.936335217490245597e+01
1.928069966406374647e+01
1.966941096912447762e+01
1.928160135799290487e+01
1.904853813905557303e+01
1.955963544580347246e+01
1.916640955769866039e+01
1.904444172985531125e+01
1.887040421149871605e+01
1.891415736353572896e+01
1.949340165564815308e+01
1.942455939754960426e+01
1.938595520795268357e+01
1.955107933643221685e+01
1.963878988402787584e+01
1.941807377518304989e+01
1.911234439128424256e+01
1.890649548421069426e+01
1.952127301334646958e+01
1.941943158124008662e+01
1.884582069729125919e+01
1.911568463320142541e+01
1.872002904399647250e+01
1.968197430080842025e+01
1.944658132457235311e+01
1.949053474557437227e+01
1.925136420479440602e+01
1.885210668497546393e+01
1.951646012897766624e+01
1.922541945898307247e+01
1.917098607632582841e+01
1.901533069440814216e+01
1.956258325136361265e+01
1.865948007769818773e+01
1.936178235287518135e+01
1.963709488160414551e+01
1.950633267200860743e+01
1.908011402253250566e+01
1.893954877928960201e+01
