1.914724731711550021e+01
1.931864280132036882e+01
1.904626558354762977e+01
1.926869331966554100e+01
1.905207335623913423e+01
1.910650463859607839e+01
1.949897136805523701e+01
1.886668539783899234e+01
1.961407516734607626e+01
1.942376740096008803e+01
1.937785426241333653e+01
1.933188383818704281e+01
1.918334100611409099e+01
1.936343235209839975e+01
1.940548836813577793e+01
1.871024101363334324e+01
1.957875133221793007e+01
1.913369090831626096e+01
1.939546001764679417e+01
1.910050019684587141e+01
1.944659519827729000e+01
1.883804542788280045e+01
1.951830726705816588e+01
1.909315187026631477e+01
1.898404405087725522e+01
1.904620377121187502e+01
1.896726817758767680e+01
1.908359239790364015e+01
1.959223742966200277e+01
1.907252634106469813e+01
1.957920702245125000e+01
1.919584612304618076e+01
1.910313774543119436e+01
1.937433981874518452e+01
1.917031140568005299e+01
1.957848941095301853e+01
1.907493109556000377e+01
1.928647633392886362e+01
1.899058690650882397e+01
1.966689693924163507e+01
1.923580011409806900e+01
1.888252035900781678e+01
1.922833573173997479e+01
1.948536963436694336e+01
1.915146066895802690e+01
1.884831192087734308e+01
1.872549203654300243e+01
1.940415267060883764e+01
1.899010633837061235e+01
1.927043265866963040e+01
1.902709375878309928e+01
1.953287751596673516e+01
1.880643456538508573e+01
1.929571752678367247e+01
1.945306553005793759e+01
1.893663507533359436e+01
1.913935269089222402e+01
1.911995315771875781e+01
1.917234100823782939e+01
1.928073980689422129e+01
1.920443394261393522e+01
1.951594081789797386e+01
1.935499948499625233e+01
1.921130564798428608e+01
1.925918208251069430e+01
1.861937951954219983e+01
1.924655078381956130e+01
1.946956429295628155e+01
1.899621235933568997e+01
1.934338949674424057e+01
1.944552570850061457e+01
1.879630080113844315e+01
1.937801586487546501e+01
1.905348654480435400e+01
1.938813097670159991e+01
1.905723606230930756e+01
1.919144316670105610e+01
1.939189441523367918e+01
1.969661234974686437e+01
1.950587195825935893e+01
1.937363177443284101e+01
1.915102366789967903e+01
1.966404133928861242e+01
1.932732844074919143e+01
1.957768816607392637e+01
1.957804156374908189e+01
1.924177112051227212e+01
1.932840133764932844e+01
1.925779676218535386e+01
1.983932539562042408e+01
1.939986542393254254e+01
1.914732407649301038e+01
1.961187863618240357e+01
1.888910783947853034e+01
1.908246639167416348e+01
1.939439809923612401e+01
1.936029198421736197e+01
1.963169064453075308e+01
1.885759186425398681e+01
1.956104264739421339e+01
1.920722972197355460e+01
1.920396637568319420e+01
1.939503379842622977e+01
1.903021311834286777e+01
1.997684127507610796e+01
1.914383759234295113e+01
1.910363340905739804e+01
1.905090559320567678e+01
1.928605931928559869e+01
1.922564512867818109e+01
1.948478398965593783e+01
1.923175385583089891e+01
1.925336827854176391e+01
1.904436436449104875e+01
1.952076133472169772e+01
1.898694075209013121e+01
1.902254045198321819e+01
1.907241605266557727e+01
1.902552409121588539e+01
1.883171916080275921e+01
1.928908751644854647e+01
1.935455406495439590e+01
1.925642191035412409e+01
1.876618303401072296e+01
1.926845530023699027e+01
1.919149242864930471e+01
1.899526805764469017e+01
1.884476845722658922e+01
1.926199176045110306e+01
1.957259808063027506e+01
1.957529279274697132e+01
1.906366708788904063e+01
1.920036971929888381e+01
1.923122595155254899e+01
1.922607538432590957e+01
1.890918385799536239e+01
1.940071384056882309e+01
1.894795556868818309e+01
1.964545063546947290e+01
1.948279835471078769e+01
1.973461828775313265e+01
1.909644088979032972e+01
1.936765255154070431e+01
1.926964209858403976e+01
1.912171584574866401e+01
1.905423221202287110e+01
1.915731805377874863e+01
1.917390616471226750e+01
1.904355420243174990e+01
1.918905524900010207e+01
1.900856212867591211e+01
1.929344750003996367e+01
1.908913158865635751e+01
1.975722404421959766e+01
1.886711974683166204e+01
1.945266857388933346e+01
1.907176603186495356e+01
1.941716673408834382e+01
1.893507405552812983e+01
1.882947025702372557e+01
1.931610654291315043e+01
1.940088947065094871e+01
1.938394197045376544e+01
1.948539794140734926e+01
1.895926545356408255e+01
1.953459401403728180e+01
1.968404057383495953e+01
1.900147267361329639e+01
1.879786592940659773e+01
1.931518539518940258e+01
1.921041104452822168e+01
1.942364968971351047e+01
1.897092905112541317e+01
1.967104492789285075e+01
1.931375092524829284e+01
1.914437348434649522e+01
1.919711774661422510e+01
1.975335936931136160e+01
1.903209547180638950e+01
1.979254710167599285e+01
1.959610022493592751e+01
1.910614004624490292e+01
1.895467046244936427e+01
1.938516701245777796e+01
1.888196062581841161e+01
1.967705895407288708e+01
1.909732225310629516e+01
1.937644557595687900e+01
1.927903812986186693e+01
1.918352070114929830e+01
1.892760725202024830e+01
1.981941722826372754e+01
1.959840145125285105e+01
1.933749270025763778e+01
1.921149016919347119e+01
1.944638354321232754e+01
1.953503755943643938e+01
1.916396846407244325e+01
1.906802152221030511e+01
1.937043258694328784e+01
1.893078028528467627e+01
1.834048461577702582e+01
1.912038608017226338e+01
1.924396226429516688e+01
1.889561195960302697e+01
1.948164531781367970e+01
1.944256935259984331e+01
1.889646769194862941e+01
1.946054392808254008e+01
1.962593140348719700e+01
1.882149394665407982e+01
1.937990626991616594e+01
1.927341463639772456e+01
1.914890836805964724e+01
1.984824222497530499e+01
1.933864009767179581e+01
1.919589026186791614e+01
1.921923966265370609e+01
1.925347774559774550e+01
1.945855661797703817e+01
1.963328827818244449e+01
1.911541711608602867e+01
1.930302463490838605e+01
1.950443224213158189e+01
1.883542373597688524e+01
1.939074548419233324e+01
1.926006347443565048e+01
1.938957412904978383e+01
1.972991305679986240e+01
1.954988027713005749e+01
1.972192433977118853e+01
1.897371524214236516e+01
1.953888466560844606e+01
1.937953277201676272e+01
1.892519807930778697e+01
1.939821011013750507e+01
1.946034454594436269e+01
1.955170538716243556e+01
1.904311553245511490e+01
1.920968152241762894e+01
1.909799950116816447e+01
1.947006223432859429e+01
1.922759125327873164e+01
1.975162255484375251e+01
1.891241644108487208e+01
1.921782041567687571e+01
1.909281063944893120e+01
1.911482900889219039e+01
1.980977271821355501e+01
1.901911952986092658e+01
1.937926278645414513e+01
1.906550070694274268e+01
1.940435796631984289e+01
1.925420637130355672e+01
1.937495661776340938e+01
1.934702346234617210e+01
1.931239256272712979e+01
1.908927658252631687e+01
1.927362435503405891e+01
1.925099703256094230e+01
1.954768454767584984e+01
2.014395033240107935e+01
1.944853712022422343e+01
1.955488373975837035e+01
1.969508780708044782e+01
1.903725332786245517e+01
1.899796238014880245e+01
1.894918029671887538e+01
1.925292934791448118e+01
1.888512316517918777e+01
1.924987232471949028e+01
1.939279060270819954e+01
1.877743347262528673e+01
1.902966207686255729e+01
1.917850375343639868e+01
1.900190803969313791e+01
1.927465505631067089e+01
1.943220585197168404e+01
1.935636043475080115e+01
1.927765287654100135e+01
1.918337759938388132e+01
1.949494497175008689e+01
1.935312334894928910e+01
1.948797715728872149e+01
1.889065967279246649e+01
1.926264394961024351e+01
1.914527136705307342e+01
1.907493701818290077e+01
1.882900893823099864e+01
1.945159678853146090e+01
1.962933279920290275e+01
1.951233470183651164e+01
1.892922784549765325e+01
1.913481807045610950e+01
1.949028281701882648e+01
1.906503211143455090e+01
1.915541962528017095e+01
1.901059736726170257e+01
1.926099307697143459e+01
1.914303629055356382e+01
1.910109765114837899e+01
1.885336284506453097e+01
1.966918272683358282e+01
1.939790384890828889e+01
1.938679871290927537e+01
1.940521998269539594e+01
1.896735000778904023e+01
1.890689659458899641e+01
1.954211413367627515e+01
1.946238472687586807e+01
1.953606557877677830e+01
1.926758743504588267e+01
1.906990402255000561e+01
1.950942125863910803e+01
1.887881241953927614e+01
1.943776677351768711e+01
1.919775317997744679e+01
1.990852303873966278e+01
1.937918635426995806e+01
1.959473291479743651e+01
1.945614016436717009e+01
1.940261112684716593e+01
1.951350704917386736e+01
1.918331286331446250e+01
1.925092378192627152e+01
1.980106841689176278e+01
1.896780029082888319e+01
1.922632372310268067e+01
1.890376101692242727e+01
1.963056391635850062e+01
1.944538764344970261e+01
1.909627028298266538e+01
1.940512911006016950e+01
1.934756446338392522e+01
1.926548927397633193e+01
2.019099306384401871e+01
1.903619149899873975e+01
1.945520032319236137e+01
1.922738955464000199e+01
1.914037600095121050e+01
1.933857143559948000e+01
1.873408211000698032e+01
1.892720341894598235e+01
1.911884323276019160e+01
1.947069874246154697e+01
1.906304626369979971e+01
1.928650545206945566e+01
1.900671166964459857e+01
1.897888347818278376e+01
1.924159159633013516e+01
1.940247719586518116e+01
1.961459039646596736e+01
1.912005197167632531e+01
1.918259591906466000e+01
1.919785392004497027e+01
1.927573252777845525e+01
1.853062504841209801e+01
1.922760778279334559e+01
1.867170901537982886e+01
1.937858777759836926e+01
1.971714790886871782e+01
1.964596257242363819e+01
1.913668402496321619e+01
1.938356013478638928e+01
1.895794085670796392e+01
1.910324573461068098e+01
1.892406705441134918e+01
1.962669516027166949e+01
1.948907963308739610e+01
1.919856753562075369e+01
1.947088293485542820e+01
1.881577286267928883e+01
1.916235949857049548e+01
1.940837231676844965e+01
1.944478905164816851e+01
1.942224823644431808e+01
1.890556714532835869e+01
1.933585767636282071e+01
1.899816747069651512e+01
1.947356438178877625e+01
1.903440176489362301e+01
1.951573100663760840e+01
1.925337624776059542e+01
1.943327121513884137e+01
1.936776710236885535e+01
1.946180659170096305e+01
1.914936335991161087e+01
1.953645589275047101e+01
1.900438526742865974e+01
1.962321646018634169e+01
1.921550181455840800e+01
1.947143965973329216e+01
1.919549328263462229e+01
1.903060380717263556e+01
1.911795467519421621e+01
1.944514703268018607e+01
1.956644659172542688e+01
1.917788715971229863e+01
1.898583768761343293e+01
1.917106516514674297e+01
1.945906589155954691e+01
1.903097332321192070e+01
1.978884470641768800e+01
1.936460055423147253e+01
1.950997174128770340e+01
1.960966303187647242e+01
1.911800424087172701e+01
1.913517401526130257e+01
1.898994320544882086e+01
1.940530730311497365e+01
1.931733668991621045e+01
1.957984729066648555e+01
1.893610063132560128e+01
1.922104923329348125e+01
1.951978020214319542e+01
1.987712484644796263e+01
1.946165388488084602e+01
1.930125380672884816e+01
1.915740346847569242e+01
1.900256217211148524e+01
1.886416783460342117e+01
1.960290154677290531e+01
1.979376029889361632e+01
1.928640018133582856e+01
1.911233231087086182e+01
1.911010756051375026e+01
1.975017532299089140e+01
1.901886150278663479e+01
1.969752878052795708e+01
1.960005739906787880e+01
1.906997352248446020e+01
1.994190712229660889e+01
1.942790534377261480e+01
1.951764473342925399e+01
1.898932753318954170e+01
1.924942136487694810e+01
1.878377273744028386e+01
1.902689188965714706e+01
1.940589782746992853e+01
1.934281182547605837e+01
1.894669508717366924e+01
1.945126375094858417e+01
1.919633309361896778e+01
1.919250537959745273e+01
1.921992750168449149e+01
1.936094300505016719e+01
1.942572012095657286e+01
1.917826725552424350e+01
1.900581007269775924e+01
1.938795625604322481e+01
1.907626567664272699e+01
1.926395243668923740e+01
1.908423536129469866e+01
1.908006033138682511e+01
1.902593086243438592e+01
1.946904656947313583e+01
1.932859887846272429e+01
1.913948468564841221e+01
1.936874709313133636e+01
1.947278077412564201e+01
1.936074080453080981e+01
1.908788823873811324e+01
1.908756071455745129e+01
1.947553002418932877e+01
1.875111646327640713e+01
1.974678341726529851e+01
1.873317667834609068e+01
1.920329858678574908e+01
1.934872387412779204e+01
1.932021231140620188e+01
1.903039382191057172e+01
1.859099879449721016e+01
1.973272511037892230e+01
1.941024803656971898e+01
1.945936056350845789e+01
1.878327584113317883e+01
1.960619029667708446e+01
1.896261441713648566e+01
1.929776309095427322e+01
1.936018656666750459e+01
1.919593109675430753e+01
1.889629711596507988e+01
1.903515626525141968e+01
1.889687430603356333e+01
1.899409437639017284e+01
1.958716092656873187e+01
1.971244608124694864e+01
1.928073388888702056e+01
1.932117850139351845e+01
1.955516939528314069e+01
1.920761802357695558e+01
1.895043873895999909e+01
1.930092610538351394e+01
1.928394097371877436e+01
1.984040144085007995e+01
1.906433345889768916e+01
1.890699560321111861e+01
1.919801310950695594e+01
1.900218645185819710e+01
1.915160772306190040e+01
1.895739697450554218e+01
1.975782095386701442e+01
1.913086924598325211e+01
1.947170273967690335e+01
1.911848151678524488e+01
1.967539888805490023e+01
1.930838986453654726e+01
1.902574896893688106e+01
1.928593869201489852e+01
1.899276743522875677e+01
1.874091131859518100e+01
1.895138570784592247e+01
1.952732687757813324e+01
1.934484875095795431e+01
1.953771972779875910e+01
1.951052727407468979e+01
1.895349033680431461e+01
1.933756049479677941e+01
1.932491670379209125e+01
1.872339505456561071e+01
1.962248027741079781e+01
