1.957542914197649608e+01
1.815766348700918797e+01
2.084081939309465170e+01
1.962057763002146871e+01
1.900943246604700221e+01
1.952114251621545904e+01
1.930649357601840777e+01
1.913747431062672888e+01
1.849327074166372498e+01
1.893490321635097828e+01
1.944383344480876019e+01
1.908169404207676934e+01
1.930299284632710410e+01
1.849385482833624295e+01
1.891003343646383783e+01
1.885415173958643820e+01
1.896976045168479885e+01
1.912497442867816844e+01
1.860226507673858976e+01
1.974557677207510409e+01
1.868529596869311860e+01
1.923922354091135389e+01
1.901058337207686577e+01
1.769094363139862480e+01
1.948679427813700471e+01
1.991850074612551325e+01
1.923883974756465065e+01
2.007719474182518482e+01
1.870364437207892294e+01
2.037719225355654373e+01
1.916255683227388928e+01
2.022410672030942891e+01
1.973162228763566617e+01
1.933757986113110405e+01
2.015103832775477954e+01
1.834529924690008329e+01
1.863487526039306985e+01
1.992786020151284276e+01
1.911032104630659489e+01
1.917307227290157101e+01
1.860624703728870344e+01
1.970142902480662883e+01
1.935052304195410855e+01
1.821719708236273405e+01
1.869663038850271164e+01
1.895465281113757072e+01
1.949223959250191740e+01
1.812284575550194532e+01
1.887792378739680998e+01
1.982649294855145783e+01
1.869334710686226941e+01
1.944047014908927196e+01
1.973675799400295361e+01
1.900395359492223690e+01
1.896699977116258751e+01
1.884363879984226386e+01
1.951732443635864911e+01
1.869259764400925761e+01
1.846742887927409882e+01
1.959076876392609989e+01
1.949571410517734193e+01
1.904313746883226699e+01
1.793685532604784783e+01
2.045126192825337341e+01
1.945845956412952660e+01
1.816610395168795478e+01
1.924834619351604559e+01
1.836478791812591993e+01
1.913148423381891661e+01
2.001420255956032435e+01
1.912157220848759209e+01
1.904565364796816596e+01
1.918605416486487414e+01
1.867927638138326074e+01
1.973205049145033385e+01
2.031512038271305087e+01
1.909470880122722392e+01
1.871879970286782680e+01
1.883822029195357928e+01
1.925857052313519091e+01
1.795902366290313878e+01
1.995430471397143180e+01
1.917056388490637531e+01
1.879385979380937854e+01
1.934200322571103925e+01
1.887710465562934559e+01
1.816473304537177924e+01
1.915064006375480687e+01
1.908287085996543553e+01
1.861040228107035688e+01
1.924475335332219927e+01
1.926727224512469405e+01
1.886423193789103792e+01
1.936262335552365954e+01
1.881593299606257474e+01
1.947857095810722683e+01
1.871063310709379834e+01
1.998113699903140272e+01
1.908266744102033741e+01
1.857909227876869451e+01
1.994570852867200372e+01
1.857346254907632144e+01
2.028098668164676965e+01
1.978633470882139278e+01
1.834797190125616595e+01
1.896976613622125996e+01
1.955010739833987188e+01
1.957229700981223885e+01
2.006556161501583091e+01
1.867878283891343472e+01
1.941401398410031476e+01
1.959619014246051449e+01
2.026179918614307596e+01
1.966686465798245109e+01
1.856799288010427418e+01
1.913782253872912875e+01
1.885027796853191262e+01
1.926783265906772158e+01
1.885238717621274418e+01
1.927270621803186046e+01
1.974778937177596916e+01
1.854930595652387737e+01
2.019542533743812740e+01
1.932121150832322698e+01
1.939769282046866294e+01
1.903510560887514558e+01
1.879170053537465179e+01
1.931193154988655891e+01
1.836141779373066640e+01
1.910631640975167045e+01
1.845958877124325070e+01
1.972321515935827207e+01
1.990170755284292170e+01
1.880119745675617082e+01
1.893745745213478315e+01
2.006158942874125373e+01
1.922522983755318293e+01
1.945958831104249498e+01
1.843437984293115761e+01
1.965614119855841579e+01
1.880651020781342098e+01
1.922563586376845990e+01
1.843736807393326416e+01
1.883171010236058862e+01
1.943626586603220474e+01
1.920952708914828477e+01
1.962269858134832745e+01
1.895823570003263825e+01
1.882746767124052312e+01
1.895924939545848176e+01
1.972135531465538349e+01
2.030579010679919705e+01
1.873336917646731692e+01
1.955507771628492719e+01
1.939322625914493514e+01
1.915719517577599618e+01
1.981683105662813205e+01
1.836615262671529791e+01
1.973534265104632723e+01
2.003086212434989832e+01
1.899975704648243990e+01
1.898273760071856131e+01
1.967296694221316855e+01
1.941635185188364687e+01
1.988292825539262054e+01
1.979450228141760348e+01
1.924695757798073359e+01
1.890946025379212259e+01
1.855396803964320185e+01
1.919146672990827085e+01
1.933062739922093698e+01
1.903235817444630129e+01
2.040051916242509478e+01
1.901125559947957555e+01
1.946533902055231025e+01
1.900478320954146128e+01
1.944572482696411697e+01
1.956891624766176108e+01
1.850632820246021737e+01
1.917214030999183194e+01
1.918762452538795671e+01
1.970878326316666218e+01
1.916904140607354989e+01
1.892447226270300931e+01
1.959675683878608865e+01
1.869867274909277555e+01
1.955198595814130158e+01
1.935560059552195611e+01
1.977303625428709566e+01
1.932264785664166951e+01
1.915526515481782610e+01
1.844708180216629501e+01
1.919913914612189743e+01
1.839916251516503465e+01
1.841325368649878058e+01
1.912979525169332007e+01
1.998117541470581315e+01
1.953865462495111061e+01
1.945015928972727792e+01
1.903109893423713928e+01
1.967380147889243247e+01
1.952075409980006526e+01
1.828454623328953943e+01
1.950883004631966955e+01
1.961813293282626347e+01
1.982352381882686743e+01
1.909222291432155316e+01
1.983137424312132779e+01
1.920296303154768225e+01
2.004196760616876105e+01
1.904493991517646023e+01
1.991709547357480403e+01
1.983111602458619771e+01
2.018456623230738245e+01
1.914006639348576400e+01
1.867646829888351334e+01
1.883563972600314429e+01
1.908785216791407890e+01
1.962319967970683976e+01
1.900816039258301871e+01
1.943344304701527392e+01
1.997690411201002192e+01
2.017536430126972746e+01
1.944132569330455240e+01
1.883291086949398974e+01
1.753814709969805108e+01
1.904076634169950211e+01
1.958476739432689584e+01
1.904310068287734481e+01
1.965852870808633668e+01
1.910199330986766597e+01
1.879133573381180611e+01
1.994212563771861824e+01
2.013531075688750960e+01
1.951606109088455554e+01
1.872392576283381160e+01
1.897738032586871526e+01
1.927077292866567149e+01
1.947075418868601915e+01
1.935605582216456000e+01
1.962383863705322540e+01
1.947965843936391295e+01
1.915729811111470582e+01
1.981495789853569889e+01
1.805305005173781652e+01
1.855865891366450171e+01
1.826429942255548511e+01
1.903040987558134489e+01
1.882469561925450208e+01
1.855902849196987958e+01
2.027621147575562688e+01
1.909287837716942704e+01
1.938780438943286200e+01
1.815128410232319212e+01
1.858463840492397878e+01
1.948239168678975375e+01
1.892627534574557302e+01
1.936672017348095309e+01
1.956520222678899756e+01
1.967456162887856763e+01
1.929685740425487595e+01
1.892080912880313903e+01
1.884342856170471592e+01
1.893207549777695320e+01
1.784673154633589576e+01
1.983418281273810635e+01
1.866854049734300247e+01
1.865263428346775143e+01
1.953299518345433228e+01
1.835104553564728036e+01
1.910710182223337839e+01
1.994253504551632972e+01
1.976830236272102326e+01
1.957057787888043521e+01
1.886996848019050788e+01
1.915940802178457503e+01
1.924189817191330931e+01
1.925773977719917696e+01
1.940074067851001516e+01
2.049397169972341359e+01
2.026300395258287068e+01
1.955296512530283337e+01
2.066937734190016585e+01
2.060021643834907934e+01
1.921045762896893194e+01
1.954431455306613685e+01
1.877773195659148087e+01
1.960161644810188974e+01
2.060576984330618799e+01
1.957129315257655833e+01
1.977796012931727887e+01
1.874763527435789001e+01
2.060211896446892510e+01
1.929765046456058641e+01
1.942310832683286748e+01
1.943534872586469930e+01
1.850869516914735158e+01
1.956902350008864389e+01
1.881991044808647828e+01
1.930111351530119990e+01
1.945997594922570073e+01
1.934437713832715033e+01
1.994733688658521586e+01
1.907182711331137881e+01
1.902802209987802229e+01
2.048630928839389753e+01
1.847834484964204904e+01
1.818344744678395131e+01
2.000321031880147160e+01
1.870880870546129415e+01
1.889461439249839358e+01
1.978143057975011487e+01
1.851432460368213384e+01
1.874898109609898356e+01
1.980128360701291612e+01
1.943703354525369065e+01
1.956247376667459292e+01
1.872720421688728365e+01
1.990512853669113369e+01
1.967510994096694077e+01
1.883901151924076700e+01
1.911124662233071092e+01
1.928857670524813983e+01
1.913987605905118272e+01
1.883765225972119239e+01
1.848347161398629268e+01
1.927616087254483190e+01
2.032178810505747180e+01
1.859657893906377879e+01
2.018356760588472909e+01
1.978883478555411557e+01
1.895201818546116002e+01
2.053138392097470799e+01
1.877574836589012719e+01
1.864023959760036675e+01
1.879376850904592899e+01
1.838587280949006342e+01
1.956694708848948494e+01
1.904727740605274988e+01
2.016576637649757586e+01
1.853253885167080028e+01
1.958648459965643340e+01
1.958928356274302729e+01
1.918321644984360574e+01
1.964133414694394375e+01
1.880241962350722673e+01
1.952788757333430425e+01
1.896923931473610736e+01
1.919056023716675696e+01
1.850348268980613753e+01
1.988163681192728305e+01
1.936036532970187096e+01
1.983362539627646015e+01
1.841652702684743304e+01
1.943190047092685546e+01
1.950039026406628651e+01
1.944936756462703542e+01
1.966208809254517220e+01
1.963588201912712350e+01
1.912563500260809946e+01
2.025776497324916292e+01
1.909159112004696723e+01
1.886584162845696611e+01
1.934739034283931858e+01
1.932485476137089719e+01
2.033895073403098053e+01
1.936300190706144164e+01
1.840257089679982272e+01
1.939255457462982335e+01
1.918188675993448555e+01
1.940186476412884531e+01
1.883422738344458836e+01
1.907525616511230737e+01
1.985276920002368328e+01
1.908273951888997289e+01
1.912636732367473158e+01
1.907756242867944252e+01
1.923245542751527282e+01
1.815137569820981867e+01
1.927332664115533234e+01
1.857129911216469864e+01
1.976051912043681469e+01
1.959134274927038533e+01
1.891171992703219118e+01
1.995217561429953079e+01
1.948675162855696286e+01
1.948381938106148681e+01
2.003713199636268527e+01
1.919257247844400638e+01
1.988726500739584679e+01
2.003511415464848255e+01
1.879649903433882940e+01
1.806856282425701465e+01
2.029131048647077762e+01
1.858881374061739677e+01
1.906346927939233282e+01
1.910878128481791904e+01
1.906078838765761319e+01
1.964158428746528173e+01
1.958320109873490367e+01
1.972656008731296140e+01
1.996171212112821891e+01
1.929802306529821720e+01
1.827974652322984284e+01
1.891957377538408025e+01
1.925021056094112737e+01
1.913806796074602445e+01
1.889359346613449375e+01
1.908331507292216855e+01
1.887718706975472216e+01
1.908112417913234538e+01
1.946267989399657594e+01
1.899542434489282527e+01
1.943178843870909844e+01
1.962767085767591269e+01
1.907456286641217247e+01
1.854138360824244103e+01
2.010567372528785413e+01
1.987463493323012287e+01
1.836453862405291915e+01
1.970496032645458229e+01
1.994454596435488014e+01
1.875976873474966666e+01
1.951951668557147102e+01
1.826853703972683363e+01
1.838360324128640499e+01
1.959936746132105867e+01
1.920659445935134713e+01
1.760492214696233759e+01
1.912218155396601205e+01
1.920207676386172935e+01
1.931845591816425411e+01
1.992096561086621165e+01
1.977625500604120390e+01
1.941804202128810530e+01
1.993599790100666880e+01
1.950031970587363617e+01
1.948521238295560920e+01
1.907369362550725356e+01
1.960046473455413008e+01
1.823438879330772622e+01
1.898937929559174265e+01
1.987406081938518909e+01
1.850854832988305176e+01
1.927024614692356863e+01
1.815187016226493810e+01
1.922683862417575895e+01
1.989403973087578237e+01
1.875139327385202037e+01
1.773262492680630231e+01
1.860620759663589396e+01
1.861350318213927224e+01
2.033841501876796443e+01
1.865532870115514186e+01
1.860072596553099444e+01
2.027105850050597624e+01
2.001566362521266029e+01
2.017896979143013425e+01
1.988443877066132615e+01
1.973514663464580821e+01
1.943204631870833765e+01
1.948620168832153965e+01
1.939927948103816036e+01
1.921066143057806741e+01
1.966291076726614406e+01
1.982463779138353743e+01
1.875768235088646207e+01
1.890811732361993336e+01
1.903054813963121461e+01
1.933870801874105894e+01
1.924624412470711121e+01
1.933744083067605857e+01
1.936647431505434724e+01
1.904964305379108325e+01
1.956365112769916337e+01
2.004371192288548187e+01
1.921483916565280126e+01
1.883133173301243701e+01
1.845874332053479705e+01
1.855394295782609859e+01
1.966197324344161146e+01
1.974750877466986410e+01
1.995016092636921812e+01
1.973599846606673580e+01
1.907273090543334959e+01
1.869768567378526214e+01
1.853746317530437793e+01
1.878791143223535443e+01
1.883155794384504489e+01
1.883090739695006732e+01
1.923083396667985312e+01
1.893274704294531219e+01
1.896950919863049378e+01
1.887403869602981388e+01
1.996921611559143628e+01
1.866443406094666457e+01
1.910622194036975330e+01
1.852849779040310452e+01
1.811941277028437369e+01
1.944413995299285602e+01
1.898131892902459228e+01
1.938556249966782374e+01
1.947644324553399997e+01
1.879988574969397774e+01
1.831449836920221941e+01
1.984878039000504657e+01
1.855017416258968765e+01
1.891810502245447267e+01
1.894174881699110458e+01
1.847788822594034031e+01
1.769630665635269651e+01
1.840379465529992586e+01
1.924491733332107302e+01
1.939197987636266873e+01
2.015035326340243316e+01
1.933636640849566035e+01
1.818895019227317533e+01
1.924600768108593485e+01
1.935687713975347890e+01
1.831545382892502261e+01
1.840529029222357238e+01
1.846516422097750265e+01
1.933544459124209780e+01
2.012666651027061704e+01
1.869698410793199272e+01
1.944783137776107296e+01
1.945142061593150729e+01
1.904349728091328942e+01
1.851064631070426358e+01
1.976757088962369124e+01
1.876614758387014703e+01
1.871544707995809276e+01
1.903735767702102422e+01
1.879925251771075168e+01
1.871394179160173010e+01
1.986659529420753145e+01
1.875636707603187858e+01
1.862793045899140765e+01
1.881628444315440163e+01
1.865038215980234071e+01
1.863824778276201499e+01
1.835772873847739106e+01
2.017185407123502472e+01
1.892536025139467171e+01
2.042896785641473656e+01
1.887668906555306236e+01
2.029322256534193158e+01
1.864056392517472105e+01
1.885743421391866192e+01
1.980435515432432680e+01
1.869719142353995167e+01
1.998005893685737533e+01
1.917074226603854115e+01
1.911383658708400546e+01
1.865220370521409876e+01
1.856578299634019302e+01
1.993198307028787397e+01
1.959246631562977825e+01
1.955808485545409781e+01
1.885970078841726760e+01
1.950641384967927294e+01
1.970266873454796297e+01
1.909043884407238068e+01
2.096204771945281919e+01
1.948242872986295282e+01
1.882567785592363308e+01
1.878673043121055031e+01
2.080652083768246996e+01
1.929475569001298751e+01
1.941449556677140365e+01
1.931085133157649381e+01
1.951262161435253262e+01
1.904934056526743191e+01
1.852515170993492788e+01
1.848694484706017960e+01
1.908714735017192865e+01
1.992055186589038485e+01
1.976851341783243043e+01
1.782802845483034204e+01
1.966475708766923347e+01
1.878186654131140187e+01
1.996853511166860429e+01
1.997342359119344124e+01
1.935899282778031960e+01
1.887987839646032029e+01
1.949248001374629169e+01
1.909997772287510287e+01
1.868194263474223860e+01
1.968627468125500002e+01
1.882343289416805732e+01
2.009048669780744945e+01
1.869892331316568956e+01
2.033471938708560600e+01
1.917901158759882563e+01
1.914617471593142639e+01
1.949141429884225829e+01
1.963251028651416874e+01
1.831483932399710568e+01
1.945978899931200345e+01
1.878366873752308308e+01
1.872397783186887921e+01
2.016258845579932668e+01
1.937503266898323417e+01
2.030800247105620571e+01
1.851589462415366683e+01
1.879191403798635918e+01
1.974062030132845180e+01
2.028212924150235352e+01
1.807494000289283775e+01
1.979812802451844789e+01
2.049041344484855642e+01
1.906311731567758727e+01
1.887631983416697068e+01
1.924750742805619197e+01
1.908285721473734853e+01
1.868736836759525488e+01
1.998088359540239622e+01
1.886611987346868702e+01
2.019033889120825975e+01
1.883084670486112699e+01
1.867605411953311290e+01
2.062988828568699518e+01
1.923209015335363858e+01
1.821720724191149543e+01
1.951841293762761964e+01
1.935851427509580347e+01
1.944242358209649524e+01
1.874040987085275134e+01
1.887421333115604227e+01
1.892638446902106608e+01
1.959185801762344070e+01
1.896591760824313511e+01
1.913625560549693816e+01
1.866407003850062196e+01
1.794471350242118035e+01
1.892890525201498875e+01
1.985749221752051952e+01
1.881577180434441132e+01
1.910424619954352110e+01
2.015246357800974053e+01
1.824183083261210570e+01
1.936919231015360410e+01
1.856312466139515749e+01
1.801011559977341392e+01
1.900994190308509246e+01
1.972250916204233206e+01
1.980129624816639122e+01
1.967559835598970963e+01
1.947794994487492204e+01
1.962143339143770504e+01
1.860154966294333434e+01
1.863850452040369632e+01
1.880327782727390584e+01
2.027618854523196390e+01
2.023285894506355831e+01
2.000014751623819720e+01
2.034863706775913172e+01
1.954807273657694466e+01
1.923987448713921822e+01
1.888111736608495050e+01
1.923823857861190589e+01
1.897432263638775396e+01
2.011511457355251409e+01
1.892540511137947590e+01
1.915285145407267109e+01
1.945078517069752522e+01
1.929852414637123204e+01
1.922112912612539404e+01
1.985874389326169975e+01
1.918461182598131742e+01
1.997225528046790188e+01
1.901322849572965268e+01
1.875928966205058757e+01
2.001686589645968795e+01
1.904371262671704912e+01
1.995170813741567173e+01
1.954059888544885482e+01
1.965077415428228846e+01
1.834737205923952885e+01
1.891456679146416064e+01
1.954029476862760362e+01
1.938957205187804078e+01
1.964258033522964553e+01
1.987487247861445283e+01
1.965685153209279790e+01
1.974882140543628495e+01
1.860388693565688456e+01
1.971124190495300255e+01
1.951105287462303295e+01
1.815088900963606733e+01
1.992311003909130562e+01
2.025625362616417391e+01
1.907551712887645934e+01
1.863991358705987267e+01
1.959752901180540618e+01
2.072995045713201989e+01
1.998494379441467572e+01
1.830099459371099613e+01
1.921035507292902267e+01
1.903122889893628056e+01
2.027895608960011842e+01
1.999855387526410055e+01
1.893677830202431878e+01
2.003791395478605253e+01
1.926673522536028216e+01
1.876285221457591845e+01
1.966459328695388820e+01
1.898925767382518970e+01
1.915508004568972211e+01
1.965338041360780963e+01
