1.919596800000000059e+01
1.947035199999999833e+01
1.904055999999999926e+01
1.906379199999999940e+01
1.934116799999999969e+01
1.926231999999999900e+01
1.943568000000000140e+01
1.906871999999999900e+01
1.896769600000000011e+01
1.916340800000000044e+01
1.934028800000000103e+01
1.922940799999999939e+01
1.910022400000000076e+01
1.945222400000000107e+01
1.929558400000000162e+01
1.908966399999999908e+01
1.919966399999999851e+01
1.933377600000000029e+01
1.917555199999999971e+01
1.871548800000000057e+01
1.959179200000000165e+01
1.933465599999999895e+01
1.908368000000000109e+01
1.932057599999999908e+01
1.952227200000000096e+01
1.916903999999999897e+01
1.965620799999999946e+01
1.931406399999999834e+01
1.915654400000000024e+01
1.942864000000000146e+01
1.937918399999999863e+01
1.900307199999999952e+01
1.924947200000000080e+01
1.939396800000000098e+01
1.859932799999999986e+01
1.907188800000000128e+01
1.924683200000000127e+01
1.900993599999999972e+01
1.936475199999999930e+01
1.964776000000000167e+01
1.964001599999999925e+01
1.931916800000000123e+01
1.957419200000000004e+01
1.906062400000000068e+01
1.922043199999999885e+01
1.892985600000000090e+01
1.940048000000000172e+01
1.938833599999999890e+01
1.909670399999999901e+01
1.913383999999999929e+01
1.919104000000000099e+01
1.895748800000000145e+01
1.918083199999999877e+01
1.883217600000000047e+01
1.937795200000000051e+01
1.904848000000000141e+01
1.923943999999999832e+01
1.911113599999999835e+01
1.961871999999999971e+01
1.905710399999999893e+01
1.947263999999999839e+01
1.916340800000000044e+01
1.926584000000000074e+01
1.932039999999999935e+01
1.947915199999999913e+01
1.925844800000000134e+01
1.949956800000000001e+01
1.947334400000000088e+01
1.927974400000000088e+01
1.934415999999999869e+01
1.920635199999999898e+01
1.936158400000000057e+01
1.909687999999999874e+01
1.945398399999999839e+01
1.904478399999999993e+01
1.949217600000000061e+01
1.961784000000000106e+01
1.937566400000000044e+01
1.955799999999999983e+01
1.923838399999999993e+01
1.922465599999999952e+01
1.937108800000000031e+01
1.961537600000000126e+01
1.961132800000000032e+01
1.911711999999999989e+01
1.920335999999999999e+01
1.937689599999999857e+01
1.938763199999999998e+01
1.903264000000000067e+01
1.903528000000000020e+01
1.912222399999999922e+01
1.907804799999999901e+01
1.913225600000000171e+01
1.924718400000000074e+01
1.941772800000000032e+01
1.890063999999999922e+01
1.915759999999999863e+01
1.957982399999999856e+01
1.898230399999999918e+01
1.907875200000000149e+01
1.935084799999999916e+01
1.937038400000000138e+01
1.938147199999999870e+01
1.936527999999999849e+01
1.890363200000000177e+01
1.887811200000000156e+01
1.912539200000000150e+01
1.941420799999999858e+01
1.933536000000000143e+01
1.916129600000000011e+01
1.959513600000000011e+01
1.945609599999999872e+01
1.929294399999999854e+01
1.940312000000000126e+01
1.952280000000000015e+01
1.933624000000000009e+01
1.924753600000000020e+01
1.905569600000000108e+01
1.887476799999999955e+01
1.905428799999999967e+01
1.926355200000000067e+01
1.916006399999999843e+01
1.941033600000000092e+01
1.920688000000000173e+01
1.932620800000000116e+01
1.941297600000000045e+01
1.893372799999999856e+01
1.920230400000000159e+01
1.925527999999999906e+01
1.907593599999999867e+01
1.926619200000000021e+01
1.935366399999999842e+01
1.945767999999999986e+01
1.898336000000000112e+01
1.961044800000000166e+01
1.928660800000000108e+01
1.887353600000000142e+01
1.950678399999999968e+01
1.937337600000000037e+01
1.920318400000000025e+01
1.914334399999999903e+01
1.935419200000000117e+01
1.926883199999999974e+01
1.909512000000000143e+01
1.919068800000000152e+01
1.921251200000000026e+01
1.921550399999999925e+01
1.886051199999999994e+01
1.924612799999999879e+01
1.915408000000000044e+01
1.942371199999999831e+01
1.923539200000000093e+01
1.939590400000000159e+01
1.965849599999999953e+01
1.916481599999999830e+01
1.940716799999999864e+01
1.933025599999999855e+01
1.891155200000000036e+01
1.910708800000000096e+01
1.895449599999999890e+01
1.891929599999999922e+01
1.930262400000000156e+01
1.914563199999999910e+01
1.941772800000000032e+01
1.890046399999999949e+01
1.935014400000000023e+01
1.942160000000000153e+01
1.925404800000000094e+01
1.935084799999999916e+01
1.905305600000000155e+01
1.929980799999999874e+01
1.917907200000000145e+01
1.935366399999999842e+01
1.919174399999999991e+01
1.910356799999999922e+01
1.933835200000000043e+01
1.916305600000000098e+01
1.951030400000000142e+01
1.935524799999999956e+01
1.911535999999999902e+01
1.895080000000000098e+01
1.890028799999999976e+01
1.923433599999999899e+01
1.935806399999999883e+01
1.947263999999999839e+01
1.929470399999999941e+01
1.946683200000000014e+01
1.947492799999999846e+01
1.919772800000000146e+01
1.959425600000000145e+01
1.901750399999999885e+01
1.921075199999999938e+01
1.960692799999999991e+01
1.913700800000000157e+01
1.928836799999999840e+01
1.894323199999999829e+01
1.931934400000000096e+01
1.932427200000000056e+01
1.933993600000000157e+01
1.974825600000000136e+01
1.889500800000000069e+01
1.917819199999999924e+01
1.924859199999999859e+01
1.934099199999999996e+01
1.925703999999999994e+01
1.913489600000000124e+01
1.945327999999999946e+01
1.940470399999999884e+01
1.900095999999999918e+01
1.928132799999999847e+01
1.905745599999999840e+01
1.927411199999999880e+01
1.938076799999999977e+01
1.916939199999999843e+01
1.953247999999999962e+01
1.913560000000000016e+01
1.918523199999999918e+01
1.923609599999999986e+01
1.900940800000000053e+01
1.925932800000000000e+01
1.937971200000000138e+01
1.912679999999999936e+01
1.908843200000000095e+01
1.927886399999999867e+01
1.952896000000000143e+01
1.950027199999999894e+01
1.915548799999999829e+01
1.915566400000000158e+01
1.888321600000000089e+01
1.924559999999999960e+01
1.924243200000000087e+01
1.943110400000000126e+01
1.916446399999999883e+01
1.935419200000000117e+01
1.933148800000000023e+01
1.937460799999999850e+01
1.972748800000000102e+01
1.888814400000000049e+01
1.906097600000000014e+01
1.901873600000000053e+01
1.924172799999999839e+01
1.939555199999999857e+01
1.865283200000000008e+01
1.927464000000000155e+01
1.934187199999999862e+01
1.929364800000000102e+01
1.926267199999999846e+01
1.923134399999999999e+01
1.913084800000000030e+01
1.916094400000000064e+01
1.913190399999999869e+01
1.884062399999999826e+01
1.932585600000000170e+01
1.925668800000000047e+01
1.932268799999999942e+01
1.946999999999999886e+01
1.927692800000000162e+01
1.921092799999999912e+01
1.915179200000000037e+01
1.909987200000000129e+01
1.934732800000000097e+01
1.957824000000000098e+01
1.919315200000000132e+01
1.893126399999999876e+01
1.913137599999999949e+01
1.936140800000000084e+01
1.912979199999999835e+01
1.927956800000000115e+01
1.896963200000000072e+01
1.911430400000000063e+01
1.928097599999999900e+01
1.920987200000000072e+01
1.946137600000000134e+01
1.901433600000000013e+01
1.880084799999999845e+01
1.949851200000000162e+01
1.934433599999999842e+01
1.938393599999999850e+01
1.948936000000000135e+01
1.897279999999999944e+01
1.913489600000000124e+01
1.900060799999999972e+01
1.907224000000000075e+01
1.977799999999999869e+01
1.964916799999999952e+01
1.944272000000000133e+01
1.960516799999999904e+01
1.944694399999999845e+01
1.940945599999999871e+01
1.943479999999999919e+01
1.936052799999999863e+01
1.944518400000000113e+01
1.917520000000000024e+01
1.955219200000000157e+01
1.951329600000000042e+01
1.925686400000000020e+01
1.950238399999999928e+01
1.957911999999999964e+01
1.950220799999999954e+01
1.933465599999999895e+01
1.951399999999999935e+01
1.923239999999999839e+01
1.930367999999999995e+01
1.930631999999999948e+01
1.882707200000000114e+01
1.926302400000000148e+01
1.940646399999999971e+01
1.965796800000000033e+01
1.930104000000000042e+01
1.943374400000000080e+01
1.941878399999999871e+01
1.928995199999999954e+01
1.915566400000000158e+01
1.927798400000000001e+01
1.950748799999999861e+01
1.917009600000000091e+01
1.922113600000000133e+01
1.918928000000000011e+01
1.924683200000000127e+01
1.938393599999999850e+01
1.910744000000000042e+01
1.890979199999999949e+01
1.929400000000000048e+01
1.935788799999999910e+01
1.950361600000000095e+01
1.940628799999999998e+01
1.924172799999999839e+01
1.950766399999999834e+01
1.897755199999999931e+01
1.922060799999999858e+01
1.910550399999999982e+01
1.917308799999999991e+01
1.921321599999999918e+01
1.925316799999999873e+01
1.949675200000000075e+01
1.931670400000000143e+01
1.897279999999999944e+01
1.931599999999999895e+01
1.932849600000000123e+01
1.944606399999999979e+01
1.899673599999999851e+01
1.927745600000000081e+01
1.922641600000000039e+01
1.913102400000000003e+01
1.900430400000000120e+01
1.912891199999999969e+01
1.958070400000000078e+01
1.952209600000000123e+01
1.950907199999999975e+01
1.970672000000000068e+01
1.892809600000000003e+01
1.951100800000000035e+01
1.920529600000000059e+01
1.927675199999999833e+01
1.919438399999999945e+01
1.920476800000000139e+01
1.908403200000000055e+01
1.889588799999999935e+01
1.967257599999999940e+01
1.904971199999999953e+01
1.949059199999999947e+01
1.900078399999999945e+01
1.942318399999999912e+01
1.919843200000000039e+01
1.940663999999999945e+01
1.932004799999999989e+01
1.952543999999999969e+01
1.944025600000000153e+01
1.963262399999999985e+01
1.955799999999999983e+01
1.910022400000000076e+01
1.968049600000000154e+01
1.908983999999999881e+01
1.924912000000000134e+01
1.943286399999999858e+01
1.940927999999999898e+01
1.937478399999999823e+01
1.919579200000000085e+01
1.918540799999999891e+01
1.942212800000000072e+01
1.930544000000000082e+01
1.953916800000000009e+01
1.998145600000000144e+01
1.922870400000000046e+01
1.917572799999999944e+01
1.959988799999999998e+01
1.930843199999999982e+01
1.934257600000000110e+01
1.928960000000000008e+01
1.925932800000000000e+01
1.925352000000000174e+01
1.918276799999999938e+01
1.917291200000000018e+01
1.950942399999999921e+01
1.937935999999999837e+01
1.931441600000000136e+01
1.894428800000000024e+01
1.894059199999999876e+01
1.915196800000000010e+01
1.969791999999999987e+01
1.927375999999999934e+01
1.949411200000000122e+01
1.909705599999999848e+01
1.942212800000000072e+01
1.957964799999999883e+01
1.879944000000000059e+01
1.915108800000000144e+01
1.901134400000000113e+01
1.938393599999999850e+01
1.939449600000000018e+01
1.955359999999999943e+01
1.952051200000000009e+01
1.940417599999999965e+01
1.946155200000000107e+01
1.934398399999999896e+01
1.905376000000000047e+01
1.939625600000000105e+01
1.927552000000000021e+01
1.936387200000000064e+01
1.922711999999999932e+01
1.932955199999999962e+01
1.895062400000000125e+01
1.959496000000000038e+01
1.957630400000000037e+01
1.907875200000000149e+01
1.913577599999999990e+01
1.913172799999999896e+01
1.931811199999999928e+01
1.944307200000000080e+01
1.916974400000000145e+01
1.932832000000000150e+01
1.926425599999999960e+01
1.949358399999999847e+01
1.940576000000000079e+01
1.925105599999999839e+01
1.909001599999999854e+01
1.896347199999999944e+01
1.887107200000000162e+01
1.918329599999999857e+01
1.933536000000000143e+01
1.907751999999999981e+01
1.929998399999999847e+01
1.941297600000000045e+01
1.929751999999999867e+01
1.956627200000000144e+01
1.970795199999999880e+01
1.961414399999999958e+01
1.896646399999999844e+01
1.916657599999999917e+01
1.890996799999999922e+01
1.945398399999999839e+01
1.953775999999999868e+01
1.914563199999999910e+01
1.930350400000000022e+01
1.909441599999999895e+01
1.946806399999999826e+01
1.949076799999999920e+01
1.921145599999999831e+01
1.917537599999999998e+01
1.926443199999999933e+01
1.922324800000000167e+01
1.927499200000000101e+01
1.933958399999999855e+01
1.941227200000000153e+01
1.937091200000000057e+01
1.952596799999999888e+01
1.907311999999999941e+01
1.894991999999999877e+01
1.930262400000000156e+01
1.899972800000000106e+01
1.940329600000000099e+01
1.940963199999999844e+01
1.901063999999999865e+01
1.933694399999999902e+01
1.943251199999999912e+01
1.939625600000000105e+01
1.957841600000000071e+01
1.925263999999999953e+01
1.939326399999999850e+01
1.911095999999999862e+01
1.964441599999999966e+01
1.943691199999999952e+01
1.930966400000000149e+01
1.947492799999999846e+01
1.908491199999999921e+01
1.936739199999999883e+01
1.882249600000000100e+01
1.958439999999999870e+01
1.888919999999999888e+01
1.922078399999999831e+01
1.889870399999999862e+01
1.913647999999999882e+01
1.912644799999999989e+01
1.924665600000000154e+01
1.946859200000000101e+01
1.905182399999999987e+01
1.921902400000000100e+01
1.931300799999999995e+01
1.915038399999999896e+01
1.906203199999999853e+01
1.913348799999999983e+01
1.939625600000000105e+01
1.904020799999999980e+01
1.912486399999999875e+01
1.916569600000000051e+01
1.931124799999999908e+01
1.924331199999999953e+01
1.942688000000000059e+01
1.942635200000000140e+01
1.953177600000000069e+01
1.925580799999999826e+01
1.932479999999999976e+01
1.941068800000000039e+01
1.946384000000000114e+01
1.914791999999999916e+01
1.920547200000000032e+01
1.933289600000000164e+01
1.953459199999999996e+01
1.958387199999999950e+01
1.908350400000000135e+01
1.899585599999999985e+01
1.950220799999999954e+01
1.911219200000000029e+01
1.926584000000000074e+01
1.893742400000000004e+01
1.927622399999999914e+01
1.923451199999999872e+01
1.908790400000000176e+01
1.921726400000000012e+01
1.917484800000000078e+01
1.924823999999999913e+01
1.921374399999999838e+01
1.930403199999999941e+01
1.968542400000000114e+01
1.925756799999999913e+01
1.922659200000000013e+01
1.924313599999999980e+01
1.943163200000000046e+01
1.946313599999999866e+01
1.932814400000000177e+01
1.919878399999999985e+01
1.906396799999999914e+01
1.927903999999999840e+01
1.935771199999999936e+01
1.973681600000000103e+01
1.904355199999999826e+01
1.916182399999999930e+01
1.960411200000000065e+01
1.904707200000000000e+01
1.890257599999999982e+01
1.914387200000000178e+01
1.938147199999999870e+01
1.953441600000000022e+01
1.897543999999999897e+01
1.887705599999999961e+01
1.905235199999999907e+01
1.944289600000000107e+01
1.937830399999999997e+01
1.902929599999999866e+01
1.921392000000000166e+01
1.921779199999999932e+01
1.922676799999999986e+01
1.907083199999999934e+01
1.939572799999999830e+01
1.957595200000000091e+01
1.906343999999999994e+01
1.915531199999999856e+01
1.917871999999999844e+01
1.931476800000000082e+01
1.918012799999999984e+01
1.924859199999999859e+01
1.943180800000000019e+01
1.908632000000000062e+01
1.908473599999999948e+01
1.887600000000000122e+01
1.909987200000000129e+01
1.927059200000000061e+01
1.916393599999999964e+01
1.908385600000000082e+01
1.863892799999999994e+01
1.935031999999999996e+01
1.899075200000000052e+01
1.891172800000000009e+01
1.956292799999999943e+01
1.914915200000000084e+01
1.924084799999999973e+01
1.901767999999999859e+01
1.945767999999999986e+01
1.928396800000000155e+01
1.939555199999999857e+01
1.944289600000000107e+01
1.920107199999999992e+01
1.899462400000000173e+01
1.930526400000000109e+01
1.895608000000000004e+01
1.924243200000000087e+01
1.937302400000000091e+01
1.929576000000000136e+01
1.947545600000000121e+01
1.894516799999999890e+01
1.918822400000000172e+01
1.908297599999999861e+01
1.947756800000000155e+01
1.923046400000000133e+01
1.911535999999999902e+01
1.939748799999999918e+01
1.937619199999999964e+01
1.892140799999999956e+01
1.948795199999999994e+01
1.915460799999999963e+01
1.944025600000000153e+01
1.955342399999999969e+01
1.924736000000000047e+01
1.944447999999999865e+01
1.926161600000000007e+01
1.918910400000000038e+01
1.944606399999999979e+01
1.902665599999999912e+01
1.909987200000000129e+01
1.931283200000000022e+01
1.925140800000000141e+01
1.959108799999999917e+01
1.892369599999999963e+01
1.960692799999999991e+01
1.905956799999999873e+01
1.938745600000000024e+01
1.916903999999999897e+01
1.942582399999999865e+01
1.937372799999999984e+01
1.947985600000000161e+01
1.916340800000000044e+01
1.902876799999999946e+01
1.917889600000000172e+01
1.924929600000000107e+01
1.900782399999999939e+01
1.911852800000000130e+01
1.921585599999999872e+01
1.929347200000000129e+01
1.929364800000000102e+01
1.914862400000000164e+01
1.933729599999999849e+01
1.941139199999999931e+01
1.909776000000000096e+01
1.923134399999999999e+01
1.903140799999999899e+01
1.935771199999999936e+01
1.916446399999999883e+01
1.936897599999999997e+01
1.907224000000000075e+01
1.960991999999999891e+01
1.896399999999999864e+01
1.942318399999999912e+01
1.917027200000000065e+01
1.909652799999999928e+01
1.947668799999999933e+01
1.927164799999999900e+01
1.956662400000000090e+01
1.922078399999999831e+01
1.864561600000000041e+01
1.925668800000000047e+01
1.902155199999999979e+01
1.922148800000000080e+01
1.939115200000000172e+01
1.939379200000000125e+01
1.905516799999999833e+01
1.936316800000000171e+01
1.910321599999999975e+01
1.939238399999999984e+01
1.945028800000000047e+01
1.919667199999999951e+01
1.939977599999999924e+01
1.883640000000000114e+01
1.934979200000000077e+01
1.907417600000000135e+01
1.915144000000000091e+01
1.920283200000000079e+01
1.932110399999999828e+01
1.931916800000000123e+01
1.911412800000000090e+01
1.890363200000000177e+01
1.888884799999999942e+01
1.933676799999999929e+01
1.915636800000000051e+01
1.906854399999999927e+01
1.944254400000000160e+01
1.939132800000000145e+01
1.941596799999999945e+01
1.934328000000000003e+01
1.917097599999999957e+01
1.918400000000000105e+01
1.905094400000000121e+01
1.938059200000000004e+01
1.929083200000000176e+01
1.934486400000000117e+01
1.914087999999999923e+01
1.938587199999999910e+01
1.901926399999999973e+01
1.939449600000000018e+01
1.897878400000000099e+01
1.914000000000000057e+01
1.924137599999999892e+01
1.938939200000000085e+01
1.912503999999999849e+01
1.964617600000000053e+01
1.962857599999999891e+01
1.919368000000000052e+01
1.913348799999999983e+01
1.926689599999999913e+01
1.971921599999999941e+01
1.908825600000000122e+01
1.950977599999999867e+01
1.947422399999999953e+01
1.920371199999999945e+01
1.940540800000000132e+01
1.930209599999999881e+01
1.927182399999999873e+01
1.932409600000000083e+01
1.898793600000000126e+01
1.935542399999999930e+01
1.931159999999999854e+01
1.935366399999999842e+01
1.930737600000000143e+01
1.933588800000000063e+01
1.905499199999999860e+01
1.900078399999999945e+01
1.916833600000000004e+01
1.953459199999999996e+01
1.917326399999999964e+01
1.905992000000000175e+01
1.907311999999999941e+01
1.957771199999999823e+01
1.925193600000000060e+01
1.898547200000000146e+01
1.951135999999999981e+01
1.940417599999999965e+01
1.932567999999999842e+01
1.908808000000000149e+01
1.953441600000000022e+01
1.872411200000000164e+01
1.924032000000000053e+01
1.932427200000000056e+01
1.920987200000000072e+01
1.924524800000000013e+01
1.932726399999999956e+01
1.925316799999999873e+01
1.910409599999999841e+01
1.916164799999999957e+01
1.881211199999999906e+01
1.939027199999999951e+01
1.957401600000000030e+01
1.928836799999999840e+01
1.968982400000000155e+01
1.890327999999999875e+01
1.926566400000000101e+01
1.906871999999999900e+01
1.924912000000000134e+01
1.883939200000000014e+01
1.901310399999999845e+01
1.892228800000000177e+01
1.917150399999999877e+01
1.899004800000000159e+01
1.949094399999999894e+01
1.937601599999999991e+01
1.935612799999999822e+01
1.926196799999999953e+01
1.915214399999999983e+01
1.890873600000000110e+01
1.948073600000000027e+01
1.913612799999999936e+01
1.924736000000000047e+01
1.921216000000000079e+01
1.907593599999999867e+01
1.928995199999999954e+01
1.932321599999999862e+01
1.922817600000000127e+01
1.915302399999999849e+01
1.914264000000000010e+01
1.925985599999999920e+01
1.878025600000000139e+01
1.943075199999999825e+01
1.892387199999999936e+01
1.895308800000000105e+01
1.910163199999999861e+01
1.927129599999999954e+01
1.945820799999999906e+01
1.970495999999999981e+01
1.897983999999999938e+01
1.895959999999999823e+01
1.938235200000000091e+01
1.912891199999999969e+01
1.958774400000000071e+01
1.920863999999999905e+01
1.956873600000000124e+01
1.915724799999999917e+01
1.943972799999999879e+01
1.950660799999999995e+01
1.897244799999999998e+01
1.931723200000000062e+01
1.915055999999999869e+01
1.960270399999999924e+01
1.956556799999999896e+01
1.948320000000000007e+01
1.920318400000000025e+01
1.903228800000000120e+01
1.940892799999999951e+01
1.934591999999999956e+01
1.938745600000000024e+01
1.920072000000000045e+01
1.914827199999999863e+01
1.930332800000000049e+01
1.931635199999999841e+01
1.950995199999999841e+01
1.879803199999999919e+01
1.939854400000000112e+01
1.965427199999999885e+01
1.899796800000000019e+01
1.923679999999999879e+01
1.932092799999999855e+01
1.914545599999999936e+01
1.919104000000000099e+01
1.942599999999999838e+01
1.893971200000000010e+01
1.911271999999999949e+01
1.925123200000000168e+01
1.892792000000000030e+01
1.955377599999999916e+01
1.920723200000000119e+01
1.926654399999999967e+01
1.956257599999999996e+01
1.892756800000000084e+01
1.936017599999999916e+01
1.931828799999999902e+01
1.957049599999999856e+01
1.901908799999999999e+01
1.914985599999999977e+01
1.979894399999999877e+01
1.919825600000000065e+01
1.917572799999999944e+01
1.895907199999999904e+01
1.927956800000000115e+01
1.935876800000000131e+01
1.941878399999999871e+01
1.908632000000000062e+01
1.925263999999999953e+01
1.914193600000000117e+01
1.939115200000000172e+01
1.943444799999999972e+01
1.914351999999999876e+01
1.895150399999999991e+01
1.913894399999999862e+01
1.933518400000000170e+01
1.908579200000000142e+01
1.867536000000000129e+01
1.936545599999999823e+01
1.919825600000000065e+01
1.926689599999999913e+01
1.935155200000000164e+01
1.930843199999999982e+01
1.944166399999999939e+01
1.927921600000000169e+01
1.916622399999999971e+01
1.900764799999999966e+01
1.907012800000000041e+01
1.935401600000000144e+01
1.898177599999999998e+01
1.949094399999999894e+01
1.951998400000000089e+01
1.901979199999999892e+01
1.942071999999999932e+01
1.949921600000000055e+01
1.924647999999999826e+01
1.928449600000000075e+01
1.921110399999999885e+01
1.908156800000000075e+01
1.918523199999999918e+01
1.931688000000000116e+01
1.916798400000000058e+01
1.920740800000000092e+01
1.964107200000000120e+01
1.919297600000000159e+01
1.911870400000000103e+01
1.857328000000000046e+01
1.892545600000000050e+01
1.938200000000000145e+01
1.919086400000000125e+01
1.915144000000000091e+01
1.905552000000000135e+01
1.952508800000000022e+01
1.921110399999999885e+01
1.912046399999999835e+01
1.952790399999999948e+01
1.920811199999999985e+01
1.971199999999999974e+01
1.909863999999999962e+01
1.937355200000000011e+01
1.902964800000000167e+01
1.932550399999999868e+01
1.914756799999999970e+01
1.954568000000000083e+01
1.916059200000000118e+01
1.902647999999999939e+01
1.957031999999999883e+01
1.942001600000000039e+01
1.987691200000000080e+01
1.895889599999999930e+01
1.925017599999999973e+01
1.960112000000000165e+01
1.944712000000000174e+01
1.899849599999999938e+01
1.932356800000000163e+01
1.947263999999999839e+01
1.926654399999999967e+01
1.930262400000000156e+01
1.931300799999999995e+01
1.957384000000000057e+01
1.925070399999999893e+01
1.951787200000000055e+01
1.882812799999999953e+01
1.905076800000000148e+01
1.887336000000000169e+01
1.915443199999999990e+01
1.930737600000000143e+01
1.884203199999999967e+01
1.945292800000000000e+01
1.953142400000000123e+01
1.923081600000000080e+01
1.900043199999999999e+01
1.941596799999999945e+01
1.907892800000000122e+01
1.927094400000000007e+01
1.925035199999999946e+01
1.877673599999999965e+01
1.898723199999999878e+01
1.939695999999999998e+01
1.911201600000000056e+01
1.905727999999999867e+01
1.928643200000000135e+01
1.904126400000000174e+01
1.932656000000000063e+01
1.937496000000000151e+01
1.937742400000000131e+01
1.909371200000000002e+01
1.941350399999999965e+01
1.925932800000000000e+01
1.902296000000000120e+01
1.948355199999999954e+01
1.925228800000000007e+01
1.935454400000000064e+01
1.918241599999999991e+01
1.924225600000000114e+01
1.917854399999999870e+01
1.955606399999999923e+01
1.940663999999999945e+01
1.943479999999999919e+01
1.921761599999999959e+01
1.898441599999999951e+01
1.885787200000000041e+01
1.919966399999999851e+01
1.942529599999999945e+01
1.966236800000000073e+01
1.956908800000000070e+01
1.902700799999999859e+01
1.933536000000000143e+01
1.870070400000000177e+01
1.898951999999999884e+01
1.933483199999999869e+01
1.908772799999999847e+01
1.940259199999999851e+01
