1.937243759248832475e+01
1.940141083680864398e+01
1.891981093673940606e+01
1.949588322608902047e+01
1.964450938443003380e+01
1.966366289260688305e+01
1.958517026248640747e+01
1.927888544197844567e+01
1.890169564332491703e+01
1.939416352979354485e+01
1.931411423151981666e+01
1.924541422610468544e+01
1.853295579943300453e+01
1.948743754071831802e+01
1.918884635472245037e+01
1.964188483597770229e+01
1.890839766025315782e+01
1.913427157016659663e+01
1.868977437938101360e+01
1.940805418555046202e+01
1.894203153076427881e+01
1.914664690941800984e+01
1.947083362429998843e+01
1.929247070674364650e+01
1.939157902081677065e+01
1.894852879532639633e+01
1.974578073251358390e+01
1.958857430230785468e+01
1.942136892725184083e+01
1.912253330642130678e+01
1.931530797159673796e+01
1.964667299018640279e+01
1.935703979514785189e+01
1.943531845188613261e+01
1.921913205454003304e+01
1.953455152574770892e+01
1.954850626217928067e+01
1.958022464096821125e+01
1.930554124481495393e+01
1.896431785887251564e+01
1.922420900056877713e+01
1.914782775854020258e+01
1.936430090547866456e+01
1.902101559678472142e+01
1.950286401026394856e+01
1.922483870157774177e+01
1.939818631976627472e+01
1.923580522672183690e+01
1.929535491272958225e+01
1.913883021385737493e+01
1.879510377807532251e+01
1.928796120624294730e+01
1.922126654938050194e+01
1.940952734740536911e+01
1.966127110967156710e+01
1.922583260743137501e+01
1.950226133777521653e+01
1.932174446293992176e+01
1.909106165758901241e+01
1.939195576371365703e+01
1.935170002344656126e+01
1.944822400409179508e+01
1.947156240072203204e+01
1.909656381645120149e+01
1.961851031225173259e+01
1.929956929382200670e+01
1.927774064098882079e+01
1.923294752623170822e+01
1.954322842766325508e+01
1.926799258384196634e+01
1.934117262614240929e+01
1.904068200826867496e+01
1.942329367671957385e+01
1.887579405486868112e+01
1.891641131615188698e+01
1.944991844450813545e+01
1.856896981043470873e+01
1.895166331039935415e+01
1.884735701155063126e+01
1.923121644053042090e+01
1.912236769869795694e+01
1.882890879674211249e+01
1.845316815911262864e+01
1.944102867929932188e+01
1.928539872180808246e+01
1.942197337471649021e+01
1.901851153257575078e+01
1.951190248938358351e+01
1.932587499630568573e+01
1.938901306358630450e+01
1.928462208583445658e+01
1.921455352221832769e+01
1.945597479239268779e+01
1.909841310209680998e+01
1.968135453624402587e+01
1.930690737619744723e+01
1.907755576308536405e+01
1.930230137339815144e+01
1.915554455631696484e+01
1.921548182285334860e+01
1.949359450470794997e+01
1.921567435874717944e+01
1.939087261625855874e+01
1.914593829869215469e+01
1.930432348884210825e+01
1.916075801776567999e+01
1.925480523120673482e+01
1.936255642748635708e+01
1.935574222027193159e+01
1.905568135610200642e+01
1.913496210390194108e+01
1.937219595894116964e+01
1.974186859071655320e+01
1.930900703645078664e+01
1.908899869813416572e+01
1.950207655873626678e+01
1.964257343362755037e+01
1.963639030882969294e+01
1.905110859771408727e+01
1.914636946503780734e+01
1.948412045943505078e+01
1.938706117169684617e+01
1.926214350918658269e+01
1.964304455455010867e+01
1.938781370552596073e+01
1.947568275631936885e+01
1.967002468193219045e+01
1.926022109899935941e+01
1.962745305511032257e+01
1.982645901752717066e+01
1.893598959668529602e+01
1.909406963287911196e+01
1.883547194266241576e+01
1.960133377597932736e+01
1.911585859669084897e+01
1.910495673435772090e+01
1.897198383627364393e+01
1.972983362147438058e+01
1.918207156232164934e+01
1.855929831970423294e+01
1.920354159263109395e+01
1.948947121314271413e+01
1.944958465476754483e+01
1.940944514455036085e+01
1.979364685015458392e+01
1.959480306476582356e+01
1.941719537506382309e+01
1.904716279489110775e+01
1.929441758723413614e+01
1.889161670794013048e+01
1.918063717129511758e+01
1.907327932060331932e+01
1.904143821170979223e+01
1.932747347935820414e+01
1.889864688838329698e+01
1.906113907826615872e+01
1.903105837081742635e+01
1.895380692468234329e+01
1.890469173557432114e+01
1.932951808825771067e+01
1.905062194973339373e+01
1.872059568905371663e+01
1.949837382676514252e+01
1.905594293606081635e+01
1.941673691603530827e+01
1.918201516865040901e+01
1.887302088221728269e+01
1.944411635317835874e+01
1.956096927932082963e+01
1.867151162628724137e+01
1.927281134100533677e+01
1.932219963430046050e+01
1.911418195489255822e+01
1.967930799070470016e+01
1.907121033161380907e+01
1.934370810804677987e+01
1.926326255862418435e+01
2.004853653626842203e+01
1.896581906470176193e+01
1.924027672101961528e+01
1.920411208466763497e+01
1.950679148895342507e+01
1.929156497965875872e+01
1.884370022797925515e+01
1.938944836144661110e+01
1.920306175308151708e+01
1.905948922258352951e+01
1.931010588670847383e+01
1.961200507707605212e+01
1.951514275615427607e+01
1.943845608671103520e+01
1.895969821093544283e+01
1.915337501174345647e+01
1.916216800302628798e+01
1.945142490938697577e+01
1.990379245153589594e+01
1.916571969931113983e+01
1.951662166222291361e+01
1.908423731078474717e+01
1.910396915625489811e+01
1.925791121320655463e+01
1.918780467658621802e+01
1.911806735987342876e+01
1.963461591670057871e+01
1.927055007214153548e+01
1.922494440989153475e+01
1.906081441832511914e+01
1.953805739682736942e+01
1.937840141662265836e+01
1.932297283175923397e+01
1.931632001308373248e+01
1.879471395708643300e+01
1.944109306423366590e+01
1.943149412907732554e+01
1.884513032896199647e+01
1.922011838608453260e+01
1.954737728540812824e+01
1.886147742636678970e+01
1.926693268034434681e+01
1.890986916925225358e+01
1.949957409109652673e+01
1.929438841811859007e+01
1.924563581019354075e+01
1.932599333014050913e+01
1.919958159284070831e+01
1.902089264415873515e+01
1.956387209609263067e+01
1.929383066493874210e+01
1.894513284956271448e+01
1.904883822703743235e+01
1.949646404291544144e+01
1.901009179785192416e+01
1.894107335361633915e+01
1.938158446250883316e+01
1.923442910459745647e+01
1.937815634388190489e+01
1.952761607099513341e+01
1.974961862322436446e+01
1.954904234861584555e+01
1.927165976112803136e+01
1.888199880676901898e+01
1.958088854165844239e+01
1.932444260817719695e+01
1.929966796522853656e+01
1.921970008355531689e+01
1.907819678591276968e+01
1.962153070788674469e+01
1.913357486898356541e+01
1.932367695356554904e+01
1.928056692668336325e+01
1.916659630371740874e+01
1.918790968761193483e+01
1.917110952338549623e+01
1.955785732736742588e+01
1.915549566232675005e+01
1.908201686016333554e+01
1.966852154589088642e+01
1.923137795990368915e+01
1.942827075956881799e+01
1.960486361592041504e+01
1.933011672680965631e+01
1.953587928938978635e+01
1.913463925896369489e+01
1.897295583296901356e+01
1.911733589933702504e+01
1.920000253625895681e+01
1.947014771546038858e+01
1.953559772246255122e+01
1.914922940473467250e+01
1.924821753100295396e+01
1.923671621054194247e+01
1.930950245934806020e+01
1.915831387095189697e+01
1.904393049714720831e+01
1.912871256874469950e+01
1.927092204158611821e+01
1.986527472802212202e+01
1.934360186951337113e+01
1.847025097886301026e+01
1.927671029803297387e+01
1.892283443710308788e+01
1.904637874781930051e+01
1.944391893916500180e+01
1.903444065569710730e+01
1.944521015130319341e+01
1.933283964176657221e+01
1.951979806751332802e+01
1.931262876449376265e+01
1.867204681888793516e+01
1.936604420235753565e+01
1.944207207768725354e+01
1.950215575481818320e+01
1.910236530986557568e+01
1.934231306474609724e+01
1.920106306509901728e+01
1.940391653879759559e+01
1.919252555163688712e+01
1.943843346607014411e+01
1.949258520611505574e+01
1.919231527534640236e+01
1.906515099383451073e+01
1.915144255436514342e+01
1.965456146406453897e+01
1.927821957204708525e+01
1.934900316060397785e+01
1.955349086575283835e+01
1.908631581869013871e+01
1.911697352427734131e+01
1.863711332330476012e+01
1.881263218365927514e+01
1.947135091577121813e+01
1.934086870411290704e+01
1.917991621455927742e+01
1.890491197730309381e+01
1.901818572158534693e+01
1.963548566888222879e+01
1.984818086654311386e+01
1.907176998650718147e+01
1.882497227038683363e+01
1.880591855423684677e+01
1.925392742126964407e+01
1.922625659054624592e+01
1.944901252398983971e+01
1.904806916722112220e+01
1.941656625775128120e+01
1.894465018918015531e+01
1.913209221697749385e+01
1.918381215020529140e+01
1.994824617053950888e+01
1.901660776919097984e+01
1.945380921003994956e+01
1.912254921492157678e+01
1.895725860155320674e+01
1.914884349444788114e+01
1.963664297085452759e+01
1.867788796882895141e+01
1.895405870921246105e+01
1.940652378219425245e+01
1.888081979420553580e+01
1.941111740955749099e+01
1.902800297620659009e+01
1.949020641903629780e+01
1.897147277223773898e+01
1.926769323339237872e+01
1.915389830554105188e+01
1.959863418661565504e+01
1.942772459444263333e+01
1.885959719855945593e+01
1.905452090139516486e+01
1.936153457215717211e+01
1.950227147571401076e+01
1.862881824882710191e+01
1.888025042319963731e+01
1.917964484607770714e+01
1.870206611999078916e+01
1.912381347027745448e+01
1.918186322266340227e+01
1.932636590064762316e+01
1.943918266028350672e+01
1.882842356639864434e+01
1.944118000569853777e+01
1.910512673184465626e+01
1.910209062022131121e+01
1.892450177281320833e+01
1.981168021755452457e+01
1.907511234930012733e+01
1.919690745927678677e+01
1.906655375509487271e+01
1.958579778092738266e+01
1.946418573782217010e+01
1.907162614222900032e+01
1.878258972124734072e+01
1.881241368443144424e+01
1.952688179362802856e+01
1.950694057359721612e+01
1.926706477181690857e+01
1.910706494756702156e+01
1.930685152557007100e+01
1.939737558602971390e+01
1.907882789095042142e+01
1.923295739693584494e+01
1.929091836977154983e+01
1.936072720041848072e+01
1.894527650709957456e+01
1.964073067397186989e+01
1.891367546333539806e+01
1.924688700564460930e+01
1.933137876603914052e+01
1.952796370503149959e+01
1.978699625753011659e+01
1.970914306592401033e+01
1.938918955447040204e+01
1.965767203640221794e+01
1.943142955111701298e+01
1.890748313486646026e+01
1.926361867032870023e+01
1.930205351305362171e+01
1.935968455739382676e+01
1.919834148227314330e+01
1.935750498028465927e+01
1.900093770431314866e+01
1.872925895628640802e+01
1.910950646040972600e+01
1.927474663951810285e+01
1.927463959347608480e+01
1.944774471193400345e+01
1.929277890041946719e+01
1.956053415194855205e+01
1.910680871766483691e+01
1.893952838731220467e+01
1.938530682327074928e+01
1.862081716606158466e+01
1.939592333155218995e+01
1.926052585059571243e+01
1.923680829692693450e+01
1.919451981466053780e+01
1.908842442156625197e+01
1.964162874178372320e+01
1.936582353217557895e+01
1.955387165558942186e+01
1.910149014530601974e+01
1.886672363642723838e+01
1.968082414582728390e+01
1.922836232368801390e+01
1.962746853530301649e+01
1.969778104303737365e+01
1.935163483267126594e+01
1.941873361362770112e+01
1.913805401798094863e+01
1.934377423162253606e+01
1.936331376244938340e+01
1.900749046507316820e+01
1.946610689079224699e+01
1.926076891101879696e+01
1.888781648261184287e+01
1.952644507125360107e+01
1.955020025225632452e+01
1.901857150147010245e+01
1.935137812720959261e+01
1.883971848044097541e+01
1.948713973329673976e+01
1.905270175119821729e+01
1.898974045249185139e+01
1.935895193555165150e+01
1.934314613005060579e+01
1.909317411760457972e+01
1.922980227943570597e+01
1.958902558336018274e+01
1.897260185878784000e+01
1.889078349696949388e+01
1.952643701349472849e+01
1.928813832425920083e+01
1.920358847372047251e+01
1.928079435764247407e+01
1.918669096483169412e+01
1.938865721504215500e+01
1.945268929228765487e+01
1.910202137014030299e+01
1.933065401054672705e+01
1.933291928381337499e+01
1.955549511642796290e+01
1.988679241723178492e+01
1.898050195115551375e+01
1.950201602353353536e+01
1.933695802456314183e+01
1.888788743094981371e+01
1.924768483388903562e+01
1.925940534211415311e+01
1.904507719811876143e+01
1.928749217701333762e+01
1.909489894312741498e+01
1.945034204758969665e+01
1.881994274166902770e+01
1.949206846084923228e+01
1.953920187020279897e+01
1.919338816501548450e+01
1.889346803202069935e+01
1.871430441511746778e+01
1.910198676175527410e+01
1.920383043324574857e+01
1.933645373442295679e+01
1.918020030683154786e+01
1.881454776356878256e+01
1.938749943953149213e+01
1.910890593117584757e+01
1.928032259011207827e+01
1.903161548504078837e+01
1.927394147038844707e+01
1.900109276224537780e+01
1.926263497510533185e+01
1.917812387783325789e+01
1.920297121020013975e+01
1.890120497113763776e+01
1.927758883286668734e+01
1.911807692231491629e+01
