1.895800735469886433e+01
1.879167225672599528e+01
1.987411846133685245e+01
1.878375691988065554e+01
1.864845477111036587e+01
1.851043702876413732e+01
1.928234966426212793e+01
1.927052692704185333e+01
1.967534433682971695e+01
1.949236426522583798e+01
1.968146669815267202e+01
1.990678225286280423e+01
1.865328299449071281e+01
1.947844168536806109e+01
1.838998551573335760e+01
1.953211769427995037e+01
1.954817630434756381e+01
1.900857530470870671e+01
1.848990412044538445e+01
1.776083126152170166e+01
1.957000995221540052e+01
1.940687704851035633e+01
1.953988240276017763e+01
1.825349578918965676e+01
1.902273732432956166e+01
1.846002442733984950e+01
1.924954139556881572e+01
2.038151399218945059e+01
1.905265108866023382e+01
1.991103804101276253e+01
1.923982385370417703e+01
1.912248592570474415e+01
1.897298191589559835e+01
1.929266614167960014e+01
1.899765051938285509e+01
1.883786790253225263e+01
1.944811093405153812e+01
1.946510775995560394e+01
1.909730190491688973e+01
1.988600511620004951e+01
1.967218580478632362e+01
1.898851287480623640e+01
2.017897991366229959e+01
1.957071605173531736e+01
1.896513365382303462e+01
1.836722127131803362e+01
1.903402441801233991e+01
1.904341430852629458e+01
1.955400182769946227e+01
1.920817253522377754e+01
1.951784680370725056e+01
2.032308328795542351e+01
1.873937950959625809e+01
2.012393727638071539e+01
1.903401814412160320e+01
1.957214726244589897e+01
1.990754047264456617e+01
1.897496472021450487e+01
1.900076672100215802e+01
1.896869094244696896e+01
1.915026620104366017e+01
1.887450582224781570e+01
1.959731475713440929e+01
1.970635736760857171e+01
1.867931604022894376e+01
1.889895569418197852e+01
1.938275962143002218e+01
1.895858508433991929e+01
1.921780376926812295e+01
2.005048133237899322e+01
1.856711071581630890e+01
1.899672551957849720e+01
1.836273864183414872e+01
1.776361332317258146e+01
1.795030279237868243e+01
1.999146029815735659e+01
1.906580463663326697e+01
1.875302719188419687e+01
1.850958924805696881e+01
1.918497663305860002e+01
1.949322109627229693e+01
1.995417462032740730e+01
1.879213032464154054e+01
1.848608179348315872e+01
1.920833190706322569e+01
2.025775704721142034e+01
1.872934487436386775e+01
1.947913281230671245e+01
1.859515432781486055e+01
1.989020970628323326e+01
1.996055589516462092e+01
1.964353248767482185e+01
1.825723277067355355e+01
1.994009139496248650e+01
1.923073371491110706e+01
1.893549793049236740e+01
2.004436844558893682e+01
1.945916102938824110e+01
1.955368137014106367e+01
1.897414783768176250e+01
1.948139987746536406e+01
1.880583917234158875e+01
1.886213444644836201e+01
1.855915551883995107e+01
1.919659608749384461e+01
1.996232882348199666e+01
1.878419977974170152e+01
1.963837397896469028e+01
2.106243822131943233e+01
1.953022488628567288e+01
1.926899261929921181e+01
1.921339640253297887e+01
1.958575887368221302e+01
1.914969467187461660e+01
1.917654644669253727e+01
1.968719558919945456e+01
1.906525950175056039e+01
1.926008361552083414e+01
1.968396822558809234e+01
1.838272366697799853e+01
1.975262048782516544e+01
1.883783391955380182e+01
2.016939966786352301e+01
1.974899648930977847e+01
1.942696029500350363e+01
1.861440636141852778e+01
1.958739347916698037e+01
1.966982364182066334e+01
1.841309870144426952e+01
1.911864701840489644e+01
1.813790529366738369e+01
1.969250123575865175e+01
1.895052540473793456e+01
1.956141918156065529e+01
1.875741106595840790e+01
1.929212735389356936e+01
1.933325061643115816e+01
1.914078729180885929e+01
1.914299418708353073e+01
1.867070409191493852e+01
1.978116207351071765e+01
1.984596737382432607e+01
1.949818855041646160e+01
2.026519548623434730e+01
1.825290656383939591e+01
1.869060268254918356e+01
1.987515428914084126e+01
1.925610574188363699e+01
1.858970391260119470e+01
1.980051389121104322e+01
1.923757698086566137e+01
2.007164882239757731e+01
1.927131869000353959e+01
1.792560286607778863e+01
1.931929267531416627e+01
2.133784405061881273e+01
1.945723139266125656e+01
1.889049529846662878e+01
1.902761597395995707e+01
2.030858602959749248e+01
1.885571306238841061e+01
1.935631309369360409e+01
1.942246575759156002e+01
1.875011175430982746e+01
1.759448383672676286e+01
1.968423262322432521e+01
1.926388352385327352e+01
1.953775779430984016e+01
1.971431339379965308e+01
1.956716607462366042e+01
1.911616042910820923e+01
1.982567133825604344e+01
1.976480415508698485e+01
1.900430331029585673e+01
1.827745915228176088e+01
1.949695855793742894e+01
1.876759985018811605e+01
1.917748232050102075e+01
1.925665214587203522e+01
1.962543416907649174e+01
1.968551810642332711e+01
1.903639971643045570e+01
1.868627413320793451e+01
1.992768610766248827e+01
1.950512468596177840e+01
1.942059078345367240e+01
1.735748405665548333e+01
2.010816871532521688e+01
1.879538318379106698e+01
1.972638155962974338e+01
1.926127331068939696e+01
2.016302856194225157e+01
1.867816937326905702e+01
1.970989366183729885e+01
1.854354272099568490e+01
1.963320726343593847e+01
2.015300396290334461e+01
1.753467874458144138e+01
1.995434844695577681e+01
1.946920292260906393e+01
1.889926135202611235e+01
1.949476463326368503e+01
2.058678742232970649e+01
1.877095383493444203e+01
1.892727485823331790e+01
1.880331659782793707e+01
1.905447107741806434e+01
2.005170545290107853e+01
1.893875474199374409e+01
1.895020587641846888e+01
1.937377978541101697e+01
1.934785359085462275e+01
1.945227035261000381e+01
2.018517850045042294e+01
1.824979111581856372e+01
1.951844878533187000e+01
1.948776110047405297e+01
1.910818395745448939e+01
1.764714166263720685e+01
1.842589825655154101e+01
2.025953257155592269e+01
1.833276674952476881e+01
1.982239281510084794e+01
1.907819726845845310e+01
2.010879975441791956e+01
1.926181903739830403e+01
1.973380230717446082e+01
1.905424215776062269e+01
1.947162331585557737e+01
2.050296881327802367e+01
1.887934811939098623e+01
1.913914861662400213e+01
1.898302800651713085e+01
1.965143869541554622e+01
1.913336991220688432e+01
1.973873586521986212e+01
1.851717661830416262e+01
2.016336737248282418e+01
1.841422542616962588e+01
1.816944493971061547e+01
1.937569420644806328e+01
1.817981902228518365e+01
1.990956117629232835e+01
1.915636674930295413e+01
1.897514299219324840e+01
1.946429511135002599e+01
1.837363350285912489e+01
1.982905443680287050e+01
1.964720187338952329e+01
2.060479013116692926e+01
1.912503820249853348e+01
1.866667484811488364e+01
1.947836237542058058e+01
1.888211405872447912e+01
1.935162718856471287e+01
1.968473474062800577e+01
2.034540022078218513e+01
1.962147227167143271e+01
1.964976905551222686e+01
1.955552713690244815e+01
1.866960882756120554e+01
1.998001524730866052e+01
1.908188065411697210e+01
2.097530257330057779e+01
1.937606147153979208e+01
2.007821863486040925e+01
1.960450732941657037e+01
1.897400841155940654e+01
1.838835265459193735e+01
1.822730463544277768e+01
2.032091198928528897e+01
1.900906532035735452e+01
1.869108167780342811e+01
1.986140877838375474e+01
1.871076160541784006e+01
1.863843112889339437e+01
1.934870677848102005e+01
1.950915731827709365e+01
1.934193018827061294e+01
1.986615520217069175e+01
1.887848877310084461e+01
1.940156498724389422e+01
1.858202900997947182e+01
1.907962328859610679e+01
1.909643805975132835e+01
1.885198297095478281e+01
1.952181798127766754e+01
1.873624289988487490e+01
1.910918455439543351e+01
1.914106926042565959e+01
1.892274908738384909e+01
1.961072298992095497e+01
1.972754730161246783e+01
1.971101115943116255e+01
1.929542549298101051e+01
1.945910283400726826e+01
2.021187509113317660e+01
1.874062820076642666e+01
2.005547899698090220e+01
2.018932043478217153e+01
1.901726411991224452e+01
1.967667740968800771e+01
1.849762808476371845e+01
1.907284587602222103e+01
1.974122985766687677e+01
1.931525016742043022e+01
1.883493226190935133e+01
1.874670719402469743e+01
2.017748522291506319e+01
1.880635548599784812e+01
2.034547172500376533e+01
1.956242291217054330e+01
2.096033239522940406e+01
2.024806190195349487e+01
1.965216172850375642e+01
1.875800550293134705e+01
1.808799801337066882e+01
1.879638840533514710e+01
1.892725964127309624e+01
1.927518628859780137e+01
2.011951242817297469e+01
1.955125060375270607e+01
1.850952139916931927e+01
1.912634717813526564e+01
1.973417071103279952e+01
1.934338809162179373e+01
1.817435922149398309e+01
1.991283104147397154e+01
1.999651727652043220e+01
1.857282311832561916e+01
1.990984483489991774e+01
2.030298107845184319e+01
1.903587148938290596e+01
1.897491760892915380e+01
1.939011759302720250e+01
1.976305611998711598e+01
2.028368258827765302e+01
1.848330842883986236e+01
1.833384487786264216e+01
1.891095083134873889e+01
1.946057401589690983e+01
1.972570251356881244e+01
1.954656639969608278e+01
1.907415821838027625e+01
1.890857662895626845e+01
1.863503300190378198e+01
1.975818172268379413e+01
1.943913901155294965e+01
1.920074977268796701e+01
1.887350269870013619e+01
1.971975673730120349e+01
1.914084079218745416e+01
1.869351921417701590e+01
2.003811167133313020e+01
1.787173996011781796e+01
1.971338394445703557e+01
1.865873647539308067e+01
1.960162413777532109e+01
2.073410806748884028e+01
1.941529579356952695e+01
1.936209993611936397e+01
1.858136863312394382e+01
1.902666552558466151e+01
1.970116571447105969e+01
1.868597362004978280e+01
1.893599574210466230e+01
1.912514394226483461e+01
1.970528624580305888e+01
1.900739160410205741e+01
1.921032341215981276e+01
1.813513824056487778e+01
1.916488386021735835e+01
1.852150264866366669e+01
1.956263358793798801e+01
1.938845858813151324e+01
1.842505505582017378e+01
1.882097661109246189e+01
1.849443016775788351e+01
1.911707065724029420e+01
1.978109215361796913e+01
1.887007777459223234e+01
1.885847204561904178e+01
1.919006783560390161e+01
1.980460765676521007e+01
1.994825034529441510e+01
2.039296027453931970e+01
1.868209212657845697e+01
1.969371205726364948e+01
2.001967270637998197e+01
1.904239938345604699e+01
1.834140344566556990e+01
1.984273414695612203e+01
1.876886393664500119e+01
1.906621334256362843e+01
1.949601212101175207e+01
2.041360584340814910e+01
1.910078863699633445e+01
1.937510334906489362e+01
1.809702594833466804e+01
1.919903877356249211e+01
1.934181871126796892e+01
1.888782611932107258e+01
1.966384727040378877e+01
2.023286249212451082e+01
1.892518718627768237e+01
1.905847488074149965e+01
1.971058924516609068e+01
1.845516484844369387e+01
1.830278975215729531e+01
1.906306214236610685e+01
1.929365350843452376e+01
1.985133583868556073e+01
1.901083776172584194e+01
1.893401835271340516e+01
1.796565685176730653e+01
2.003197157939801798e+01
1.865474733327392443e+01
1.934130758425745000e+01
1.907320358225912216e+01
1.936709718531766100e+01
2.038258126769422418e+01
1.928592687817556950e+01
1.937789425963648071e+01
1.957642695651146525e+01
1.996116155565266581e+01
1.980372374192208440e+01
1.838066424965149537e+01
2.058080858594394158e+01
1.955102751401378569e+01
1.871836087974876150e+01
1.882373982469961859e+01
1.917353097594034139e+01
1.938890335297708134e+01
1.893459862700475682e+01
1.843282011312051338e+01
1.914918152059292566e+01
1.893851492493886823e+01
2.012491159223342763e+01
1.938285164309536412e+01
1.864102050908735464e+01
2.002714984782360830e+01
1.954239962441035772e+01
1.926913081615084877e+01
1.919132869795592455e+01
1.866598899550727353e+01
1.860093232093698390e+01
1.865616414658935085e+01
1.975957010631158184e+01
1.981035651075846005e+01
1.924293192436847733e+01
1.906437708981404811e+01
1.965785660532003121e+01
1.910884173686796927e+01
1.876944132232079454e+01
1.923621073506778600e+01
1.781203115869221065e+01
1.911239320088252569e+01
1.900190571771739201e+01
1.946330090471379748e+01
1.942567971838228047e+01
1.933845132061701477e+01
1.970403477652625668e+01
1.990323752370382948e+01
1.944679263972042449e+01
1.968030426780128650e+01
1.828636589176943517e+01
1.848283562521664791e+01
1.829116414650709999e+01
1.863119570448934326e+01
1.885870641149066884e+01
2.045226032387705217e+01
1.928144993278586128e+01
1.893719314065465298e+01
1.859461483342435173e+01
1.946653083588458699e+01
1.976710654990395000e+01
1.974046695983114930e+01
1.982996593558397436e+01
1.985843338116478307e+01
1.991944954913016019e+01
1.849134678074393534e+01
1.809008305182237208e+01
1.954476905336207793e+01
1.876498178041637388e+01
1.901219058015579932e+01
1.932270425378239409e+01
1.880559751722801920e+01
1.940754407275106885e+01
1.815315152103040930e+01
1.929496533360385158e+01
1.949574916414418624e+01
1.936725193475700380e+01
1.928645527346771615e+01
1.900505820246479871e+01
1.907482084976384940e+01
1.963678815425408430e+01
1.793126223643667316e+01
1.907175370305939310e+01
2.032553728282251981e+01
1.984839972843614930e+01
2.008334089674308487e+01
1.946714592012761713e+01
1.948529984470615162e+01
1.927749148250473255e+01
2.003542520787008741e+01
1.872518531806358766e+01
1.926061141276756317e+01
1.907929946682478217e+01
1.869163887645936839e+01
1.865257216880080193e+01
1.930159501031074853e+01
1.924091028489055333e+01
1.920754507593975191e+01
1.937366573655799584e+01
1.972388218309978924e+01
1.965429796144355379e+01
1.955558071183841662e+01
1.925295027086948352e+01
1.928554496656888162e+01
1.963080231464852332e+01
1.903630396562158111e+01
1.966187990136375419e+01
1.986985593545845319e+01
1.934638528415931091e+01
2.042160227760900426e+01
1.934557293521733001e+01
1.951323931133965317e+01
1.928137791651054300e+01
1.908029386174154496e+01
1.918564988488141765e+01
1.892289479171475719e+01
1.945047914615944507e+01
2.013019454526224550e+01
