1.957067465663254069e+01
1.905404142256181643e+01
1.976422399431734434e+01
1.900539366807387864e+01
1.910297378850117767e+01
1.891251653099811136e+01
1.894223952054609583e+01
1.955714391477261316e+01
1.891684524448100291e+01
1.959824219383409272e+01
1.931123826230588136e+01
1.929020665284520319e+01
1.917626356949268995e+01
1.993810269670355240e+01
1.928367871494129915e+01
1.928937254906013266e+01
1.945342877508673496e+01
1.952986541707494084e+01
1.888374947448366825e+01
1.926696829837480962e+01
1.926872969090244681e+01
1.947477992227544519e+01
1.898925613464777840e+01
1.924995180066261469e+01
1.893472759887898249e+01
1.890158882749874181e+01
1.901148715643899934e+01
1.935441157296937931e+01
1.902693731309120651e+01
1.917127834772654182e+01
1.935806378020711449e+01
1.934981679803443555e+01
1.909673207201604583e+01
1.886831516968134537e+01
1.871783192842809029e+01
1.972847354573941914e+01
1.885324236123572916e+01
1.930076582568832322e+01
1.909551096622237054e+01
1.949760771806408144e+01
1.951316885018365710e+01
1.913009411221850442e+01
1.952057096479046550e+01
1.939132158538987127e+01
1.939603780327450622e+01
1.907847560735504544e+01
1.975979935302508395e+01
1.902831905334827667e+01
1.882557102380705771e+01
1.951019081074579375e+01
1.930624816569561020e+01
1.892911392946684757e+01
1.871847214244570523e+01
1.936423554336160890e+01
1.935141485099093117e+01
1.939201740331886015e+01
1.915850172738538859e+01
1.944137406827271874e+01
1.921834591279985105e+01
1.948778349420464195e+01
1.930356074243875852e+01
1.908801524704801622e+01
1.932651945046325892e+01
1.926302673439041513e+01
1.947967498372802098e+01
1.921518051921158587e+01
1.913647063413516847e+01
1.939892583997916375e+01
1.900351712212927069e+01
1.953501193748583376e+01
1.892681066797990397e+01
1.930295618868978025e+01
1.917052319494582591e+01
1.947680115951415303e+01
1.940138561889133584e+01
1.956513847565938136e+01
1.968630340673187717e+01
1.929501540284208261e+01
1.958744343547138911e+01
1.885293913971787561e+01
1.973878153053355078e+01
1.973454281872853500e+01
1.940021248311651902e+01
1.921237679873711457e+01
1.929692864674456132e+01
1.907092158916385927e+01
1.913440258108043679e+01
1.909645522928904171e+01
1.942993474410269883e+01
1.873868458628233569e+01
1.945173826325829225e+01
1.931875296242198559e+01
1.984417147654593805e+01
1.930938163701340571e+01
1.881836156141325489e+01
1.896792684982821342e+01
1.943795148949359231e+01
1.922194307299008642e+01
1.884583943129319294e+01
1.939432529017540929e+01
1.958341713979990928e+01
1.898764802599783152e+01
1.925452757440364948e+01
1.894251486607826607e+01
1.952168090084179042e+01
1.920176757850579463e+01
1.912835716397782093e+01
1.900635371825664777e+01
1.918945760236954712e+01
1.940830467127964098e+01
1.934045914970466740e+01
1.889792411006567363e+01
1.946987875124978729e+01
1.901884260542660954e+01
1.920504310197816267e+01
1.923888464149450428e+01
1.947816851526001258e+01
1.969599632652290921e+01
1.900919254106615242e+01
1.895948427583072871e+01
1.915930744340289849e+01
1.953154998620935956e+01
1.935411020530441562e+01
1.902507330165754240e+01
1.886766765088957243e+01
1.877757155865865712e+01
1.949172584815060461e+01
1.862619401593857305e+01
1.939185910165384641e+01
1.928093101822619460e+01
1.958158941261750385e+01
1.937719263216980181e+01
1.931726825149234372e+01
1.902869314780586407e+01
1.930935089163746454e+01
1.938473710707236819e+01
1.902630896684260620e+01
1.962745659179512003e+01
1.896191180694857437e+01
1.924778178261248129e+01
1.945100073031715837e+01
1.942894266343689580e+01
1.883237735351240971e+01
1.924263822426378212e+01
1.953155206754361828e+01
1.913290794016007723e+01
1.936683408496345038e+01
1.901882366805921976e+01
1.894165172729621816e+01
1.923104381836903443e+01
1.913314347825630435e+01
1.899115060819607592e+01
1.923763341085157919e+01
1.915778367968422558e+01
1.943348041393410242e+01
1.891864343199224763e+01
1.944563955685079648e+01
1.923886475617809921e+01
1.943464141361511111e+01
1.926336057139078051e+01
1.927009238706767036e+01
1.909843320490665519e+01
1.893396260191695646e+01
1.909290929392886227e+01
1.944492653167917240e+01
1.905204903563046415e+01
1.978460376582713209e+01
1.902783077020674440e+01
1.903875955151927712e+01
1.959869178577168469e+01
1.937617509881784628e+01
1.905761886174184383e+01
1.919503068635871301e+01
1.879693252894828959e+01
1.981291079550026168e+01
1.959916281900695978e+01
2.010971959985370106e+01
1.970119815947754915e+01
1.947799137118956381e+01
1.949233241933174909e+01
1.921154548473452195e+01
1.953136866300469876e+01
1.955641160509633281e+01
1.941216824744963887e+01
1.922446754905867650e+01
1.954631267565083874e+01
1.866486909165666574e+01
1.893388056756781879e+01
1.965125030051511246e+01
1.925957642095588440e+01
1.889171410152154706e+01
1.935755191563678324e+01
1.915039513653399794e+01
1.872889764826424752e+01
1.922644809799680843e+01
1.908880514516584626e+01
1.917849095452524821e+01
1.949893371703859657e+01
1.904748548290325871e+01
1.931748026815493802e+01
1.916784874122580362e+01
1.947243210910754385e+01
1.933518609350250728e+01
1.913749821975194365e+01
1.972688251822732752e+01
1.908713967979369031e+01
1.897381767059721724e+01
1.923261974623654780e+01
1.942164793404943879e+01
1.952529418891116109e+01
1.900832829261063139e+01
1.897094364176161818e+01
1.922603197931310959e+01
1.905390068314899565e+01
1.902481024454066016e+01
1.960283676605562775e+01
1.940041975836886223e+01
1.908913296189430397e+01
1.949075709565335046e+01
1.926164612034478552e+01
1.917973310637335516e+01
1.941646316796096272e+01
1.945923263705559947e+01
1.930477198768650737e+01
1.912640063336013441e+01
1.971719854841654396e+01
1.901806892430144202e+01
1.868697396906585340e+01
1.921000166757902861e+01
1.832262382675795109e+01
1.933381362292933048e+01
1.938947480015376357e+01
1.866705990924757330e+01
1.954163098277918564e+01
1.900338767366589821e+01
1.980533723856267514e+01
1.928023724280615880e+01
1.910910319073958163e+01
1.964019446428640592e+01
1.924439563023572575e+01
1.963111913030291333e+01
1.842756158079745887e+01
1.939812339227457016e+01
1.946267341117770044e+01
1.955108852236831041e+01
1.990545196674464989e+01
1.932561964527161891e+01
1.972103941650884451e+01
1.971587107638416825e+01
1.940305886684575398e+01
1.876736448880037855e+01
1.907208225337827301e+01
1.918181771638865385e+01
1.905567948793010657e+01
1.892338891364217446e+01
1.900521860729213230e+01
1.946875135696846826e+01
1.939167241896295479e+01
1.926129091753048428e+01
1.879365261755999228e+01
1.934725608578413159e+01
1.971521560184616106e+01
1.970118288806444440e+01
1.934829950354561490e+01
1.923974140637069397e+01
1.953734942089562665e+01
1.941503168977606109e+01
1.940315468147869993e+01
1.909192512020513277e+01
1.931995913114099750e+01
1.946516376890753008e+01
1.870751950776972095e+01
1.958658347853236492e+01
1.910960344552338341e+01
1.931212394598460236e+01
1.908515302278217263e+01
1.952195200856333912e+01
1.919012599476046077e+01
1.882645546472771869e+01
1.947309771633282693e+01
1.940133944630333218e+01
1.908289758014252868e+01
1.912209391983219575e+01
1.882548625122418429e+01
1.873913070704799111e+01
1.923823292632422266e+01
1.883867612989069684e+01
1.950400988004079394e+01
1.889721596171451523e+01
1.948410470193479327e+01
1.889678350621403879e+01
1.990026760707724662e+01
1.942247307904099074e+01
1.987834256092133955e+01
1.954103893715363682e+01
1.937189847448996005e+01
1.924904305929052484e+01
1.911703772006604751e+01
1.876647892184662325e+01
1.931620724792644594e+01
1.926795927386099194e+01
1.930588853838418828e+01
1.973344752270038782e+01
1.934877843232101924e+01
1.902325755664826090e+01
1.990570577498055016e+01
1.906744635144957201e+01
1.917207187119212719e+01
1.890454767985549012e+01
1.917143875167627698e+01
1.951058291682389623e+01
1.923701411019579766e+01
1.935944498613633158e+01
1.919095718780179638e+01
1.955424996456352105e+01
1.915863299408065856e+01
1.976576486339612515e+01
1.936396190895908731e+01
1.915593494072622605e+01
1.946036893786106248e+01
1.908425288682621002e+01
1.885979395970789341e+01
1.953513119647553964e+01
1.950246527456465984e+01
1.900434904605821629e+01
1.932346089995361282e+01
1.945737223383532921e+01
1.950393469468360053e+01
1.909191265925086967e+01
1.924003083991739516e+01
1.921275545842346588e+01
1.942159819299662260e+01
1.966432086988487526e+01
1.912891441011421989e+01
1.870111000309422877e+01
1.960263614245453567e+01
1.921847469144020337e+01
1.912345057148007399e+01
1.887843116447374570e+01
1.931690502924357133e+01
1.893772867853498099e+01
1.907927304187394668e+01
1.909849269382416637e+01
1.943486670574548825e+01
1.946416833709332650e+01
1.991070171874631001e+01
1.934314608024133975e+01
1.941665204897269703e+01
1.906883316943973838e+01
1.967586980898334303e+01
1.946780176892361425e+01
1.920803164076590264e+01
1.929141216703433415e+01
1.957897619675583556e+01
1.945713245849076500e+01
1.916650088487956083e+01
1.920412973746047314e+01
1.940691731767682171e+01
1.927331395297388639e+01
1.910212785424675275e+01
1.979420547564663124e+01
1.899755325954238572e+01
1.943424213115610399e+01
1.938219684017045452e+01
1.919461841374705813e+01
1.948914554315539149e+01
1.907261697592013405e+01
1.880259910649448329e+01
1.975893432166870411e+01
1.880821601559717138e+01
1.941518529297411533e+01
1.969654220851926141e+01
1.929212952838772566e+01
1.959416957959390260e+01
1.920480076786869716e+01
1.993666275834847568e+01
1.913576581762361783e+01
1.917686670971248830e+01
1.970600209485537135e+01
2.005517668060309688e+01
1.910302864761889552e+01
1.889429177588981901e+01
1.974888949092632018e+01
1.917856438004507780e+01
1.930755152180434919e+01
1.936469602514442911e+01
1.900524622643368389e+01
1.915613134385722205e+01
1.918868041321534790e+01
1.863308561135589159e+01
1.900533808945489511e+01
1.971791347499243940e+01
1.902120053334723693e+01
1.904572132880771562e+01
1.894508936346327133e+01
1.899675740351227304e+01
1.884457726046965220e+01
1.940432023292569497e+01
1.928477200832449157e+01
1.915962739646661461e+01
1.899720456714497985e+01
1.945470762271320453e+01
1.967176261277710125e+01
1.929593515932189618e+01
1.899689096558494583e+01
1.965394005352204942e+01
1.865253919463478383e+01
1.934204605733512849e+01
1.928877664134486380e+01
1.936592830062695469e+01
1.915785011238978797e+01
1.916121603242883609e+01
1.921250890913136189e+01
1.918440273666476159e+01
1.923014985928859133e+01
1.984383944618809181e+01
1.889082957154243658e+01
1.933810459243345647e+01
2.010966407412127310e+01
1.932560134741969549e+01
1.911571832083982159e+01
1.888658430335101812e+01
1.903234417407128021e+01
1.918741406304731711e+01
1.928464480582741558e+01
1.952400797928419962e+01
1.890280196283696057e+01
1.949461427795210255e+01
1.922356136053296183e+01
1.932556930627752223e+01
1.938353609380791553e+01
1.924582777981755655e+01
1.922110498228397901e+01
1.913475263567885420e+01
1.950341568589690766e+01
1.961430089689426381e+01
1.907467261583755302e+01
1.908939577689501732e+01
1.849052040224546545e+01
1.883306896900100114e+01
1.917204154202045885e+01
1.954459222212738467e+01
1.961699205643806820e+01
1.963954602611633860e+01
1.927300001517788175e+01
1.948812246386891189e+01
1.928063081252073374e+01
1.930283709327848030e+01
1.918552148274214986e+01
1.942329106276964268e+01
1.920901203436557125e+01
1.950546461895488193e+01
1.932599614500210805e+01
1.913906043914308341e+01
1.946180479828122145e+01
1.918750389361577646e+01
1.944111207857536172e+01
1.952927089486238543e+01
1.945669114118161502e+01
1.951790434675271158e+01
1.918782091034624315e+01
1.890003488906370777e+01
1.929169995233513646e+01
1.951216047750059346e+01
1.986400347248256537e+01
1.949837458943876101e+01
1.944965903038679400e+01
1.890132208850815587e+01
1.902220009301784742e+01
1.914131489264410035e+01
1.980966066148648608e+01
1.908328454502387928e+01
1.947112423512092860e+01
1.928051965855800631e+01
1.966063593847269431e+01
1.957874972259240209e+01
1.920350301848997887e+01
1.964871062532918700e+01
1.915176415234094875e+01
1.968601158534750439e+01
1.904786151969147312e+01
1.848335188867236667e+01
1.955150433547352407e+01
1.895491973405325936e+01
1.920438331112971753e+01
1.938984547550120041e+01
1.937206889094203532e+01
1.897447052704157500e+01
1.930441511731272186e+01
1.934275843854378962e+01
1.915584559293201394e+01
1.890665051152626219e+01
1.934709643876194107e+01
1.923763617387433911e+01
1.935586120599404225e+01
1.915974600653936122e+01
1.863795169348693648e+01
1.939900812013710052e+01
1.915812954553436498e+01
1.986414417724677506e+01
1.893241509433595482e+01
1.897138628462715459e+01
1.912961333865736080e+01
1.970552725114417214e+01
1.911460500840503229e+01
1.937304399993563564e+01
1.929653964467648208e+01
1.968424178455129336e+01
1.912452970199259639e+01
1.912185507343770396e+01
1.889144010060461909e+01
1.998306234149417548e+01
1.925884918175651705e+01
1.919239566058360325e+01
1.897392752164164520e+01
1.944974816370278958e+01
1.939360275012068513e+01
1.916387558171937044e+01
1.959858213893783230e+01
1.881570263099186135e+01
1.925706594151306916e+01
1.894560345641326649e+01
1.926648951377867647e+01
1.931449823646027042e+01
1.909941165917923200e+01
1.940735374501304733e+01
1.907653361567584938e+01
1.891032121814128075e+01
1.878833394321824812e+01
1.931460896030379004e+01
1.937863890876365502e+01
1.926510793120174370e+01
1.949013743282010935e+01
1.946251302488675350e+01
1.909003721145428756e+01
1.944815150292035355e+01
1.906462421315555034e+01
1.912483726028264996e+01
1.892355145311994136e+01
1.914100752283135520e+01
1.907594807583515717e+01
1.908101719844824373e+01
1.940194183274111595e+01
1.913967542249243792e+01
1.922284825066110514e+01
1.917802043374847187e+01
1.941320078252377002e+01
1.931261366528653767e+01
1.928962413350483729e+01
1.918061217193736212e+01
1.932190354133358312e+01
1.939373105530172836e+01
1.906711842828028125e+01
1.920687051533203515e+01
1.912091071245347607e+01
1.930014003158721181e+01
1.925115127792144776e+01
1.912197333479999628e+01
1.952158227439739946e+01
1.901361091058814523e+01
1.930911008206009782e+01
1.931210225586169571e+01
1.952924061478767115e+01
1.922150157953736027e+01
1.902537613315510967e+01
1.909351261716266634e+01
1.937178037700023125e+01
1.940937664686843078e+01
1.957967918843731780e+01
1.954784247193812519e+01
1.903511372469468199e+01
1.938048198126480770e+01
1.944376476167943935e+01
1.935438394153590380e+01
1.917851189737291051e+01
1.957603508901728517e+01
1.944242718689638139e+01
1.921865848584887715e+01
1.948719439355654615e+01
1.965586849873907482e+01
1.939902975082021896e+01
1.896629819748668666e+01
1.918198915542396676e+01
1.914655745228293071e+01
1.929443732396844879e+01
1.939550597436818080e+01
1.883593680294393025e+01
1.941527041264747666e+01
1.922614902691800509e+01
1.932872099223125772e+01
1.946146572246309603e+01
1.932488038806427255e+01
1.920857812352322824e+01
1.908493043808951839e+01
1.933473545574820562e+01
1.898267514036270498e+01
1.948667281008107821e+01
1.856983069266966879e+01
1.937667857263789628e+01
1.935518467237909945e+01
1.880513750249902216e+01
1.892789884069050643e+01
1.973067020803104299e+01
1.914421863351095610e+01
1.909355810823262800e+01
1.981463747105451745e+01
1.899316931387754792e+01
1.945924014447572858e+01
1.914596957665262167e+01
1.905930624288125941e+01
1.885638285632964894e+01
1.952432811411871327e+01
1.938473867464983869e+01
1.935114539841275771e+01
1.898120815314188903e+01
1.946085694511268471e+01
1.971588903109477897e+01
1.920234298673470974e+01
1.949390243462809380e+01
1.895074979299078421e+01
1.865734153469098544e+01
1.921033464383451062e+01
1.930282881820037844e+01
1.957986617249581940e+01
1.950650663417100006e+01
1.926397465131933373e+01
1.903971354629344859e+01
1.939427642719181932e+01
1.929397698890848645e+01
1.920574559837626438e+01
1.902722796179665821e+01
1.908510229765784416e+01
1.939813999421995305e+01
1.880628012545941985e+01
1.907287654250569986e+01
1.932223644184122691e+01
1.927533605569094988e+01
1.966331052481572073e+01
1.946588246158400892e+01
1.980525661997921105e+01
1.917510177024605511e+01
1.933487975475546961e+01
1.882167031910871202e+01
1.927656662145779976e+01
1.931926881118760875e+01
1.929901264858529331e+01
1.969802791189372826e+01
1.946454608033217681e+01
1.923824468387394759e+01
1.979610209827755085e+01
1.898505331589606371e+01
1.909794035280989632e+01
1.927835315182166198e+01
1.877793621818568326e+01
1.954156640413019019e+01
1.950103060334079075e+01
1.899492868761869246e+01
1.903515512900104412e+01
1.956119934371238855e+01
1.932880415760238435e+01
1.943280671448061980e+01
1.943908102122950510e+01
1.935442381705674109e+01
1.931912660070701904e+01
1.931943980966657648e+01
1.901619652372076885e+01
1.875582952029024852e+01
1.986290480122932323e+01
1.896242557741872403e+01
1.882067735133257003e+01
1.941889178548772676e+01
1.890039712663903160e+01
1.866946426177575091e+01
1.937573819655469265e+01
1.943932667946722859e+01
1.990916408848822527e+01
1.896405466807485496e+01
1.921746526009417977e+01
1.913236180623666982e+01
1.942725305048618623e+01
1.920602053368767415e+01
1.927399545617706877e+01
1.972220483308414174e+01
1.895923185214339668e+01
1.919470488077246628e+01
1.913959807610027042e+01
1.898216852966459811e+01
1.904538453154322397e+01
1.894754688258548114e+01
1.957360204943242721e+01
1.923684768774864651e+01
1.968797059556828088e+01
1.952553253752271090e+01
1.969618608914149860e+01
1.925764185276176832e+01
1.897783203526657303e+01
1.925964905827295581e+01
1.913391728054078911e+01
1.868803856190996981e+01
1.921676643766544146e+01
1.874400886832123092e+01
1.936398809228782270e+01
1.975229051803503566e+01
1.866384120592742946e+01
1.931753285895501904e+01
1.897560104971136852e+01
1.957395306393249257e+01
1.896675374042765938e+01
1.898535351767582569e+01
1.973803039746002241e+01
1.893026794102859967e+01
1.944741956812385908e+01
1.898159156040663120e+01
1.958110441394858370e+01
1.966655052291022798e+01
1.928190137762946677e+01
1.903590596908798105e+01
1.892387205150787111e+01
1.928518827445510908e+01
1.975824762105053622e+01
1.945283290345200555e+01
1.922514480001658654e+01
1.906042009312915653e+01
1.918975584516927668e+01
1.938264752093610355e+01
1.943152666156906605e+01
1.905133694518820420e+01
1.942223008103846382e+01
1.905404528430612032e+01
1.901767431895587634e+01
1.951144862669456970e+01
1.918238735658926686e+01
1.960973081449092703e+01
1.911462649272516501e+01
1.920671191825914548e+01
1.891748988635626816e+01
1.959228396640943970e+01
1.885669218579621997e+01
1.905959263586839114e+01
1.951817583718853655e+01
1.904855018884752127e+01
1.934358604789807501e+01
1.907874462861666487e+01
1.933720256399715609e+01
1.893259071091418733e+01
1.902978205426284930e+01
1.931012479284328265e+01
1.924705727050515947e+01
1.935439334839944436e+01
1.897487450137982279e+01
1.911878372132092352e+01
1.968488009326166832e+01
1.922680829386730395e+01
1.926963850958266278e+01
1.907502398693139511e+01
1.884784287028010397e+01
1.921527633857055406e+01
1.886603192708687615e+01
1.931482850497774706e+01
1.922668013375642460e+01
1.919106276728773608e+01
1.967002857997947984e+01
1.915066300376600594e+01
1.916421643905745142e+01
1.922251300783781147e+01
1.918236227326968901e+01
1.899204265654266521e+01
1.924380221125769808e+01
1.917499528876935955e+01
1.961186918090815112e+01
1.942444592081390553e+01
1.903378312146925566e+01
