1.900331597652685289e+01
1.945383340796343319e+01
1.881005440485860447e+01
1.918535471959263816e+01
1.907239507035570369e+01
1.941663668312042645e+01
1.924454309419806108e+01
1.953683859419790281e+01
1.981444841871742923e+01
1.934134740598297952e+01
1.917518999790177148e+01
1.958666997823299027e+01
1.973300606494569109e+01
1.899892477861452633e+01
1.912033549666529453e+01
1.952175384853484630e+01
1.920675060561539382e+01
1.929034475843601726e+01
1.923205124617614459e+01
1.958793399094638588e+01
1.952261895191886154e+01
1.938635627427300179e+01
1.876000717493488423e+01
1.944069159284113368e+01
1.865114223002080251e+01
1.915443003502009489e+01
1.932436121424009912e+01
1.887957987567235563e+01
1.893448781659666125e+01
1.880787909288669013e+01
2.036617978068036905e+01
1.958436534364557247e+01
1.900482524945156015e+01
1.956807469648447295e+01
1.912410910155925237e+01
1.900425827049019389e+01
1.915982360279511454e+01
1.934650811195314191e+01
1.902569086657049624e+01
1.936504476256391172e+01
1.959899476225776382e+01
1.900657406782219638e+01
1.944566168852057686e+01
1.876813134003887740e+01
1.922080647696596145e+01
1.931424695979038830e+01
1.912598096399394620e+01
1.899106167812453450e+01
1.933556176768137291e+01
1.974511775368570099e+01
1.971904118398567718e+01
1.920467744799212539e+01
1.946831073626119846e+01
1.927243798497230998e+01
1.904745819739099844e+01
1.945860571007428774e+01
1.921488015191687637e+01
1.871561625845110299e+01
1.945238350546165407e+01
1.962907370722326661e+01
1.895413705950220518e+01
1.913257893542576937e+01
1.929646676633625546e+01
1.978121447924610976e+01
1.901335444299347799e+01
1.887789395249232172e+01
1.942178161069772102e+01
1.879915188809007986e+01
1.929025201969930237e+01
1.910348433710655769e+01
1.873217673326098165e+01
1.906177762414576193e+01
1.902293958856457934e+01
1.953800851320265153e+01
1.907060755342821068e+01
1.925561687974116509e+01
1.910050845913962903e+01
1.879412794723153013e+01
1.910897928667843004e+01
1.887570153773961579e+01
1.916678025383944473e+01
1.926219372330008639e+01
1.905667662533839035e+01
1.895271125006405910e+01
1.948570560799889861e+01
1.921842116509571241e+01
1.931401927622167136e+01
1.919418034654698957e+01
1.886487698354647691e+01
1.893182727576935065e+01
1.905902169868107876e+01
1.961337934963366081e+01
1.912307757361506688e+01
1.971602877744368598e+01
1.916318582915162594e+01
1.923856533931586910e+01
1.975045070705646921e+01
1.929649313602690341e+01
1.908854259456069258e+01
1.953895510654010792e+01
1.969510507832419677e+01
1.963011668750701944e+01
1.923342797341435428e+01
1.939189532813580641e+01
1.958001697763723215e+01
1.887692391402059400e+01
1.932953263196780469e+01
1.907132225044471596e+01
1.930055301187007544e+01
1.908995605018151664e+01
1.914372740464408906e+01
1.920198369018546458e+01
1.940722333930341748e+01
1.911500967726511391e+01
1.886458454280157682e+01
1.936657164893234295e+01
1.934104062798402879e+01
1.923705347347824812e+01
1.916165320153558227e+01
1.890043522491126637e+01
1.881676295226447593e+01
1.922922844119818109e+01
1.956356754328365355e+01
1.922823855751010313e+01
1.900916303286933839e+01
1.998601729062263388e+01
1.915955829922225107e+01
1.904701936619689917e+01
1.955443705258777598e+01
1.948455259228979841e+01
1.895306449696126805e+01
1.928767661058738270e+01
1.928105828928542564e+01
1.959338290924089065e+01
1.929927587021921909e+01
1.944735208777445123e+01
1.915818073389829834e+01
1.957146707012407916e+01
1.893116947244574888e+01
1.911371355571559860e+01
1.919021578824611396e+01
1.931146421503199662e+01
1.915217488492650588e+01
1.917092175626186545e+01
1.942691759534249130e+01
1.894044147400406430e+01
1.916064321016125049e+01
1.924083326166300978e+01
1.963614273158938062e+01
1.946081852525598066e+01
1.922034090566795328e+01
1.966069505343707391e+01
1.905504994800693197e+01
1.936186744200309917e+01
1.933914666830973417e+01
1.894821733099943017e+01
1.978690403065751369e+01
1.950562634727516453e+01
1.961865620447449032e+01
1.949115811896520967e+01
1.923349143777206649e+01
1.951895258259152044e+01
1.914188763055608788e+01
1.920613107372562567e+01
1.929178502403866702e+01
1.938587301664502505e+01
1.905003752706384645e+01
1.871139202749234443e+01
1.918546987003275106e+01
1.902356919045313433e+01
1.880285980599920137e+01
1.958532275793236010e+01
1.926875436575057776e+01
1.952833325169094181e+01
1.928198602127718075e+01
1.975439073585619809e+01
1.934100242688952420e+01
1.936085688667576932e+01
1.929331008284323801e+01
1.920434847801544009e+01
1.900463857839396198e+01
1.913168702720184555e+01
1.894773723113919672e+01
1.939811361870012263e+01
1.909562240754427265e+01
1.910215404122742910e+01
1.898383857450624390e+01
1.903100233347217340e+01
1.881502697954635650e+01
1.904189085466219922e+01
1.925374042361588778e+01
1.968711506761436780e+01
1.926533609251644918e+01
1.913274196122430837e+01
1.933568417743931889e+01
1.929082355448716157e+01
1.940423004997889223e+01
1.877508954947741771e+01
1.937614000508583700e+01
1.939233017490416344e+01
1.895147191075291460e+01
1.975662053440033361e+01
1.953509554896253064e+01
1.884786116728880856e+01
1.932824208965343971e+01
1.954004515053221169e+01
1.983543735383846496e+01
1.927368819509658948e+01
1.935216726557009181e+01
1.939085522827413399e+01
1.979052558859904920e+01
1.910877007987978260e+01
1.936358662613490011e+01
1.910424528483686046e+01
1.919439027925616514e+01
1.939660795971927953e+01
1.902911962485560338e+01
1.950721881435485727e+01
1.948501561696274109e+01
1.925356770658524397e+01
1.887704173272121722e+01
1.926601745329868720e+01
1.898923395194738717e+01
1.879211105620579758e+01
1.884314593448832653e+01
1.885574461395308887e+01
1.890741947032007531e+01
1.896915742535726679e+01
1.941918528935417498e+01
1.920550202188991307e+01
1.920620434661612563e+01
1.941335524815314173e+01
1.906225968122216230e+01
1.903886351812956335e+01
1.906316924017286496e+01
1.941446765724523971e+01
1.941946575138178943e+01
1.943317125856488303e+01
1.946004415929235165e+01
1.965729108960905336e+01
1.882888331056779307e+01
1.924402538255208128e+01
1.955708509471286050e+01
1.950661930741527783e+01
1.884135636049164830e+01
1.918851525671119163e+01
1.947667361398746166e+01
1.946210518219957208e+01
1.922969952506555558e+01
1.962097716753742915e+01
1.928682791599164759e+01
1.867797703480706772e+01
1.918502570229461313e+01
1.957068152764572488e+01
1.905600263279424311e+01
1.886708163591793763e+01
1.935544323658962540e+01
1.924925951592839724e+01
1.919233397728909907e+01
1.957576034447701829e+01
1.885623203665248582e+01
1.929603110073750827e+01
1.913080889288485764e+01
1.943247178474994286e+01
1.836474574334353704e+01
1.922780634460539062e+01
1.950412151307013531e+01
1.940179709697757104e+01
1.896927525982126639e+01
1.924998709527643825e+01
1.885430401319445437e+01
1.915420162038267549e+01
1.953254319667676953e+01
1.943779900382978099e+01
1.870021033933997501e+01
1.917954642505898732e+01
1.927635693195832900e+01
1.904562807366091093e+01
1.920803895706439945e+01
1.911376212067818869e+01
1.910908756512499096e+01
1.914151626631334935e+01
1.919275322715798637e+01
1.950349770735818922e+01
1.895157345514279257e+01
1.948328051210686951e+01
1.906626818202907714e+01
1.921326191253724147e+01
1.946861800080075255e+01
1.964356955398796600e+01
1.988287481872512075e+01
1.890171954956541001e+01
1.856659623126258651e+01
1.942613929449447596e+01
1.944948258736298285e+01
1.914440799259470083e+01
1.873579944521789997e+01
1.915624640277939505e+01
1.879416158926683522e+01
1.946929057560921450e+01
1.930369392558963426e+01
1.914477136759864351e+01
1.919261989541798386e+01
1.941225088145136723e+01
1.931987262112476245e+01
1.938755447279294231e+01
1.873805264609917032e+01
1.927044531311680942e+01
1.899548381789064777e+01
1.887294134763870801e+01
1.966186479979191759e+01
1.993961066528789416e+01
1.924481205304251930e+01
1.992995368514141319e+01
1.965807240252065213e+01
1.882047476021957877e+01
1.916807086943408933e+01
1.909888352964734892e+01
1.890601055788150120e+01
1.943951526057447055e+01
1.946585751070828252e+01
1.908857143974549331e+01
1.937537370305436468e+01
1.985511385605167689e+01
1.933582191243531767e+01
1.929736541134002437e+01
1.892708930625513730e+01
1.931317443504188702e+01
1.948645295459703064e+01
1.959470109118710113e+01
1.921273310798922651e+01
1.933523278814328350e+01
1.948287631696275923e+01
1.928701883328106348e+01
1.874440500824952238e+01
1.927124454992711833e+01
1.965071686953157126e+01
1.950855456646329600e+01
1.900209495261906767e+01
1.952536718817953343e+01
1.944489617604523701e+01
1.940570704981272243e+01
1.915227385043832342e+01
1.925097004061670702e+01
1.880871783031997069e+01
1.950177315329834116e+01
1.891208920528934456e+01
1.876285678663858292e+01
1.933212277362139986e+01
1.914833182384280974e+01
1.939459040319837868e+01
1.957193282224532993e+01
1.972401391257985992e+01
1.931354515767880642e+01
1.940278902643511927e+01
1.925513866188464007e+01
1.926887995864121095e+01
1.913675415607328389e+01
1.907361748535626234e+01
1.938331541848007333e+01
1.906163623901834470e+01
1.901762352481761198e+01
1.962671893038663384e+01
1.950648727643456581e+01
1.935095151838917715e+01
1.959100251802734149e+01
1.908035238947656254e+01
1.937608930377975724e+01
1.910595357599757804e+01
1.911518759282056124e+01
1.882558205555718089e+01
1.936707610780425171e+01
1.973039695365124757e+01
1.967064688806105011e+01
1.941960999007266508e+01
1.899905548576857583e+01
1.947742419220243448e+01
1.951369591406299264e+01
1.869264829514747817e+01
1.945663411921464814e+01
1.933496235445276668e+01
1.884552168555524077e+01
1.980569071297786010e+01
1.926863932674934077e+01
1.864961767744130228e+01
1.941332801617138415e+01
1.933895846077221137e+01
1.956559424286614757e+01
1.939019062603507493e+01
1.933414313960442499e+01
1.940204895727146450e+01
1.914255679190744885e+01
1.948647536805946956e+01
1.946584708763458593e+01
1.903624598963073566e+01
1.880916637931571600e+01
1.977145747793339936e+01
1.925986090542819085e+01
1.879036302000908876e+01
1.907984113725281716e+01
1.959902180758416890e+01
1.894328473209831643e+01
1.952959357127732432e+01
1.926086155496467356e+01
1.923289868186063956e+01
1.895449396367889605e+01
1.906630894011177801e+01
1.932825507206175786e+01
1.932835989665053589e+01
1.971749077676454220e+01
1.987018400233744231e+01
1.952077737601020857e+01
1.910996175491468918e+01
1.941690581140634109e+01
1.935141617602259956e+01
1.934920753858280662e+01
1.917111727391178988e+01
1.925408745634292274e+01
1.948898690936796996e+01
1.930522486612765576e+01
1.918924201117156514e+01
1.877390924584305765e+01
1.945378191964467263e+01
1.882583272461708290e+01
1.959673075581065405e+01
1.919316897673712319e+01
1.979692976449247510e+01
1.953735582701076012e+01
1.900849651354811343e+01
1.959901064496701650e+01
1.862772974683998939e+01
1.924900881476818171e+01
1.915004832933406220e+01
1.969117387925692242e+01
1.937439380705187020e+01
1.963530010525720471e+01
1.972645615033148303e+01
1.933398837257112035e+01
1.908814404600956749e+01
1.914537386811493391e+01
1.893780051957851285e+01
1.952529288950559305e+01
1.944001526137662950e+01
1.971260952637393515e+01
1.912652575179366465e+01
1.898652885072435126e+01
1.925729733398473087e+01
1.904016988914875341e+01
1.953705046680076407e+01
1.909703451669325247e+01
1.892092527419795545e+01
1.898057261075031477e+01
1.972327405629713937e+01
1.916324703618567327e+01
1.958661458797303823e+01
1.919595565281051464e+01
1.923661920134790648e+01
1.965505132629154872e+01
1.946038729721110272e+01
1.910366489274662527e+01
1.894756070418409166e+01
1.898276067840720316e+01
1.943091963507387732e+01
1.923267129971127432e+01
1.917556293110020960e+01
1.892612229146827474e+01
1.921092505921316729e+01
1.920612325889447547e+01
1.937200600420651142e+01
1.945008873208413291e+01
1.904463305256020078e+01
1.960666052919538060e+01
1.959626734450053576e+01
1.863183953674863602e+01
1.917006525467721545e+01
1.903496027601955376e+01
1.959771666137351431e+01
1.991420297640744153e+01
1.959525757082260711e+01
1.952429014157739928e+01
1.975955078760134498e+01
1.917545879403233045e+01
1.921302135178229520e+01
1.870570147352391999e+01
1.910599503814295019e+01
1.897796447369375983e+01
1.932864758419306028e+01
1.907261099193460296e+01
1.949384330332274473e+01
1.928891511980784301e+01
1.895720468326427977e+01
1.925327513964613146e+01
1.910384488505632916e+01
1.955725213428334186e+01
1.945542133020921582e+01
1.909745486364673894e+01
1.933576006559649585e+01
1.903642887276442863e+01
1.953755006872594180e+01
1.938966981207538609e+01
1.953507979593855026e+01
1.957632020770801162e+01
1.896577321743864175e+01
1.931949527423931201e+01
1.937919924969964924e+01
1.892397380772219151e+01
1.908215759341668871e+01
1.994484467321005283e+01
1.946400291200671617e+01
1.924640973441507086e+01
1.949494111655012318e+01
1.917195545263982126e+01
1.939883249149389144e+01
1.920249860067125169e+01
1.936098420853246793e+01
1.917088978641091046e+01
1.856655444049511772e+01
1.978951394891205595e+01
1.886279485844492498e+01
1.917108715728386770e+01
1.937603151548779934e+01
1.908461394434012703e+01
1.921950042034691108e+01
1.901815024656923470e+01
1.936683066181968726e+01
1.943280100978890346e+01
1.955132110466328399e+01
1.914627609879931214e+01
1.904187459526994175e+01
1.915218866670241482e+01
1.902119084408381511e+01
1.965847373800156817e+01
1.930280687053420863e+01
1.906085721985156667e+01
1.909879392639914286e+01
1.947378691579289267e+01
1.913522069108321944e+01
1.987850645122689741e+01
1.944039059971766648e+01
1.906321435365185124e+01
1.934423713634878794e+01
1.970063955910503850e+01
1.904932552043387517e+01
1.966559426478316297e+01
1.976309884614777701e+01
1.893969130124331812e+01
1.904150869661664913e+01
1.941806146608074002e+01
1.911264777604582932e+01
1.925295829862488972e+01
1.914681313122988726e+01
1.946539895262540654e+01
1.953383809566254925e+01
1.910804599265055614e+01
1.909672518278469511e+01
1.913359873888179763e+01
1.917844981806246452e+01
1.899663118442309084e+01
1.886985387135657533e+01
1.912788456539054849e+01
1.924095107125323878e+01
1.974134985357121508e+01
1.976458155958292195e+01
1.965154759792375572e+01
1.881119898456266526e+01
1.934090890542024610e+01
1.916284285273016863e+01
1.929698479082457396e+01
1.965708264459780352e+01
1.949578446947093724e+01
1.957600471313019597e+01
1.914077130337610910e+01
1.890403206170057615e+01
1.939369971143451110e+01
1.907692952300399369e+01
1.951995251698390987e+01
1.865831172084983436e+01
1.919707090180511599e+01
1.964431902860072654e+01
1.917006673568492658e+01
1.889767579996087576e+01
1.903289289114786698e+01
1.930465981798236896e+01
1.893803799963519552e+01
1.929557114193632472e+01
1.938063984975704557e+01
1.924978482168546634e+01
1.906979778399831815e+01
1.917115884760242395e+01
1.874106744837186866e+01
1.897622073463899639e+01
1.923757315034215409e+01
1.921220125314402694e+01
1.941250137172046308e+01
1.937498087647208678e+01
1.923914784094683483e+01
1.901257829820799117e+01
1.874119654817653569e+01
1.916424852669554468e+01
1.928678624023187993e+01
1.922090587132972317e+01
1.924156841892570924e+01
1.861368498638076829e+01
1.926569167692572648e+01
1.921855067678125550e+01
1.884225594607262266e+01
1.851216861285109871e+01
1.913332973089591249e+01
1.972500259887457119e+01
1.912724101170794455e+01
1.935130301687796006e+01
1.886508560304906368e+01
1.939544881573450397e+01
1.967405582577119105e+01
1.936671070739633649e+01
1.959636488400308352e+01
1.898114046390571730e+01
1.924358091081598943e+01
1.900578467040740804e+01
1.919463143371316960e+01
1.923767985201586228e+01
1.940905311279493972e+01
1.925486109167207971e+01
1.879518205774103379e+01
1.949624195670783067e+01
1.917403821586967894e+01
1.973384742242641465e+01
1.895414477765348593e+01
1.890490306980425927e+01
1.972735961381000180e+01
1.897886124540154995e+01
1.970368643288665211e+01
1.927007474616109306e+01
1.910303131759082973e+01
1.951057761248097933e+01
1.903352998820680142e+01
1.913965318142800953e+01
1.938285541262202827e+01
1.907133339720068221e+01
1.932993161575774366e+01
1.936028425700969890e+01
1.977083540373551784e+01
1.945189730067063039e+01
1.899540848749870037e+01
1.924401661757602966e+01
1.924844691995991042e+01
1.882659015308999528e+01
1.921531575184656404e+01
1.914259539322670278e+01
1.921426959530401035e+01
1.939734621154338967e+01
1.858759177856608602e+01
1.902399958695189142e+01
1.924105864038896385e+01
1.938498401269700722e+01
1.970423045626852598e+01
1.977248532480891896e+01
1.911495169380627601e+01
1.898973882288780857e+01
1.909859105530635048e+01
1.948117198000263173e+01
1.920236274821620981e+01
1.915528137332659497e+01
1.898223008490687747e+01
1.909691678658284886e+01
1.919549642037159742e+01
1.909155848303738878e+01
1.962317685829991376e+01
1.954268513637509130e+01
1.910713985961109884e+01
1.912078384626978078e+01
1.916205154649575348e+01
1.921688485373957533e+01
1.911557101961296112e+01
1.936995861641447192e+01
1.949944265924890985e+01
1.932466658743596000e+01
1.893645033042222181e+01
1.935057894143419333e+01
1.983177608156109173e+01
1.892314444025281261e+01
1.947901107591029302e+01
1.953733349257482033e+01
1.940656064765955335e+01
1.952378054972187016e+01
1.889281798118299704e+01
1.977403351416485577e+01
1.920774952028929405e+01
1.860207975589755236e+01
1.934688819800993898e+01
1.900932371632666218e+01
1.930266096588275104e+01
1.949252218152117422e+01
1.929331007411292376e+01
1.929559687231120435e+01
1.979117153107713989e+01
1.874011596991592299e+01
1.916500997952473639e+01
1.949287542647326177e+01
1.971082391413615653e+01
1.879044293608716032e+01
1.955694889865984720e+01
1.892185589879639096e+01
1.912967029963393983e+01
1.946367250427485374e+01
1.948024905283226360e+01
1.903063699303572420e+01
1.911516079114846178e+01
1.887966486594979543e+01
1.897547448132537440e+01
1.869805903968101646e+01
1.927290915482844724e+01
1.891237885184523648e+01
1.915933645350997594e+01
1.939255526051313439e+01
1.969537710636824812e+01
1.921440288827788834e+01
1.912668927025522336e+01
1.944996353349101526e+01
1.922657999300374954e+01
1.893220441567687828e+01
1.936180097346536044e+01
1.964805558110037964e+01
1.924339840840558580e+01
1.925864114985321862e+01
1.924531680694098412e+01
1.917154294350619992e+01
1.896301325054762188e+01
1.925659439565519904e+01
1.916862783469785825e+01
1.939736968624866975e+01
1.961096324456482165e+01
1.846330926940375150e+01
1.910906853633592206e+01
1.924384362671406024e+01
1.965576084457954664e+01
1.912918833185703704e+01
1.976623494086322097e+01
1.940888111599413435e+01
1.975711587226150101e+01
1.954544380958841643e+01
1.946455075845844007e+01
1.903712625518103607e+01
1.918158320347190227e+01
1.940102282582002502e+01
1.906860898750011657e+01
1.911167292718279853e+01
1.930982753383027628e+01
1.882422436020648959e+01
1.959120093572574461e+01
1.904289590308975022e+01
1.928485902260032603e+01
1.910062747356414903e+01
1.864972175843311319e+01
1.958451773879070856e+01
1.899928612500861647e+01
1.943162166275256553e+01
1.957731511858363760e+01
1.909417892994105159e+01
1.892741731594865584e+01
1.909495638685454821e+01
1.976255254217131707e+01
1.860529918649332615e+01
1.930018880348260524e+01
1.927956635015456399e+01
1.926047163874369161e+01
1.870725544288083952e+01
1.918700318161588569e+01
1.913144030113725336e+01
1.900931610399224780e+01
1.909361048374789505e+01
1.920717337443814898e+01
1.943793670269940677e+01
1.858612213605938024e+01
1.921424841893898616e+01
1.908098989136504997e+01
1.932998035560818195e+01
1.954502034283915179e+01
1.886369831210268089e+01
1.882799031893742736e+01
1.970247013465091968e+01
1.951064467984128825e+01
1.953787381887760333e+01
1.886400655272593951e+01
1.902251759908343942e+01
1.911490176664361584e+01
1.896929027932900169e+01
1.870142180254263309e+01
1.955103360214237185e+01
1.941538186015227296e+01
1.938960949670313738e+01
1.887402560659339201e+01
1.879105001433085675e+01
1.975936128882662857e+01
1.891632980505767847e+01
1.894706652319074891e+01
1.890422763061034317e+01
1.946839192528323537e+01
1.922036833718668092e+01
1.952898629648644757e+01
1.942227194806813984e+01
1.901704440936077489e+01
1.926832278451828984e+01
1.921081342915627488e+01
1.947932014600200645e+01
1.931616686070665168e+01
1.892366926029075458e+01
1.974077562533311081e+01
1.937411999697296139e+01
1.920981493191495204e+01
1.964246709735898833e+01
1.947695722352456826e+01
1.919721381726537146e+01
1.891801721443502160e+01
1.942348457776053650e+01
1.992007651346406405e+01
1.992402338237232584e+01
1.969203295711764312e+01
1.889723814581490302e+01
1.949002558370476379e+01
1.975586446997796131e+01
1.888136621603421261e+01
1.901644585188829950e+01
1.965821805119351851e+01
1.864313606924155309e+01
1.965431869293972156e+01
1.891667046129882479e+01
1.958191957018469864e+01
1.912060840492571856e+01
1.936194326698225510e+01
1.949447435104324100e+01
1.935986755858122166e+01
1.905269499653950049e+01
1.913835347955803456e+01
1.959557912449301753e+01
1.939212036990537413e+01
1.902816147626030840e+01
1.918900817366624523e+01
1.949239459302010147e+01
1.943046884468126478e+01
1.931511423758605162e+01
1.901874764913253557e+01
1.879887574563078445e+01
1.935309016909855018e+01
1.875413108711981991e+01
1.896905385610413219e+01
1.930776353660316502e+01
1.875534135777844114e+01
1.955515859880397400e+01
1.955160720641516647e+01
1.913666725625775555e+01
1.926732412019867624e+01
1.908615819189497032e+01
1.942003730277670925e+01
1.894270479316880085e+01
1.931474507630982629e+01
1.907419272809921296e+01
1.923081521472978039e+01
1.867838489402241819e+01
1.946425497123087212e+01
1.920040519480237506e+01
1.875302262455801738e+01
1.948705115936472509e+01
1.916230947531353479e+01
1.948647590272256380e+01
1.904463895655307937e+01
1.960629579513156884e+01
1.927421154211145193e+01
1.948183281088711638e+01
1.927219234234132728e+01
1.915163558325683013e+01
1.949556826975980783e+01
1.866831501596443843e+01
1.872226377477496584e+01
1.939277973658365184e+01
1.909323534374692599e+01
1.957469486028168504e+01
1.962417483422409958e+01
1.952454440159833382e+01
1.927591405406865022e+01
1.920852144283069762e+01
1.896438557543230274e+01
1.898221269990514415e+01
1.922667320485221509e+01
1.912299835158344763e+01
1.925311414258404241e+01
1.957693334459019852e+01
1.948949574537335039e+01
1.901288593801351823e+01
1.958105574399527171e+01
1.935893440234423934e+01
1.909627453099712113e+01
1.954093165366362683e+01
1.913458753352956521e+01
1.884904913138925409e+01
1.901643134992065143e+01
1.929640810085824043e+01
1.868180048985287911e+01
1.925909657695931188e+01
1.925921490333139019e+01
1.935772657076972436e+01
1.900230796697721658e+01
1.888130769665257347e+01
1.957862828106611275e+01
1.926269324661204863e+01
1.902387439804978442e+01
1.930894373113082807e+01
1.940211471267013010e+01
1.920031912948789099e+01
1.929477680864862421e+01
1.912164097814426356e+01
1.922187026554110290e+01
1.989748483920275746e+01
1.946324827899195142e+01
1.908674136239571695e+01
1.959393945397299674e+01
1.886313439895091904e+01
1.965671467942174289e+01
1.944294878972419482e+01
1.901773153716997911e+01
1.964166038993283792e+01
1.907884013014372826e+01
1.906349245097529632e+01
1.911191912240307644e+01
1.965832629640002693e+01
1.936127516359394463e+01
1.893561120669759745e+01
1.927984011899684802e+01
1.943392529673666047e+01
1.946048153294148264e+01
1.941337790722496237e+01
1.964231951502038953e+01
1.972836556983914846e+01
1.913229968182580976e+01
1.938619379548419985e+01
1.880460020523305076e+01
1.886437407275486322e+01
1.938264947104658020e+01
1.894785312726701676e+01
1.944281087583585688e+01
1.916454684709067635e+01
1.932195616642326286e+01
1.928578277823432785e+01
1.904391680980379320e+01
1.910075067462539167e+01
1.912995004152973166e+01
1.912877230141580398e+01
1.865744796333837741e+01
1.929677586706378989e+01
1.947791724263871771e+01
1.959796382122355141e+01
1.909374641942384443e+01
1.953831835645196335e+01
1.934415999632553707e+01
1.894642029544413475e+01
1.968766638175529593e+01
1.903989748802246140e+01
1.890226949194673978e+01
1.918990949982468308e+01
1.954333563561183595e+01
1.920884694141723870e+01
1.892818078332910048e+01
1.879473399414345280e+01
1.919942848065842611e+01
1.935118323573537324e+01
1.948243053339849595e+01
1.924227439533749973e+01
1.946715367851936307e+01
1.938238906580061638e+01
1.899182999325391563e+01
1.928281045465469390e+01
1.959890625864439428e+01
1.962780707732841989e+01
1.923335654526579930e+01
1.900781936667428340e+01
1.897861371472188807e+01
1.909895006199304746e+01
1.925267591392960753e+01
1.922275385517745860e+01
1.940322271174714075e+01
