1.903546507944176724e+01
1.951599756399522434e+01
1.911234288344318699e+01
1.960160709380544475e+01
1.949698080862498983e+01
1.917366382647957579e+01
1.907831992929527587e+01
1.899362443778239395e+01
1.936669674546136477e+01
1.915017459669470057e+01
1.940571712557198225e+01
1.876426521410349579e+01
1.859109653387626793e+01
1.913715512215770431e+01
1.893064412652061890e+01
1.921885157832040747e+01
1.919706410019773557e+01
1.868365505823715012e+01
1.919176383384196072e+01
1.964744420834485439e+01
1.980011939562179890e+01
1.878977693758862344e+01
1.920117374293763746e+01
1.940575947127844003e+01
1.938171378932407762e+01
1.886495453931097543e+01
1.939437816146267934e+01
1.951555696237061355e+01
1.918194581133121801e+01
1.906718259808368643e+01
1.877434253619164295e+01
1.946116066548241719e+01
1.906037773817166681e+01
1.906947414353948744e+01
1.900439717906660064e+01
1.922788919453509848e+01
1.953308137072721351e+01
1.910587743693300311e+01
1.933326164651860424e+01
1.937974210784760842e+01
1.916742898206891610e+01
1.913189659899900974e+01
1.898386738465340429e+01
1.940345633422028016e+01
1.918155177011714230e+01
1.934201356605467481e+01
1.955841403605952067e+01
1.874187552785275557e+01
1.935907165539720864e+01
1.931166717558886248e+01
1.934448547876899482e+01
1.952116346771502720e+01
1.873232820989631620e+01
1.968867114104391902e+01
1.943687257663131618e+01
1.913603921614448211e+01
1.938575930010710024e+01
1.913163749065979502e+01
1.874184271190330620e+01
1.929193701546088491e+01
1.974470498575667676e+01
1.892520975489719604e+01
1.916402489192627456e+01
1.839188419319773260e+01
1.946754264556918912e+01
1.877298536304096999e+01
1.959455225044100501e+01
1.905174517760447017e+01
1.923340673513800780e+01
1.905453797174872577e+01
1.942691982900399239e+01
1.950310904812893043e+01
1.908735930951537441e+01
1.891375746877902841e+01
1.903959962756357882e+01
1.940526971679424761e+01
1.930296124776904065e+01
1.914657334495075958e+01
1.917697300408623917e+01
1.922116732978159703e+01
1.960527069470582973e+01
1.940802897103600344e+01
1.962183578938294204e+01
1.950175358545232740e+01
1.952154121155172461e+01
1.943948561789189355e+01
1.933275001739624699e+01
1.891859006947543165e+01
2.010720183583593723e+01
1.973516930271383529e+01
1.955703131367055292e+01
1.924071105928525682e+01
1.927560370757712960e+01
1.917972333295553611e+01
1.947215379324505946e+01
1.923434468461980629e+01
1.893989222046734966e+01
1.963823220387713775e+01
1.903669940106135172e+01
1.934835999996196065e+01
1.957300364161905648e+01
1.959868914161966558e+01
1.944757276483849040e+01
1.919074853614507248e+01
1.890119219291329600e+01
1.946566303661522213e+01
1.882393929137658262e+01
1.898556850870370027e+01
1.973719322257662512e+01
1.900060618797275680e+01
1.896716261640264989e+01
1.979128577611522743e+01
1.934512867746271070e+01
1.958855969261053431e+01
1.884140294224460987e+01
1.880746950797766814e+01
1.913368446083497076e+01
1.964977545579669638e+01
1.937268054257178207e+01
1.918531038754136731e+01
1.924313951967297243e+01
1.920472567547886555e+01
1.901505830038727751e+01
1.932281136742165017e+01
1.981210199459848909e+01
1.898360818218821322e+01
1.843742086985783146e+01
1.943133769305076441e+01
1.966485434618249073e+01
1.903865778074031923e+01
1.910252048157434857e+01
1.943266329858238706e+01
1.958730224467513636e+01
1.892991220528658403e+01
1.916791822286900526e+01
1.961858102999836007e+01
1.905802469646869568e+01
1.965916788260019032e+01
1.971776722914253099e+01
1.882675523797003336e+01
1.940731241553467257e+01
1.931583853590943889e+01
1.926898218351013625e+01
1.931823897969914938e+01
1.935190800613474593e+01
1.958210464663802952e+01
1.917241893921398699e+01
1.901892128741340571e+01
1.935879402343745781e+01
1.957710190913896398e+01
1.937487929717180180e+01
1.891511353625388026e+01
1.904723050609142732e+01
1.922428364680521540e+01
1.936595088068671089e+01
1.927662628040148363e+01
1.911302739946468066e+01
1.946376689002347504e+01
1.920013210977398899e+01
1.934915400203019331e+01
1.877562067320948813e+01
1.890955659868141225e+01
1.934590295873381294e+01
1.943889530339848548e+01
1.898370018961025352e+01
1.898717061111289439e+01
1.887798129326079888e+01
1.920807796173184201e+01
1.898201207330302864e+01
1.922119183753680005e+01
1.947225633415995105e+01
1.964616683836994326e+01
1.848096799761247766e+01
1.995909718630978702e+01
1.941160202601103180e+01
1.979737125379370966e+01
1.894373462404340813e+01
1.891970447300140634e+01
1.881830689196605277e+01
1.890121052247438982e+01
1.920858258039076105e+01
1.919255819346401637e+01
1.965549909516430560e+01
1.978932657309504606e+01
1.911863942937223015e+01
1.896991111018915532e+01
1.914897040708402898e+01
1.896776368471907048e+01
1.916612812328331117e+01
1.982537843384982779e+01
1.911761653246312420e+01
1.942498915103335477e+01
1.951678529072730228e+01
1.961424502820159788e+01
1.956124570061313861e+01
1.954692324374750712e+01
1.970557983951361081e+01
1.923741837861452098e+01
1.930105923580125449e+01
1.943523517615805574e+01
1.877537608284273318e+01
1.924727342044121414e+01
1.960126067152744156e+01
1.886117114024440866e+01
1.884744631717492425e+01
1.983154447662936093e+01
1.959139571552939429e+01
1.894023732960356199e+01
1.923696983462003729e+01
1.872567945324765759e+01
1.936790841517448314e+01
1.900435309265786543e+01
1.905998249572091652e+01
1.885675093038637229e+01
1.941324199269349648e+01
1.903490554709359728e+01
1.926620367314124849e+01
1.884841276304584667e+01
1.875094317570978930e+01
1.923818780116659966e+01
1.912899501575560279e+01
1.921470603170071456e+01
1.950210472133071349e+01
1.927790246240354222e+01
1.885503591308301452e+01
1.939397417365559662e+01
1.964610573534305260e+01
1.916962689726783964e+01
1.907447005263025019e+01
1.914943908785856408e+01
2.010352438643759143e+01
1.918487058673562728e+01
1.905267267713304591e+01
1.924607595740904031e+01
1.928712360203858367e+01
1.933849262981786055e+01
1.999175762174710158e+01
1.965305078479931566e+01
1.939234875072987663e+01
1.922905212168819133e+01
1.918502084273565700e+01
1.877032439586279011e+01
1.916055908234197958e+01
1.917593373237326304e+01
1.950185852402693243e+01
1.911187924203492372e+01
1.948696770298874981e+01
1.890197964806721131e+01
1.937272726334736461e+01
1.920781885778745490e+01
1.940617062798374803e+01
1.878147737162255027e+01
1.916015315295397414e+01
1.899912004144595912e+01
1.919747326766113460e+01
1.999232351818504583e+01
1.925016396515531625e+01
1.879443200329912145e+01
1.907700587099203560e+01
1.979150779204759658e+01
1.896519667213325633e+01
1.903406178735751197e+01
1.928670505786370626e+01
1.914905864972580218e+01
1.918042688021641240e+01
1.908406718975062333e+01
1.894642093573795449e+01
1.897045040406859329e+01
1.902919900859625102e+01
1.888948869991384782e+01
1.888075452926553055e+01
1.942397211075541819e+01
1.906844126262830130e+01
1.882360219799354084e+01
1.910908075966797881e+01
1.927430069258478440e+01
1.965656594103081289e+01
1.932542619391173844e+01
1.912008499001426287e+01
1.960733231840673341e+01
1.883049862798411311e+01
1.913145287098226177e+01
1.943835944482257005e+01
1.933190505369896428e+01
1.931942168952598493e+01
1.962946848165604763e+01
1.937174718022904685e+01
1.933323935304562013e+01
1.898259847710053450e+01
1.939049577234851895e+01
1.990232747370160027e+01
1.903348785695127177e+01
1.915541754273053954e+01
1.933617229989207331e+01
1.905511990751576690e+01
1.916414405187329351e+01
1.898554390247742418e+01
1.915715993715222254e+01
1.924416615311418610e+01
1.931831216456080469e+01
1.923113818377672146e+01
1.909100849157122326e+01
1.978740630562388603e+01
1.920579735103829222e+01
1.896986997123319441e+01
1.869888594847032337e+01
1.974967321952294697e+01
1.894129965499680779e+01
1.981725376848138254e+01
1.947645092734149586e+01
1.885080629271672947e+01
1.914471073535369428e+01
1.908172155649277002e+01
1.908174112578612380e+01
1.909767572467557173e+01
1.880722624839182799e+01
1.927939494777962537e+01
1.901042638815884445e+01
1.934076863300275662e+01
1.930919649499637814e+01
1.930519083354128185e+01
1.901776776782376288e+01
1.840258695610592810e+01
1.901974932436990784e+01
1.947743967407875587e+01
1.952370547303486603e+01
1.897478524760277097e+01
1.897693502605347859e+01
1.906957931427686859e+01
1.882258880592286943e+01
1.930385403990136695e+01
1.908798637992491365e+01
1.946379745294438024e+01
1.962258662621998084e+01
1.867695075780437719e+01
1.908052314205129463e+01
1.944088434711159152e+01
1.935158981384054755e+01
1.908722578008924131e+01
1.925140610718828427e+01
1.914499760847844101e+01
1.902430310525394574e+01
1.951626843876035267e+01
1.922223138545806975e+01
1.922927789597110859e+01
1.911860792082347515e+01
1.918411624028943052e+01
1.963686993123856439e+01
1.906269888132398194e+01
1.934874052969759006e+01
1.919947922227107284e+01
1.935891701576903046e+01
1.885861139764166339e+01
1.918640289314055281e+01
1.891310466355623987e+01
1.979913888577589276e+01
1.909734630518570242e+01
1.930408800478079812e+01
1.891547998544638176e+01
1.967206010025325824e+01
1.891914552684038142e+01
1.933958044797397946e+01
1.921900067537183787e+01
1.907781015585883466e+01
1.913570251289377921e+01
1.906041626579034443e+01
1.974829936092996618e+01
1.937891188375289886e+01
1.885819962327257215e+01
1.989045740347835078e+01
1.880606628309251960e+01
1.902601576398183525e+01
1.972017630715522429e+01
1.897212082425536650e+01
1.925884334103362860e+01
1.856488681915099548e+01
1.921045954600937833e+01
1.958701701894966263e+01
1.967223951549951622e+01
1.927601684780444558e+01
1.888022556950451758e+01
1.931524492035432772e+01
1.908786792640855268e+01
1.909533754677237027e+01
1.976063859381789101e+01
1.930458059893338785e+01
1.902326020313295984e+01
1.946816306649271056e+01
1.937330144205663274e+01
1.933012114264260006e+01
1.922717141335370172e+01
1.922327227343462752e+01
1.894182854250704295e+01
1.936369616110813752e+01
1.919172655570598707e+01
1.854398205242373621e+01
1.944570643180359326e+01
1.964870540309581415e+01
1.951268039214746608e+01
1.919028457056092307e+01
1.987990116283295094e+01
1.959721228949453220e+01
1.905109769452469592e+01
1.904458532941367821e+01
1.951609196559713766e+01
1.946400275123307821e+01
1.942109526082328941e+01
1.922407312340876828e+01
1.924510189997538490e+01
1.897766425934537438e+01
1.967416736928734977e+01
1.911807394841537189e+01
1.897864994618598189e+01
1.970012032559893456e+01
1.971599469676316474e+01
1.907923939732962637e+01
1.912196870275450067e+01
1.905971100798512552e+01
1.911994170261758086e+01
1.939050596213424171e+01
1.889447923576547339e+01
1.966270855878098800e+01
1.918400351518761582e+01
1.930044321150315767e+01
1.942198693506954399e+01
1.886896845242463527e+01
1.928408158975344833e+01
1.819132614764185263e+01
1.905844079495976118e+01
1.945560948932764234e+01
1.934073491965504132e+01
1.894290771937046358e+01
1.938318405026450009e+01
1.960814010470756230e+01
1.941924499309386221e+01
1.929395157026555552e+01
1.932621254925634702e+01
1.952033690751499861e+01
1.934245947746653016e+01
1.897567992947710636e+01
1.903225916710533738e+01
1.921988924947688560e+01
1.932929046739080903e+01
1.910605180409597637e+01
1.909457902729037215e+01
1.877017430371319762e+01
1.904163860747147297e+01
1.962097395268538591e+01
1.930380661149711230e+01
1.929321611641019985e+01
1.955089568273589506e+01
1.943482101073959711e+01
1.950905471366305477e+01
1.954102316324856403e+01
1.893152810254847296e+01
1.941825310793274895e+01
1.927317670130999616e+01
1.930719884155253396e+01
1.897188506324998158e+01
1.900180584297149267e+01
1.941764001391829808e+01
1.989020360911831631e+01
1.951558633841855439e+01
1.938972921158356044e+01
1.907080463772680545e+01
1.895180281960697144e+01
1.919947043127972108e+01
1.951236628353981928e+01
1.922496870481394282e+01
1.936269282345390152e+01
1.908545701129321159e+01
1.929512945967499604e+01
1.942866274655484915e+01
1.908993717791879519e+01
1.926535171864934526e+01
1.896272892224337170e+01
1.928881798780914636e+01
1.870386649314821170e+01
1.884130501293386573e+01
1.873436328719655819e+01
1.945348516775756664e+01
1.955638317675476046e+01
1.917980164327782333e+01
1.940306138110012313e+01
1.964954877943422318e+01
1.875794417042770235e+01
1.914752418571324455e+01
1.926603885803760718e+01
1.900734039603378633e+01
1.957694500141500527e+01
1.962333686406649491e+01
1.904970801077201514e+01
1.910927542460706263e+01
1.986406786520206325e+01
1.921713833947579531e+01
1.938188813943860467e+01
1.905839863470045970e+01
1.948158714877011377e+01
1.878515745979309060e+01
1.887737174348444569e+01
1.917673251292657355e+01
1.908380681771690490e+01
1.973337265811101915e+01
1.936794280926321932e+01
1.888021571108951946e+01
1.946454153234740403e+01
1.919028714708435501e+01
1.870720160928022580e+01
1.899166474744908228e+01
1.932723035191761696e+01
1.962518259331584147e+01
1.914739051431772765e+01
1.948126891566531427e+01
1.883870682442541522e+01
1.982916230797112789e+01
1.903152857872485626e+01
1.936413809371890693e+01
1.926352608221337448e+01
1.874446345234148481e+01
1.942167784216681881e+01
1.883780333728005374e+01
