1.910281130355592083e+01
1.928153145793763201e+01
1.911044822090103779e+01
1.939677760532467943e+01
1.956237009844995356e+01
1.911714664456397728e+01
1.944520988908601922e+01
1.904256949566615020e+01
1.908381721977904633e+01
1.928096389210426409e+01
1.928839642867003334e+01
1.912323792203050132e+01
1.896728688185942246e+01
1.939981538101613978e+01
1.923915948810596888e+01
1.906743972389227082e+01
1.904478319332668690e+01
1.933623568360555467e+01
1.913366534173419709e+01
1.882141537231473194e+01
1.962619722793865051e+01
1.924396904545323395e+01
1.929852098126068327e+01
1.964016709764624835e+01
1.967814657408173318e+01
1.914968192153100901e+01
1.970168102071745864e+01
1.951789151404599920e+01
1.909755084711529705e+01
1.950741199131292092e+01
1.942251908371061120e+01
1.901872036397336529e+01
1.933601049384376225e+01
1.937364838447998139e+01
1.838219923198166228e+01
1.897426929164951659e+01
1.912574583832278208e+01
1.904265134740527543e+01
1.931624406339853195e+01
1.964226416984884693e+01
1.951543433917103343e+01
1.940087800415968289e+01
1.964475102840683363e+01
1.889598649867424029e+01
1.926241690191583800e+01
1.896356967638966040e+01
1.940084238035895225e+01
1.949650713126198909e+01
1.936553213082016356e+01
1.910260177934544856e+01
1.935794266258046292e+01
1.902274796614064911e+01
1.923220113309800894e+01
1.908615908822245189e+01
1.916606601846226710e+01
1.916206756766676023e+01
1.922715027950243538e+01
1.931862793789887078e+01
1.970724684261707438e+01
1.901483486064050155e+01
1.940551716635347645e+01
1.881011356605203844e+01
1.911497892942860233e+01
1.918408108257459688e+01
1.939851494789875019e+01
1.932117619568321487e+01
1.963150107607100026e+01
1.947086873075552660e+01
1.928577237831277813e+01
1.942309997971277724e+01
1.941246923702155414e+01
1.959588139358996983e+01
1.894429574629587876e+01
1.956171510118733892e+01
1.898692647081260887e+01
1.970932352436345880e+01
1.959755018143819782e+01
1.941601464277560396e+01
1.968012010041539384e+01
1.920487891177960194e+01
1.922223501586571004e+01
1.945461047786248798e+01
1.938923904499447559e+01
1.939724316883300403e+01
1.912403632358717331e+01
1.915763528416867700e+01
1.921289344276932809e+01
1.944646929372456157e+01
1.878471585663002941e+01
1.907233252057144668e+01
1.902105783441769304e+01
1.893135503891742033e+01
1.895574339807327391e+01
1.911434700209733606e+01
1.957621291597374480e+01
1.902103883676505802e+01
1.922391633160049196e+01
1.987814322260308586e+01
1.905355694032170177e+01
1.909017148736344183e+01
1.940214077709220675e+01
1.918402186744380700e+01
1.943517312760679161e+01
1.960832592622616843e+01
1.922826286537611651e+01
1.890582524832862532e+01
1.920505300729925224e+01
1.935116562363944936e+01
1.940484392282242254e+01
1.916360672012030619e+01
1.973153320717285908e+01
1.944468597089181827e+01
1.911267620500843023e+01
1.948880954707053803e+01
1.972907550939719101e+01
1.923264074570381510e+01
1.939766618134407850e+01
1.907296509135147033e+01
1.872603620423634752e+01
1.867957012751772794e+01
1.926585431761874645e+01
1.930604987738751532e+01
1.938736327719893637e+01
1.934519264404167060e+01
1.921617787306404779e+01
1.954371864839643180e+01
1.887586243404871311e+01
1.916297479587797525e+01
1.927385602297358602e+01
1.893361986041126244e+01
1.924036737078874282e+01
1.940189881881894252e+01
1.930840231047526956e+01
1.889726197544189645e+01
1.954335952545552146e+01
1.924687231625529193e+01
1.886359546226489670e+01
1.942771281070107037e+01
1.922482382130841572e+01
1.914156934294226886e+01
1.902016914855079577e+01
1.915586689156209843e+01
1.913562115185889567e+01
1.909397726847848631e+01
1.919520601988580921e+01
1.915519431145309426e+01
1.910294533945899786e+01
1.898165177458228570e+01
1.925484329861983213e+01
1.914518332865095829e+01
1.944992424749129967e+01
1.935643359457978718e+01
1.922589221963917439e+01
1.960434483534682215e+01
1.920493821721229111e+01
1.950058289305792059e+01
1.927252840531281564e+01
1.879490965059028085e+01
1.873647677761917052e+01
1.900608952752282121e+01
1.894507190430355337e+01
1.904603543575055369e+01
1.923042524733839187e+01
1.930083861814211588e+01
1.893424117917957972e+01
1.943650372678754579e+01
1.941594873916800879e+01
1.924196843688598690e+01
1.957772936248625939e+01
1.900788966560176618e+01
1.915153016731319013e+01
1.872612667874529535e+01
1.944112138181214178e+01
1.929361376385738680e+01
1.920873059001429795e+01
1.934658130037844259e+01
1.915625185271109387e+01
1.953220433326583105e+01
1.932239905898476451e+01
1.909404177196379493e+01
1.881554432655916642e+01
1.869929895209573090e+01
1.942974482498114952e+01
1.936908739015839487e+01
1.951515361471269472e+01
1.907239793597465294e+01
1.939942175289684911e+01
1.954188749546377579e+01
1.894471705417473117e+01
1.944990113014658917e+01
1.923115945528464721e+01
1.889333528647070892e+01
1.971386932324035257e+01
1.900265001614524607e+01
1.932930022108218893e+01
1.909879354538916019e+01
1.913045063057827022e+01
1.936943912881012508e+01
1.929367483608125156e+01
1.961211498482214211e+01
1.893302254625987402e+01
1.908664480549681031e+01
1.931037883618581574e+01
1.933962194901002718e+01
1.903565919466266010e+01
1.925835464148113374e+01
1.941216976983630005e+01
1.908872552604417194e+01
1.904398327397885282e+01
1.914822377956035382e+01
1.901993923643078332e+01
1.940108903701592880e+01
1.912322365523329282e+01
1.928147092682774044e+01
1.949670443010252541e+01
1.934621743091359747e+01
1.909706796118465277e+01
1.926532263887691698e+01
1.897863192309274893e+01
1.936136337437915245e+01
1.916939850549644575e+01
1.881907616511042391e+01
1.910342228947737908e+01
1.926893004592713510e+01
1.962665800370370661e+01
1.951711101751896038e+01
1.884701664671709764e+01
1.936535194143581506e+01
1.912477830235222243e+01
1.924310901395047324e+01
1.933712465418766513e+01
1.964464141729895985e+01
1.919939043664276213e+01
1.919428794848240116e+01
1.937732251292927543e+01
1.929710233061955194e+01
1.973643938410741328e+01
1.906028060171745864e+01
1.910324863479293711e+01
1.893298543734313810e+01
1.920017186535303111e+01
1.953771655186008616e+01
1.895030087407649333e+01
1.897592655880066204e+01
1.920068869560082092e+01
1.927935492958499708e+01
1.922783274123490571e+01
1.932600973731157978e+01
1.915454988273386405e+01
1.922097224634747548e+01
1.892537840983639796e+01
1.868928024087351503e+01
1.954112252491411894e+01
1.945447319555310273e+01
1.955263426503767477e+01
1.938284579336485081e+01
1.935049186243158204e+01
1.914475355756664854e+01
1.895911611394222618e+01
1.912184253862510630e+01
1.946954046031261498e+01
1.953714631308862337e+01
1.922950502454164123e+01
1.895931678780505436e+01
1.930650886083192219e+01
1.945611471926009628e+01
1.902609467094009688e+01
1.943655909136031568e+01
1.898543761262880025e+01
1.931166727732952637e+01
1.931791455410757052e+01
1.956690705629512550e+01
1.957788795295227402e+01
1.912747567628310463e+01
1.881400853578323051e+01
1.950135443117225975e+01
1.919328580064192735e+01
1.936302942795281368e+01
1.963691442365773554e+01
1.892501825027988005e+01
1.910374588521403894e+01
1.919532679044370838e+01
1.911180854708712218e+01
1.987819386057583060e+01
1.960168681039736072e+01
1.950451527676750629e+01
1.966669719954940732e+01
1.947383246839138593e+01
1.919852670651771476e+01
1.950562894009032178e+01
1.958844781461602835e+01
1.919289086718605120e+01
1.933636803562144379e+01
1.973965228248857429e+01
1.981810237776419115e+01
1.923224222816422113e+01
1.947352051570685560e+01
1.949358694450177509e+01
1.955833902925926537e+01
1.952473781779976747e+01
1.973165827622735691e+01
1.907387123060479084e+01
1.921681901148581062e+01
1.951208274330732451e+01
1.880706513800702950e+01
1.931428193394786419e+01
1.943249775353141118e+01
1.985332287078438895e+01
1.926577558668541457e+01
1.952319747187364030e+01
1.942005096374230533e+01
1.937951752468783084e+01
1.918816149931092596e+01
1.926038774436404921e+01
1.951729103967344869e+01
1.901358635457716773e+01
1.907253055229587346e+01
1.899354549896212063e+01
1.930884004185287139e+01
1.924181070737305888e+01
1.902601762200924185e+01
1.862797059087047913e+01
1.933759254157099150e+01
1.952239915811821191e+01
1.967588529416384446e+01
1.929721941061877288e+01
1.946299662927154728e+01
1.961659435548853381e+01
1.885134984095726907e+01
1.928527908734113083e+01
1.921742850403375868e+01
1.919672921526013454e+01
1.925249126666957622e+01
1.930022846710558682e+01
1.952277632042440203e+01
1.932738335177537436e+01
1.889220589934963002e+01
1.942472484850162573e+01
1.964423302000514582e+01
1.955468221167515708e+01
1.872746448031382727e+01
1.913047287502409688e+01
1.916547848572466251e+01
1.903232430737372027e+01
1.875115669812119634e+01
1.899688391061880921e+01
1.931646149806661228e+01
1.955150297203524445e+01
1.963083712544912629e+01
1.998554823962421878e+01
1.888807138562442134e+01
1.966383674777760859e+01
1.923508831260334162e+01
1.913533489449656955e+01
1.916191937722315686e+01
1.910150037007570489e+01
1.898158122035816220e+01
1.878430125452358013e+01
1.968792151985065431e+01
1.919169645573050431e+01
1.945427314803269780e+01
1.884705974224274172e+01
1.939380947136329070e+01
1.934638106841105909e+01
1.956204233204200804e+01
1.959718821739857830e+01
1.946990708204663179e+01
1.953055775276719430e+01
1.941024438735218638e+01
1.969601520524069471e+01
1.893395306133563594e+01
1.978870250975720069e+01
1.896683574340543643e+01
1.938765424721936270e+01
1.932875319640385570e+01
1.933290784838176535e+01
1.926770273258608057e+01
1.916526019162731842e+01
1.933492339788835324e+01
1.952774326495962498e+01
1.935865372413238106e+01
1.966854030695940736e+01
1.982909006457614254e+01
1.910679486177209796e+01
1.903928474149543604e+01
1.998193996403558970e+01
1.925709667097708433e+01
1.949007663998857254e+01
1.919965497193224024e+01
1.925812828576572855e+01
1.929877502676812995e+01
1.894993873987514021e+01
1.927895939370879574e+01
1.951477725475062996e+01
1.939195784089922370e+01
1.923666788335381383e+01
1.898905766316240573e+01
1.893508172807388945e+01
1.919379888523330280e+01
1.991128850356780333e+01
1.939153925236899667e+01
1.943603633850570844e+01
1.903701978258026983e+01
1.922762676704319773e+01
1.954945275048943643e+01
1.879155220282385130e+01
1.936554874961864314e+01
1.895179494479026161e+01
1.940877115877165693e+01
1.950049561544331667e+01
2.002052392734702480e+01
1.909326700860374260e+01
1.936356591473746391e+01
1.938350644991284710e+01
1.896855014698687469e+01
1.900085959594025908e+01
1.942513196857158775e+01
1.939615730852186104e+01
1.915210593859871224e+01
1.900314949480961246e+01
1.940601663369164953e+01
1.892538474996882059e+01
1.961495398524259315e+01
1.983750232859317464e+01
1.921674664534906896e+01
1.932929707805383046e+01
1.903521352271360811e+01
1.916465397060394338e+01
1.938392861099332976e+01
1.927823344352859536e+01
1.893985533771362384e+01
1.976748634067972787e+01
1.938924814363534921e+01
1.932501625492011854e+01
1.907204469326822149e+01
1.896002013112217099e+01
1.905163983451058485e+01
1.904327416246242421e+01
1.923057589385745203e+01
1.918865031284543221e+01
1.931116117160163270e+01
1.935725894782406797e+01
1.963345877830155572e+01
1.943514348673199166e+01
1.958954270505038409e+01
1.971851066440245503e+01
1.986520035595660261e+01
1.867377522494364328e+01
1.893886374037326092e+01
1.886312869794053171e+01
1.953411444527961649e+01
1.956807605614987011e+01
1.901260443063790007e+01
1.920035819727272042e+01
1.898665823764619986e+01
1.934180360071116667e+01
1.957321271207369051e+01
1.933963544198372375e+01
1.925380217652906012e+01
1.932202043980463557e+01
1.909856839765503977e+01
1.918970181594142588e+01
1.947741171074480704e+01
1.928060233212422503e+01
1.929454906564439298e+01
1.964315027661118407e+01
1.920468646042777294e+01
1.892709245063105428e+01
1.965301695764127032e+01
1.921579805678889841e+01
1.938649437653253571e+01
1.931643135383755094e+01
1.906052079164556190e+01
1.945694922373348490e+01
1.939060480559195554e+01
1.943379738466429885e+01
1.946657511470697699e+01
1.923313586728144031e+01
1.934662075261017478e+01
1.901942021879741773e+01
1.954633203328381086e+01
1.964290191001135710e+01
1.932414520528885404e+01
1.931784824020348879e+01
1.902008035836571764e+01
1.924546525443522427e+01
1.895684831329786491e+01
1.966364901137070831e+01
1.882314986222579734e+01
1.921691604214477067e+01
1.892505804750327414e+01
1.925608822868419168e+01
1.884079945669763134e+01
1.900541412359267213e+01
1.937018110994538844e+01
1.921000381338979679e+01
1.931984024898332919e+01
1.897345116037054069e+01
1.940997779895306508e+01
1.881757152109006270e+01
1.900367015724961561e+01
1.931515070470224771e+01
1.906277578435841846e+01
1.900511928453599353e+01
1.916002282066943252e+01
1.918055885830828444e+01
1.937918732419843337e+01
1.945835437379891175e+01
1.914905915653772439e+01
1.952732597433069373e+01
1.924089671615366726e+01
1.940926498907025888e+01
1.939768145874463556e+01
1.954303603587880289e+01
1.918400395071399700e+01
1.941594054726616747e+01
1.932246285240448813e+01
1.957854598175643090e+01
1.947593719547454683e+01
1.902733195555542522e+01
1.897303569268273193e+01
1.957066171061125104e+01
1.928615912675331501e+01
1.939056754524307635e+01
1.887976218303501952e+01
1.910673393766967720e+01
1.905398258970675229e+01
1.919206202718167731e+01
1.929525076670995531e+01
1.900029519624099095e+01
1.919858059950903950e+01
1.922961243968924805e+01
1.950797127293391142e+01
1.984166828415906991e+01
1.912439888714719771e+01
1.914830794296046435e+01
1.940884717331741527e+01
1.960317173359862508e+01
1.935993205451670462e+01
1.931810019022601921e+01
1.920643260967478483e+01
1.921046611262352144e+01
1.925376023992432906e+01
1.957526061107194693e+01
1.974829806550546252e+01
1.919191206324734367e+01
1.910957519059055798e+01
1.969358179664480346e+01
1.909956366115070026e+01
1.907853192134149367e+01
1.913510831465186968e+01
1.952981437433421164e+01
1.955412065752039652e+01
1.903305931010940100e+01
1.894910022535479399e+01
1.897190397162558284e+01
1.970809043508976188e+01
1.902706471350252215e+01
1.867412802287874385e+01
1.921129768501014468e+01
1.916069787299019467e+01
1.921471920277716094e+01
1.886151084901261044e+01
1.940322762686077240e+01
1.941396107383419434e+01
1.879590027890749937e+01
1.930830190741926700e+01
1.923866810511217551e+01
1.933204036805776127e+01
1.928415807912603341e+01
1.917445057911833928e+01
1.941646358767000891e+01
1.928908666449985887e+01
1.906243665007687582e+01
1.904726759114270251e+01
1.883666622399596946e+01
1.911658581922291944e+01
1.946365733322916824e+01
1.930758057816703754e+01
1.879271252109379020e+01
1.920268130405631268e+01
1.903481264899179948e+01
1.888837090448602396e+01
1.936385486798364042e+01
1.907787062648780818e+01
1.920586973558602395e+01
1.877691045321577334e+01
1.925624401208179748e+01
1.915014435738292775e+01
1.950941073809448767e+01
1.958118981321749885e+01
1.928498827771263890e+01
1.874789078981648771e+01
1.916624880565307976e+01
1.883915927490113518e+01
1.940818699966091287e+01
1.975655335809351243e+01
1.949836972740345686e+01
1.964481342126594043e+01
1.875471595377067757e+01
1.904042268717893549e+01
1.910367367689707052e+01
1.929647815908375463e+01
1.916000257782580363e+01
1.925597428394202382e+01
1.950024534383955199e+01
1.914949132027545531e+01
1.876292953377646811e+01
1.936773433363682528e+01
1.883518273705907475e+01
1.939881182791814140e+01
1.949298040460588410e+01
1.938360132356886467e+01
1.927760299679997402e+01
1.927558037143077740e+01
1.933208602294257616e+01
1.939404800762776659e+01
1.910671702789413118e+01
1.929164701542985938e+01
1.924014902016077144e+01
1.936604700651817978e+01
1.993696595298800034e+01
1.889814665064148613e+01
1.949658890981247339e+01
1.910031986945756088e+01
1.932591754124916505e+01
1.916806029641444553e+01
1.961066761667986569e+01
1.924933239702780341e+01
1.926833102711345447e+01
1.882276009729199018e+01
1.909304492954630206e+01
1.909573600366099555e+01
1.895497549396322867e+01
1.891129103372217912e+01
1.910513340689320927e+01
1.917496223641378705e+01
1.950638666248076802e+01
1.954842498037820064e+01
1.911872441963035740e+01
1.944534741725644267e+01
1.937717763470497090e+01
1.924563216292401435e+01
1.919661541374054892e+01
1.918488898126506470e+01
1.902538338738888513e+01
1.915808159063116989e+01
1.936619099275505818e+01
1.897397263538974244e+01
1.965858149469809035e+01
1.896120996886745758e+01
1.924612715433472587e+01
1.907128904822911153e+01
1.941165468977369812e+01
1.938530807874234796e+01
1.918151294998406797e+01
1.949388561955090893e+01
1.908737764264063586e+01
1.856054200990283931e+01
1.921493871571030709e+01
1.876763214701468030e+01
1.937247980668883329e+01
1.931509481636306091e+01
1.948827304964526164e+01
1.926393579238698450e+01
1.964340912917829485e+01
1.891077358192020341e+01
1.925107977346891275e+01
1.937273070059699975e+01
1.927656354543844941e+01
1.935696524529470608e+01
1.906241132319702913e+01
1.927379992397791142e+01
1.910632182417393921e+01
1.913360875981851450e+01
1.910056272293762802e+01
1.968091779912727546e+01
1.936199456623397097e+01
1.895274209483504535e+01
1.903214761669466881e+01
1.879452426312192159e+01
1.942724980091102438e+01
1.901458036946276664e+01
1.893430282040446500e+01
1.945392874612522505e+01
1.938799607411323578e+01
1.933335156731519788e+01
1.927829442922187297e+01
1.913361530509601138e+01
1.917409104224073602e+01
1.923393678923330796e+01
1.959769777689172443e+01
1.923533316935167292e+01
1.919343279313959272e+01
1.931635645566918669e+01
1.930880169304984406e+01
1.906798424405760883e+01
1.957275693300211472e+01
1.873354669063439104e+01
1.929872747791594989e+01
1.925348908185938512e+01
1.961966911032896022e+01
1.928747361175573261e+01
1.942113275170353504e+01
1.953851073977592989e+01
1.916914572641737280e+01
1.945628721663753424e+01
1.924786234555046249e+01
1.951430299459400786e+01
1.914027771418438917e+01
1.950308293712584629e+01
1.940030221308271408e+01
1.934055910064479278e+01
1.942689644413523808e+01
1.948509032383404005e+01
1.923218953116039742e+01
1.949072776631929571e+01
1.887150173999549452e+01
1.951226761368407736e+01
1.946368311831287912e+01
1.941536938410153112e+01
1.943539995522878527e+01
1.942161257582822387e+01
1.902151210290245231e+01
1.907684593930791195e+01
1.918842525826602952e+01
1.930673583271389404e+01
1.886321266585981959e+01
1.916351897743113852e+01
1.893791962855245714e+01
1.954820622153357945e+01
1.936513528903555326e+01
1.875248337823891731e+01
1.943510620553877288e+01
1.949579067349235473e+01
1.931288076662684006e+01
1.925826972454485286e+01
1.972157758280370032e+01
1.870454390139186884e+01
1.938037336672661581e+01
1.910678010917440872e+01
1.898024435543408472e+01
1.909346855409750532e+01
1.923910941565636534e+01
1.940063678313784834e+01
1.934501262013706580e+01
1.928761611285920452e+01
1.887412044559871660e+01
1.955341348462931350e+01
1.969292014746037367e+01
1.923955801660004283e+01
1.955827023128077613e+01
1.891621845194037022e+01
1.900198757792918869e+01
1.907795541475445944e+01
1.930672567291679798e+01
1.874356530086715011e+01
1.909189567992871872e+01
1.898052944155798372e+01
1.914089682835741613e+01
1.896633222468725322e+01
1.946096231013597233e+01
1.926863362653088885e+01
1.915050444764375470e+01
1.937975885827616196e+01
1.911031611832790489e+01
1.898060475970969918e+01
1.951387796941225261e+01
1.914590288450668965e+01
1.944411482187094720e+01
1.921171488640564462e+01
1.946960808201945881e+01
1.925100952027484880e+01
1.942865506890112215e+01
1.921470408167869337e+01
1.931632246182605428e+01
1.905753262419497673e+01
1.939709567381661515e+01
1.867469825276375417e+01
1.948373183418247834e+01
1.892863024106575764e+01
1.917587662019680650e+01
1.914360895904982129e+01
1.933695797980281839e+01
1.943370438506009634e+01
1.962002191853354205e+01
1.888244674291707526e+01
1.908132706724014582e+01
1.950325179089680461e+01
1.930331527348563370e+01
1.932112403278810220e+01
1.919326768002066430e+01
1.940924559792786752e+01
1.918133341969189942e+01
1.946178317342575426e+01
1.950694276781904790e+01
1.886730662976259154e+01
1.916694022905019068e+01
1.915038654343596747e+01
1.975756122356356670e+01
1.969766412159751567e+01
1.950967569825064629e+01
1.932006310580352704e+01
1.890611082968079870e+01
1.922600113329351501e+01
1.944050868366032248e+01
1.916130581321005266e+01
1.918417332349409321e+01
1.930091942087165791e+01
1.944209930434837474e+01
1.925551433400480050e+01
1.948658771222284614e+01
1.884102504203987039e+01
1.942990512055521179e+01
1.940582688713764981e+01
1.879730806621981287e+01
1.913294994905153601e+01
1.935961341124942336e+01
1.928662999186127891e+01
1.903765621899957949e+01
1.946469855501947421e+01
1.878895539555502481e+01
1.907048803772799772e+01
1.926365274133426198e+01
1.882153809321983928e+01
1.951994541293663588e+01
1.888805019659247364e+01
1.927626224134005284e+01
1.969429405665178123e+01
1.872829527324040555e+01
1.913489673832748750e+01
1.901522265901587261e+01
1.944773343887513306e+01
1.891777867964427173e+01
1.911041649477561322e+01
1.961661471912185561e+01
1.952483723249201830e+01
1.921621759141240560e+01
1.913380098337525581e+01
1.943537205085380037e+01
1.948288267890876568e+01
1.954244924323755228e+01
1.879279326800883254e+01
1.922337744410228311e+01
1.904626899340408386e+01
1.966360447007867052e+01
1.936198863030425343e+01
1.923009017866487014e+01
1.918584129121613202e+01
1.896796512620782238e+01
1.925196512127743276e+01
1.913916529241617681e+01
1.845790710151380765e+01
1.915017014520831040e+01
1.932127023103778285e+01
1.920607281605150618e+01
1.938727963331551507e+01
1.925882211667476085e+01
1.935438114105039986e+01
1.938619020770553547e+01
1.914481380078796491e+01
1.915702859296721883e+01
1.914816347013400843e+01
1.923180995582748309e+01
1.895763138877488529e+01
1.931954670401795937e+01
1.934740792285819566e+01
1.903401540659669777e+01
1.937562473516764072e+01
1.950956332370079593e+01
1.955105305429270501e+01
1.925961813462934913e+01
1.901861599139312631e+01
1.897552319510377572e+01
1.916735516839951359e+01
1.931086353239652098e+01
1.918161276184987685e+01
1.938316144199264457e+01
1.989328975845792158e+01
1.925810538113777071e+01
1.915854703965499795e+01
1.867742509851740706e+01
1.871360251350994730e+01
1.942612077782813884e+01
1.913511991564269366e+01
1.900977379443426329e+01
1.926823279071431827e+01
1.949379209702511417e+01
1.913343187494844955e+01
1.894208948548880045e+01
1.946819926018019942e+01
1.921613041193200644e+01
1.976504877188350662e+01
1.905321338593990177e+01
1.922550392881310444e+01
1.928013700928751462e+01
1.932321445501790436e+01
1.898451292231829513e+01
1.946252480574385402e+01
1.932103234227031407e+01
1.921368972209832648e+01
1.972960577590115605e+01
1.945731174792662443e+01
1.964235104753901950e+01
1.887941636100601528e+01
1.905268486094741931e+01
1.940329199700036611e+01
1.955684091401315783e+01
1.907607408589574405e+01
1.950279823250457056e+01
1.935547477934856531e+01
1.938072515810757324e+01
1.913311998069637454e+01
1.950725726321776321e+01
1.964752961174621149e+01
1.917260152727699207e+01
1.927300700997704652e+01
1.873806374323326907e+01
1.913047210015341548e+01
1.895063605566902254e+01
1.898895090699967625e+01
1.932917550892655001e+01
1.893926718628655692e+01
1.941068661568939646e+01
1.944347211951431831e+01
1.941551635116700325e+01
1.864529534557950541e+01
1.931196378824311566e+01
1.903633208945812072e+01
1.926199716301663045e+01
1.939802020343299560e+01
1.910737326898883381e+01
1.895993226130093134e+01
1.947916991113454799e+01
1.905632585603567719e+01
1.904355423130749259e+01
1.935391334651398410e+01
1.891769288946439076e+01
1.911145372915348872e+01
1.942729121871539633e+01
1.940384636973584165e+01
1.900120388011296768e+01
1.935101971822530587e+01
1.926319793027545302e+01
1.884897741108483160e+01
1.945058510615940506e+01
1.927710915680892612e+01
1.936107837753823802e+01
1.915568826904891253e+01
1.947514395700107315e+01
1.902821982172737592e+01
1.983160403271238437e+01
1.935500947716704090e+01
1.961011058797819118e+01
1.924834489243643532e+01
1.914808854191439025e+01
1.848984880974340683e+01
1.920978425990204030e+01
1.949387056399485019e+01
1.964075161437419936e+01
1.957546509954899605e+01
1.893929546204337910e+01
1.906758008961858408e+01
1.874495468283687316e+01
1.910696206877965153e+01
1.944733384683206623e+01
1.901476823721873188e+01
1.940398396032295025e+01
