1.923381388626794930e+01
1.918432369208469268e+01
1.941589440595986815e+01
1.945832631129081491e+01
1.820373768409270809e+01
1.944208344787529441e+01
1.897045181328330443e+01
1.940319127050121395e+01
2.009356243460353753e+01
1.943848448511229421e+01
1.919231879842788047e+01
1.930306683512480248e+01
1.932817546026054245e+01
1.852951865150408395e+01
1.941996266148893113e+01
1.854741583110520153e+01
1.955129766237342892e+01
1.973881327259136498e+01
1.948837202013842784e+01
1.972743717514127226e+01
1.911334171191847986e+01
1.941064867735413557e+01
1.860355193352516068e+01
2.004259996450648273e+01
2.031068006871072029e+01
1.977130829316485006e+01
1.976822625378353848e+01
2.041387373163719232e+01
1.733785080900050346e+01
1.984962184670681040e+01
1.913435064787411832e+01
1.923162039411324642e+01
1.961817294952368940e+01
1.939338600608970964e+01
1.921348374518187185e+01
1.937216191694809453e+01
1.894253581276513643e+01
1.902551491850323373e+01
1.899400557227040665e+01
2.029143259503489105e+01
1.869007308807280410e+01
1.937356272479701857e+01
1.920127705997569834e+01
1.816701346652529736e+01
1.848108465928506661e+01
1.965904498795797295e+01
1.967712521078563626e+01
1.880876992778441803e+01
1.809857775557269477e+01
1.856396887360634551e+01
1.889291177922907750e+01
1.972041582055686959e+01
1.886274538323105787e+01
1.900173825892069956e+01
1.900626884050323184e+01
2.048487017536901433e+01
1.975169547066163034e+01
1.952889741050669059e+01
1.855194493086862195e+01
1.898187249190619497e+01
1.961972103319417471e+01
1.930634898595319626e+01
1.783882516614002967e+01
1.893057286716417664e+01
1.951454113466459717e+01
1.896024786027980014e+01
1.965269135347219276e+01
2.000740458224144902e+01
1.834636087403823623e+01
1.910312392810170934e+01
1.995049752163371437e+01
1.914249497052355053e+01
1.846013874686063971e+01
1.902490249634375274e+01
1.961927058860225870e+01
1.877672793340864033e+01
1.864597612631406065e+01
1.890703124812756997e+01
1.941149894730643410e+01
1.950869543902864933e+01
1.985461727212983263e+01
1.928583049584507947e+01
1.868700366148527081e+01
1.951716604758343721e+01
1.893891888791016953e+01
1.887215601121578956e+01
1.789769960274405136e+01
1.927730061326884226e+01
1.972371525430869710e+01
1.873869959797060147e+01
1.935781684347093190e+01
1.858753490428261301e+01
1.951650823976295612e+01
1.961283649391733519e+01
1.921889166955303097e+01
1.917223416456593910e+01
1.932880548877442806e+01
1.994343296528717957e+01
1.923422756647558174e+01
1.907828563560977742e+01
2.051986121474415370e+01
2.005923654512043441e+01
1.899686801105308120e+01
1.857439271015622140e+01
2.061239934415857178e+01
1.884253256576995739e+01
2.033370719560032569e+01
1.873595177839606052e+01
1.936723091283355558e+01
1.889130958902174129e+01
1.878856161450750761e+01
1.759051296749414917e+01
1.948263507177273723e+01
1.962150830708406346e+01
1.897121373251732024e+01
1.950552937014644783e+01
1.865649544610377930e+01
1.848875822013102876e+01
1.921752693175586302e+01
1.950533135947451768e+01
1.916453966075386006e+01
1.968961912780057943e+01
1.905934330614270067e+01
1.980197740335473711e+01
1.917206567682333684e+01
2.016928365329964734e+01
1.950113364082085710e+01
1.876641436578815103e+01
1.971998873933406671e+01
1.812908219592411285e+01
2.036702552327579596e+01
1.947360407413531647e+01
1.967216404785422057e+01
1.972039148556199351e+01
1.930548092657574699e+01
1.978646239276775987e+01
1.867319798795760732e+01
1.905785367092190796e+01
1.767670330904935838e+01
1.977790906879137722e+01
1.919265436497959243e+01
1.917841988826641497e+01
2.003390566913825310e+01
1.961022547171138797e+01
1.920011745629018662e+01
1.886471090188785737e+01
1.891401360515434149e+01
1.809709139302676206e+01
1.927357152286350939e+01
1.858487116036639364e+01
1.967310369861455399e+01
1.902782492791974533e+01
1.881317060704641264e+01
1.907041825983156258e+01
1.909435147414387046e+01
1.918300812536041278e+01
1.981377896597840405e+01
1.856349873664267136e+01
1.914386459968239862e+01
1.839554113037025118e+01
1.992893500590600198e+01
1.931711286892073076e+01
1.904208730812363370e+01
1.846278064080193815e+01
1.875463883804806997e+01
1.912396695873902530e+01
1.912251085143813967e+01
1.871824225489598348e+01
1.914557415891273706e+01
1.985773308152726102e+01
2.022185350251928071e+01
1.890896059039493338e+01
1.828952048843206057e+01
1.953169434946602223e+01
1.956782297670321213e+01
1.890707893815063301e+01
1.894163765294360502e+01
1.849846550780264565e+01
1.849247299327981153e+01
1.881222425439630541e+01
1.876664221146827671e+01
1.970270916325272381e+01
1.991183295472153958e+01
1.826520378003746004e+01
1.972320368287110526e+01
1.933086526626582469e+01
1.928231894270214752e+01
1.930892112400428573e+01
1.824061278013615706e+01
1.895098583845384610e+01
1.892647802659410416e+01
1.974283712476936969e+01
1.969404054698614814e+01
1.865685525079284091e+01
1.902322034643965054e+01
1.838366833061629535e+01
2.050338748963401159e+01
1.881723524278145021e+01
1.901116086535975569e+01
2.028853793497965441e+01
1.852725054120622517e+01
1.992192167982643625e+01
2.003421441143979109e+01
1.985740745112311245e+01
1.931411567407096541e+01
1.955558949906827237e+01
1.823750982076699501e+01
1.900146374020090079e+01
1.956945937408535130e+01
1.900730755593538746e+01
1.965110445826540087e+01
1.887475248796123495e+01
1.973389752020667132e+01
1.962669609490801292e+01
1.880750108662662967e+01
1.895173940813488045e+01
1.922354402367526660e+01
1.890273271807306799e+01
1.901412770099700467e+01
1.911587575674107597e+01
2.010172293678351707e+01
1.895368931613162289e+01
1.999936868752260466e+01
2.021432076813988132e+01
1.833388770603814066e+01
1.859617388297395735e+01
1.938453286101123041e+01
1.925673830670726261e+01
1.832643864804845890e+01
1.919238510216226246e+01
1.755223684356865377e+01
2.004298153543101790e+01
1.978761198052208670e+01
1.955611319196834330e+01
1.961449896781237712e+01
1.874682780914734792e+01
1.926867064769754379e+01
1.948927234622908600e+01
1.927125726557625995e+01
1.980802911132389710e+01
1.957188090508839551e+01
1.997905286321478258e+01
1.857230588665184712e+01
1.856845753689381340e+01
1.868623833960861447e+01
1.886855071222557712e+01
2.000106429978963618e+01
1.969278227365266076e+01
1.927024912714470517e+01
1.873239592149262478e+01
1.962223608056087443e+01
1.838272477281965678e+01
1.952202176977668202e+01
2.008531747079915064e+01
1.863408038024324753e+01
1.836730604573214265e+01
1.971356222590168272e+01
1.990796082763077379e+01
2.004022143500749209e+01
1.763948606129154939e+01
1.922683731181537325e+01
1.890131311859516927e+01
2.013003081136405825e+01
1.918619478238142051e+01
1.958819757486318380e+01
1.847835510008495064e+01
1.949025895365708649e+01
1.886452224143009815e+01
1.877327449668593218e+01
1.878047672398837875e+01
1.866641141233722223e+01
1.937357893519288510e+01
1.912156266694917406e+01
2.039999936973817540e+01
1.872225781078051199e+01
1.919591222187326451e+01
1.902025329682643218e+01
1.969008567958508138e+01
1.908547356057481537e+01
1.923541594213951100e+01
1.896344122001916332e+01
1.907684617120287029e+01
1.968627744267913116e+01
1.852460837526994908e+01
1.896875854497157832e+01
1.968079602145136775e+01
1.903060827870064387e+01
1.921212486566645339e+01
1.884922049570776537e+01
1.981949604528078268e+01
1.919437387921562532e+01
1.903640967594849798e+01
1.974405340109150231e+01
1.970234469081215778e+01
1.904577961495930793e+01
1.947373941124948615e+01
1.931820951361011041e+01
1.984580835467401627e+01
1.922054053346364455e+01
2.020820184592880864e+01
1.848000675043532581e+01
1.875918297125360823e+01
2.022870097863282268e+01
1.939677866948738938e+01
1.904874343119390900e+01
1.920293741210459615e+01
1.908439347051646706e+01
1.946976579168778798e+01
1.910189547876928273e+01
2.067919486508018778e+01
1.954491911798951165e+01
1.971350172490289054e+01
1.896083091743399152e+01
1.963325872372262992e+01
1.876745182965949610e+01
1.871238708164750264e+01
1.905023735054760792e+01
1.953711420179513780e+01
1.951954068141968435e+01
1.866130442352305607e+01
1.983575662821150942e+01
1.934449476359947084e+01
1.832000226205417093e+01
1.889663275554054422e+01
1.880128702568684318e+01
1.803197814222740902e+01
1.980939258448684015e+01
1.986717165209347158e+01
1.988871677541294147e+01
1.930621910129379160e+01
1.943404332158003811e+01
1.891943720498864323e+01
1.960713958557052905e+01
1.938207389463409669e+01
1.952278317769793503e+01
1.918843451633528829e+01
1.882067736298909466e+01
1.835548691250025399e+01
1.912865832793683296e+01
1.908356331717967436e+01
1.938359897148363942e+01
1.981986193009971586e+01
2.038483286531158356e+01
2.052328222368607413e+01
1.999919781389978013e+01
1.819812813199663992e+01
1.967437502032032626e+01
1.910676846798583028e+01
1.949784156670360957e+01
1.950170626532572271e+01
1.926077736875032898e+01
2.006616913260425861e+01
1.894604233839905305e+01
1.983664495792350024e+01
1.919139920780057551e+01
1.900771791609732020e+01
1.934810433759843207e+01
2.040769413188432679e+01
1.828439874889603800e+01
1.914384238411861716e+01
1.974895169091966451e+01
1.904562570175761138e+01
1.976487879526167646e+01
1.922738039651235553e+01
2.011152642501337695e+01
1.954198419998739666e+01
1.922332950925292039e+01
1.834435950201110543e+01
1.984541682148398678e+01
1.874241063187178824e+01
1.848079329683401539e+01
1.897211380390288937e+01
1.865229864698223849e+01
1.951302333538253109e+01
1.900047339136493108e+01
1.924750546837000442e+01
1.876912769854173746e+01
2.003268070725394878e+01
1.951607235097841553e+01
1.853589627841123288e+01
1.818619878890818242e+01
1.998709861195130344e+01
1.878750392246660539e+01
1.967823737089301517e+01
1.932314325857792880e+01
2.002235741737408503e+01
1.969345958803553742e+01
1.986960905386211707e+01
1.957001909665395090e+01
1.955034854506621400e+01
1.946799423094010706e+01
1.903676791358695297e+01
1.928926463520303969e+01
2.017796472669295937e+01
2.027337651717682476e+01
1.908050275090195669e+01
1.925041162895647417e+01
1.972860122294224539e+01
1.857741653364060497e+01
1.864287602980738257e+01
1.970379196504874386e+01
1.981621172346982718e+01
2.007454020412654927e+01
1.909121805924801762e+01
1.913987682515770317e+01
2.026339003422444662e+01
1.927369578921284798e+01
1.922096799313250415e+01
1.811740576850286999e+01
1.956904695544497841e+01
1.887685682939810761e+01
1.957669488262188295e+01
1.932995557513211793e+01
2.009975386833261979e+01
1.924454995858295092e+01
2.002525091047490591e+01
2.032415207236661558e+01
1.849309461720766024e+01
1.951528351537868744e+01
1.990756540804118302e+01
1.878870963608100553e+01
1.963672855384835358e+01
1.910399352556349584e+01
1.817048200471228370e+01
1.985559541239288706e+01
2.010116048941189604e+01
1.883759702629496857e+01
1.919833246200857957e+01
1.885135831591665578e+01
1.932474603062132346e+01
1.853914546341307457e+01
1.992876644706340272e+01
1.935847228337961212e+01
1.947810266541678459e+01
1.893527346290137459e+01
1.825680036579015564e+01
1.995971464242280291e+01
1.945928762281286950e+01
1.946253973684292760e+01
1.948700626959527682e+01
2.011123937792803673e+01
1.993384244600576594e+01
1.910056639868863826e+01
1.997310974781867898e+01
1.891275540256123477e+01
1.853353632864057587e+01
1.983339406100896340e+01
1.994011104970276804e+01
1.946047074199256599e+01
1.840287440285452902e+01
2.026821391812508821e+01
1.929428280336104606e+01
1.916005978604543714e+01
1.957469135129887050e+01
1.883053164466580398e+01
1.879070108521190718e+01
1.988410454740342104e+01
1.916802359905748077e+01
1.825222618991541523e+01
1.885982394865415301e+01
1.769497436500109444e+01
1.947099281496781487e+01
1.864475960012481792e+01
1.914697592928886394e+01
1.971150234778323451e+01
2.025356721444547503e+01
1.867748618201497735e+01
1.960975172242205034e+01
2.004381809524772606e+01
1.942351030646030452e+01
1.937280669397143740e+01
1.886709431531320647e+01
1.948310929009197778e+01
1.951909036661160712e+01
1.977595475714862161e+01
1.881587713116037008e+01
2.005770462933765685e+01
1.960259386645278568e+01
1.829174480487868948e+01
1.955298658384842270e+01
1.901433130272687677e+01
1.882878834185080663e+01
1.874081518712117145e+01
1.933940066237755673e+01
1.966011179268371123e+01
1.984144611747019127e+01
2.017357834862518473e+01
1.927548413857206810e+01
1.863248613182872759e+01
2.023668996233006112e+01
1.907262904468114328e+01
1.994862026224975793e+01
1.914888019853866652e+01
1.983526199411905466e+01
1.891370144379319385e+01
1.967730790007838948e+01
1.991561673865424353e+01
1.937322467942557580e+01
1.867675175851609026e+01
1.917161026036899685e+01
1.825781030936571270e+01
1.907347442986214503e+01
1.996543291486265304e+01
1.885058845296067886e+01
1.884101037868462214e+01
1.906095281845005118e+01
1.908285029959418821e+01
1.862190456669202732e+01
1.884044743461356930e+01
1.952890576246365129e+01
1.947292335382324779e+01
1.884074638820285585e+01
1.982046660102443525e+01
1.992175234413591767e+01
1.998635130721365272e+01
1.846230631428282365e+01
2.110720351305515052e+01
1.949300058373210121e+01
1.903930885363555703e+01
1.945837117437600483e+01
1.909554434628963193e+01
1.867425852147024656e+01
1.886929822628831843e+01
1.947603788615304055e+01
1.909148090626446859e+01
1.984760809446405005e+01
1.955249450958874036e+01
2.070478060863194258e+01
1.910557672347104585e+01
1.954352267648237529e+01
1.980419783945295720e+01
1.868003530468975626e+01
1.934688169187534612e+01
1.843139311817185089e+01
1.902158782439087403e+01
1.894029353343428212e+01
1.912394383264474484e+01
1.965923256591384316e+01
1.892821258087117542e+01
1.960568550123699794e+01
1.825245636386942394e+01
1.949552713447320684e+01
1.957542616805687530e+01
1.842251202273118338e+01
1.939621244718957271e+01
1.904123004846411504e+01
1.889517235997390188e+01
1.879408306945962082e+01
1.937211133264883500e+01
1.940318085760034705e+01
1.905553937992539915e+01
1.884736012242966297e+01
1.962386060981410196e+01
1.846330135240605941e+01
1.968964684405682419e+01
1.969861452989824357e+01
1.784595993827738170e+01
1.841618557795661815e+01
1.862571535259004918e+01
1.856012293759354392e+01
2.013083463775418380e+01
1.905220522294930419e+01
1.936222106724191860e+01
1.800671556078629365e+01
2.023940573296264844e+01
1.968530907499711802e+01
1.938463574413779611e+01
1.944099990913495901e+01
1.879835537968016368e+01
2.000705178927819716e+01
2.073389343877665070e+01
1.974699671375273624e+01
1.904701961679320021e+01
1.805990772090541086e+01
1.904963709114993620e+01
1.907133862965384452e+01
1.922922746697720697e+01
1.944364767667349980e+01
1.853835133530211010e+01
1.942279950496847007e+01
1.949858205957548662e+01
1.895764093893294344e+01
1.888263848938044731e+01
1.952327068932914500e+01
1.907929417891947210e+01
1.982211149234503011e+01
1.875422145772149563e+01
1.946954578339089892e+01
1.843829089453775794e+01
1.879976685125595282e+01
1.895011413718740201e+01
1.928343096419829195e+01
1.912733487274978117e+01
1.838687383727530644e+01
1.892692693707989093e+01
1.991581342593123338e+01
1.893173969208225316e+01
1.920588432665544332e+01
1.959394622354592741e+01
1.973157452471696516e+01
2.035047807616102133e+01
1.957069254387060653e+01
1.914867175782114828e+01
1.879942730470643752e+01
1.923269387145943554e+01
1.833416035233713615e+01
1.949817456604177579e+01
1.977293834351038981e+01
1.864808477517894403e+01
2.000903408381978821e+01
1.978797506315926924e+01
1.864091356800387445e+01
1.868251077793006942e+01
1.897542906270669150e+01
1.958116869281344208e+01
1.922530084027668451e+01
1.893847100481495715e+01
1.928310074694133647e+01
1.858137914447445027e+01
1.908563990417479062e+01
1.874088041185950004e+01
1.950493486932620257e+01
1.914024172079191644e+01
1.922588704512717683e+01
2.014668576285431811e+01
2.006553836355830001e+01
1.815214475106036573e+01
1.925667545964198624e+01
1.960881416750957840e+01
2.079540664328823851e+01
1.860414706699432230e+01
1.861906148138332640e+01
1.843960441066620604e+01
1.851686689628706617e+01
1.934371047759351114e+01
1.833587111797940139e+01
1.963875091589707367e+01
1.899952300066351896e+01
1.858254053187035737e+01
1.890597972902461166e+01
1.895153420306926506e+01
1.928032297245913540e+01
1.904627211580832480e+01
1.908113884626592949e+01
1.885150369670689585e+01
1.927349084476279373e+01
1.933858211843790187e+01
1.841659051744344922e+01
1.877273850047341952e+01
1.885721202965212839e+01
1.880021340099500904e+01
1.886600199565699043e+01
1.984118305436564711e+01
1.808937778968786958e+01
1.958958765665780533e+01
1.918729824532577766e+01
1.878245693297573737e+01
2.027798941031310775e+01
1.919751426597787258e+01
1.868976418556215791e+01
1.967597464199475965e+01
1.906743666499513878e+01
1.941077026696670060e+01
1.892224558784703348e+01
1.935696807353802740e+01
1.884394975174614473e+01
1.936670041732979186e+01
1.912778582190207288e+01
1.888068565729521708e+01
2.074499514059324312e+01
1.927581808933415886e+01
1.899811520276703192e+01
1.933450908001584168e+01
1.899070817269288369e+01
1.925149758700891667e+01
1.829175868720968268e+01
1.919071169090338458e+01
1.889216792224659969e+01
1.885974266110045861e+01
1.887143803096252626e+01
1.942226990741055559e+01
1.978368209843762315e+01
1.867050773524076135e+01
1.919717866318388033e+01
1.888497234152730897e+01
1.877160384251519076e+01
1.917469316448368133e+01
1.912732098126448932e+01
1.894643795746253190e+01
1.892682907005606552e+01
1.992346342009638249e+01
1.973026636575559678e+01
1.894205022647049930e+01
2.060854721564002290e+01
1.841889766345414969e+01
1.871451335120819337e+01
1.877298246732151910e+01
1.906970924678513057e+01
1.865589635862476214e+01
1.847740347781522274e+01
1.944458997712228054e+01
1.894961147284439917e+01
2.026245289880771594e+01
1.963771195064613195e+01
1.956485418472236759e+01
1.903953556325999585e+01
1.882212696781234484e+01
1.968368504225133364e+01
1.864729095136896220e+01
1.858300356874416437e+01
1.951438642071639862e+01
2.037332031728660553e+01
2.036321485431425415e+01
1.991804074659485480e+01
2.005077954861231859e+01
2.014828669524163018e+01
1.945141446517910211e+01
1.916957386074267689e+01
1.879312240845998261e+01
1.916787378982430567e+01
1.801859271353421477e+01
1.859471031742426561e+01
1.870998794580012969e+01
1.957682647213655969e+01
1.971276281622373716e+01
1.970511249494698802e+01
1.958390758097679196e+01
1.992673202182011849e+01
1.958853556868486123e+01
1.973132432311380313e+01
1.979443413746833613e+01
1.899898701721587813e+01
1.939791778089059093e+01
1.923882668654224304e+01
1.886045268280831877e+01
1.819546202823322290e+01
2.000678338743581719e+01
1.981213490780682918e+01
1.830461308844447643e+01
1.840251245732009977e+01
2.044466467672662446e+01
1.978718872193289968e+01
2.056053109766333264e+01
1.926708318184551771e+01
1.914495907903780392e+01
1.834927871041340453e+01
1.957058834379811074e+01
1.909514374291778793e+01
1.899247893120445951e+01
1.919558028555118767e+01
1.862319695396604757e+01
1.903866097230951482e+01
1.970071759035075942e+01
1.860087509377802562e+01
1.942418893535565516e+01
2.000119871883093126e+01
1.841726559081932635e+01
1.906103592807350822e+01
1.809980336210950469e+01
1.886347464358541615e+01
2.035365342136395839e+01
1.863393623764981299e+01
1.919165350107824963e+01
1.985605993061152574e+01
1.906440380519901723e+01
1.882237204384094653e+01
1.935459815695396557e+01
1.880147401042849964e+01
1.924537353206066470e+01
1.893389442863118788e+01
1.908792649953420550e+01
1.930043710653460920e+01
1.886806059134464775e+01
1.994404706472156619e+01
1.986587155943117367e+01
2.001129556123514064e+01
1.881189301288814164e+01
1.866427379779095830e+01
1.875661858357657863e+01
1.934081282843755289e+01
2.024306258416208948e+01
1.794890011102089744e+01
1.914978229546593269e+01
1.980721230571900904e+01
1.922477067357644387e+01
1.947425618314824192e+01
1.983890811518581287e+01
1.872260976190014858e+01
2.052303425924839075e+01
1.959046571207029785e+01
1.985927336380335717e+01
1.873770433102821542e+01
1.934493696267520235e+01
1.764439085008166685e+01
1.893985025716299830e+01
1.900881562851534312e+01
2.070239772577788173e+01
1.908662122572290443e+01
2.016808290567486495e+01
1.937609550742183018e+01
1.895604405951245397e+01
1.962258256440321347e+01
1.994468757890076560e+01
1.924281583747906055e+01
1.967094141316751177e+01
1.988356270281617810e+01
1.973934283049375793e+01
1.914651615431171905e+01
1.915113886690034661e+01
1.954528443289934003e+01
1.932047600813109511e+01
1.990263383760356675e+01
1.992135669343797844e+01
1.882754865201171057e+01
1.893845931332511512e+01
1.783874230721290743e+01
1.980174446075194084e+01
1.916137178283296549e+01
1.934874099605814735e+01
1.981916495402700207e+01
1.960190413094136730e+01
1.857311240492887450e+01
1.850204927144971734e+01
1.935945809851193644e+01
1.936496813657772265e+01
1.916077215627025510e+01
1.841831122387648279e+01
1.996758225641282181e+01
1.893746778574480416e+01
1.908353709319848690e+01
1.894221928238445329e+01
1.913459731869139446e+01
2.013642269784387651e+01
1.957946298334641710e+01
1.942102505919152122e+01
2.010284917758707124e+01
1.908283053227812687e+01
1.884922069624720820e+01
1.971704687654807131e+01
1.904527210198255460e+01
1.897133457755955277e+01
1.930114472136980908e+01
1.829370158011063197e+01
1.970980756167891457e+01
1.860826201724660223e+01
1.941649485494582805e+01
2.053577362381548710e+01
1.812014169321067314e+01
1.913067998123188929e+01
2.039001850933565407e+01
1.955014158280252801e+01
1.900048752870539204e+01
1.838925461960308283e+01
1.918954000877532451e+01
1.915998296534955259e+01
1.933145016377865133e+01
1.961927712853847439e+01
1.933666302172578355e+01
1.992734739572406255e+01
1.835125603407255213e+01
1.958306442198500719e+01
1.881724763400521994e+01
1.822133799412036126e+01
1.914379992424860433e+01
1.914145432726985874e+01
1.976417335234228290e+01
1.880857651066408209e+01
1.846611767101845203e+01
1.868901588966714300e+01
1.909377704682520616e+01
1.910826691689372225e+01
1.960080050346963176e+01
2.023504493963693562e+01
1.916837195089960488e+01
1.920941554176556565e+01
1.953534426236020849e+01
1.936566589391710025e+01
1.892345627180638346e+01
2.046733552419160773e+01
1.894626251966111141e+01
1.899736368635501904e+01
1.857975525221887381e+01
1.969407780290430665e+01
1.811677842579651809e+01
1.945763429444726000e+01
1.892449640296210589e+01
1.988166849559123506e+01
1.997714293589339007e+01
1.986357978126356016e+01
1.901854492462701174e+01
1.914749190986737659e+01
1.902376485191074096e+01
1.974331738469571462e+01
1.926037532001399200e+01
2.014151994640543109e+01
1.888437884928345056e+01
1.971316932770119124e+01
1.903840451180996851e+01
2.086346431948020808e+01
2.017459707048989159e+01
2.009329808762334935e+01
1.892855811905911168e+01
1.972592598088076699e+01
1.933580780863644222e+01
1.932519585675381180e+01
1.992871949568205281e+01
2.046581138167971048e+01
1.909312470316577759e+01
1.991723288223443689e+01
1.992029311811392134e+01
1.860430609943973934e+01
1.887165123913673526e+01
1.840314154001782398e+01
2.021926980890414427e+01
2.043736047221761254e+01
1.948933541091835053e+01
1.876230951107230283e+01
1.957528277577295128e+01
1.954689945632220827e+01
1.924035907019886338e+01
1.892695899180680641e+01
2.039301787896597418e+01
1.976904560707005842e+01
2.059007013324091773e+01
1.914469992813640076e+01
1.902463083452409975e+01
1.896477409217500565e+01
1.873032898020394299e+01
1.906253452418552286e+01
1.911102668864775467e+01
1.923175348003220364e+01
1.982981838571604527e+01
1.834572932845343018e+01
1.964531734858174516e+01
1.918943851294137559e+01
1.918345094400280360e+01
2.075575809880560030e+01
2.016452325827654946e+01
2.002493693895948468e+01
1.940217367520161673e+01
1.967413219406723357e+01
1.806040550486910590e+01
1.995071571115763831e+01
1.932499186595908469e+01
2.014424793385834533e+01
1.877321168385197936e+01
1.936669644525538203e+01
1.945005716100385840e+01
1.937605812609637113e+01
1.926435855505070194e+01
2.036653219636514578e+01
1.858490110626846814e+01
1.877986208232323406e+01
2.010548667598666128e+01
1.943477288494162281e+01
1.913502378215354227e+01
1.905378775453817042e+01
1.963887801359329188e+01
2.075366332658950341e+01
1.965235032144110505e+01
1.988675661373363468e+01
1.958730554418416858e+01
1.921104183397777021e+01
2.043096724718596136e+01
1.931465535479744844e+01
1.982770782361471973e+01
1.863976220863457911e+01
1.898466812560174333e+01
1.960417817566091614e+01
2.012059209205501986e+01
2.018650658644597939e+01
1.867773333572553440e+01
2.024090595691260930e+01
1.913116633448185411e+01
1.953139787042416842e+01
1.981208319666271223e+01
1.790247292382621680e+01
1.871289051377008406e+01
1.947593785461980076e+01
2.008158830172040155e+01
