1.900377599999999845e+01
1.934855999999999909e+01
1.913137599999999949e+01
1.922360000000000113e+01
1.910972800000000049e+01
1.918681600000000032e+01
1.958598399999999984e+01
1.903087999999999980e+01
1.931177599999999828e+01
1.939836800000000139e+01
1.959284800000000004e+01
1.914721600000000024e+01
1.913964800000000110e+01
1.923943999999999832e+01
1.928713600000000028e+01
1.898529600000000173e+01
1.959408000000000172e+01
1.945169599999999832e+01
1.929910399999999981e+01
1.906044800000000095e+01
1.940593600000000052e+01
1.910567999999999955e+01
1.923627199999999959e+01
1.912310400000000143e+01
1.901715199999999939e+01
1.935964799999999997e+01
1.898072000000000159e+01
1.915196800000000010e+01
1.940646399999999971e+01
1.911817599999999828e+01
1.931899200000000150e+01
1.917696000000000112e+01
1.926689599999999913e+01
1.946102399999999832e+01
1.887177600000000055e+01
1.937214399999999870e+01
1.914176000000000144e+01
1.900870400000000160e+01
1.899215999999999838e+01
1.957718399999999903e+01
1.898864000000000019e+01
1.887864000000000075e+01
1.936510399999999876e+01
1.930139199999999988e+01
1.924947200000000080e+01
1.924032000000000053e+01
1.886350399999999894e+01
1.921409600000000140e+01
1.919983999999999824e+01
1.916657599999999917e+01
1.904953599999999980e+01
1.932990399999999909e+01
1.895608000000000004e+01
1.937460799999999850e+01
1.939396800000000098e+01
1.879785599999999945e+01
1.912046399999999835e+01
1.923504000000000147e+01
1.928537599999999941e+01
1.941191999999999851e+01
1.925123200000000168e+01
1.970196800000000081e+01
1.918100799999999850e+01
1.931828799999999902e+01
1.924683200000000127e+01
1.892580799999999996e+01
1.916305600000000098e+01
1.934433599999999842e+01
1.901785599999999832e+01
1.957348800000000111e+01
1.950361600000000095e+01
1.892387199999999936e+01
1.918681600000000032e+01
1.905552000000000135e+01
1.924208000000000141e+01
1.930702399999999841e+01
1.939537599999999884e+01
1.933025599999999855e+01
1.947088000000000108e+01
1.956926400000000044e+01
1.934292800000000057e+01
1.909124800000000022e+01
1.935524799999999956e+01
1.936439999999999984e+01
1.938780799999999971e+01
1.958123199999999997e+01
1.922254399999999919e+01
1.924771199999999993e+01
1.928150400000000175e+01
1.966272000000000020e+01
1.938728000000000051e+01
1.903334399999999960e+01
1.939977599999999924e+01
1.870721599999999896e+01
1.927903999999999840e+01
1.925000000000000000e+01
1.941033600000000092e+01
1.945292800000000000e+01
1.906819199999999981e+01
1.937584000000000017e+01
1.921902400000000100e+01
1.913472000000000151e+01
1.929188800000000015e+01
1.911483199999999982e+01
1.975036800000000170e+01
1.916006399999999843e+01
1.927516800000000075e+01
1.921708800000000039e+01
1.927815999999999974e+01
1.947211199999999920e+01
1.948478400000000121e+01
1.925228800000000007e+01
1.912820800000000077e+01
1.904003200000000007e+01
1.934873599999999882e+01
1.910990400000000022e+01
1.891243199999999902e+01
1.918417600000000078e+01
1.911799999999999855e+01
1.901292799999999872e+01
1.937777600000000078e+01
1.952720000000000056e+01
1.922096000000000160e+01
1.895801600000000064e+01
1.934768000000000043e+01
1.909107200000000049e+01
1.916692799999999863e+01
1.896417599999999837e+01
1.931547199999999975e+01
1.959689600000000098e+01
1.973611199999999855e+01
1.903475200000000100e+01
1.926091200000000114e+01
1.916199999999999903e+01
1.916956800000000172e+01
1.890081599999999895e+01
1.932673600000000036e+01
1.895625599999999977e+01
1.958281600000000111e+01
1.943339200000000133e+01
1.955571199999999976e+01
1.902612799999999993e+01
1.910321599999999975e+01
1.901926399999999973e+01
1.938692800000000105e+01
1.928132799999999847e+01
1.922694399999999959e+01
1.924577599999999933e+01
1.924419200000000174e+01
1.938059200000000004e+01
1.915020799999999923e+01
1.906379199999999940e+01
1.892985600000000090e+01
1.963913600000000059e+01
1.910180799999999834e+01
1.929188800000000015e+01
1.904531199999999913e+01
1.952209600000000123e+01
1.901046399999999892e+01
1.904390400000000128e+01
1.922166400000000053e+01
1.920547200000000032e+01
1.922289599999999865e+01
1.955095999999999989e+01
1.896488000000000085e+01
1.946700799999999987e+01
1.964881600000000006e+01
1.878043200000000112e+01
1.892633599999999916e+01
1.941103999999999985e+01
1.907575999999999894e+01
1.942934400000000039e+01
1.915883200000000031e+01
1.978275199999999856e+01
1.929329600000000156e+01
1.918980799999999931e+01
1.900799999999999912e+01
1.937795200000000051e+01
1.907329599999999914e+01
1.947369600000000034e+01
1.939731199999999944e+01
1.896417599999999837e+01
1.923609599999999986e+01
1.918822400000000172e+01
1.890433600000000069e+01
1.951382399999999961e+01
1.923908799999999886e+01
1.928625600000000162e+01
1.933975999999999829e+01
1.930209599999999881e+01
1.909969600000000156e+01
1.971023999999999887e+01
1.961044800000000166e+01
1.945451200000000114e+01
1.915988799999999870e+01
1.928924800000000062e+01
1.936967999999999890e+01
1.926372800000000041e+01
1.904196800000000067e+01
1.926566400000000101e+01
1.895942399999999850e+01
1.866462399999999988e+01
1.912908799999999943e+01
1.919737599999999844e+01
1.910814399999999935e+01
1.939115200000000172e+01
1.959179200000000165e+01
1.862432000000000087e+01
1.951223999999999847e+01
1.922852800000000073e+01
1.903932800000000114e+01
1.933905599999999936e+01
1.914774399999999943e+01
1.920776000000000039e+01
1.974015999999999948e+01
1.939273599999999931e+01
1.909776000000000096e+01
1.914316799999999930e+01
1.890028799999999976e+01
1.941156799999999905e+01
1.961097600000000085e+01
1.913102400000000003e+01
1.926038399999999839e+01
1.931159999999999854e+01
1.911131200000000163e+01
1.932603200000000143e+01
1.923275200000000140e+01
1.939590400000000159e+01
1.962382399999999905e+01
1.952948800000000062e+01
1.959636799999999823e+01
1.922483199999999925e+01
1.936950399999999917e+01
1.923099200000000053e+01
1.914193600000000117e+01
1.921884800000000126e+01
1.922923199999999966e+01
1.950273599999999874e+01
1.933183999999999969e+01
1.915390400000000071e+01
1.906343999999999994e+01
1.933183999999999969e+01
1.932955199999999962e+01
1.967609600000000114e+01
1.894640000000000057e+01
1.921884800000000126e+01
1.916763200000000111e+01
1.917889600000000172e+01
1.980475200000000058e+01
1.915267199999999903e+01
1.951910399999999868e+01
1.912328000000000117e+01
1.928889600000000115e+01
1.943356800000000106e+01
1.938129599999999897e+01
1.943286399999999858e+01
1.930174399999999935e+01
1.899198399999999864e+01
1.917977600000000038e+01
1.925422400000000067e+01
1.953124800000000150e+01
1.977905600000000064e+01
1.954004799999999875e+01
1.937795200000000051e+01
1.960816000000000159e+01
1.920881599999999878e+01
1.905358400000000074e+01
1.911588800000000177e+01
1.927129599999999954e+01
1.905182399999999987e+01
1.927763200000000055e+01
1.939713599999999971e+01
1.890944000000000003e+01
1.891260799999999875e+01
1.920529600000000059e+01
1.901873600000000053e+01
1.923187199999999919e+01
1.963068799999999925e+01
1.949182400000000115e+01
1.949164800000000142e+01
1.916428799999999910e+01
1.940030399999999844e+01
1.934750400000000070e+01
1.931406399999999834e+01
1.908015999999999934e+01
1.928079999999999927e+01
1.912292800000000170e+01
1.916974400000000145e+01
1.921567999999999898e+01
1.963684800000000052e+01
1.939854400000000112e+01
1.929188800000000015e+01
1.909230399999999861e+01
1.930860799999999955e+01
1.933078400000000130e+01
1.898811200000000099e+01
1.923855999999999966e+01
1.918998399999999904e+01
1.939203200000000038e+01
1.928942400000000035e+01
1.904619200000000134e+01
1.903686400000000134e+01
1.955043200000000070e+01
1.951329600000000042e+01
1.934011200000000130e+01
1.931723200000000062e+01
1.881123200000000040e+01
1.916147199999999984e+01
1.953758399999999895e+01
1.905340800000000101e+01
1.923679999999999879e+01
1.916446399999999883e+01
1.901891200000000026e+01
1.929188800000000015e+01
1.900694400000000073e+01
1.948443200000000175e+01
1.914176000000000144e+01
1.975969600000000170e+01
1.916974400000000145e+01
1.958528000000000091e+01
1.944307200000000080e+01
1.942230400000000046e+01
1.937108800000000031e+01
1.921603199999999845e+01
1.931547199999999975e+01
1.951399999999999935e+01
1.902700799999999859e+01
1.934222400000000164e+01
1.910691200000000123e+01
1.953406400000000076e+01
1.934855999999999909e+01
1.905446399999999940e+01
1.945099199999999939e+01
1.942564799999999892e+01
1.910920000000000130e+01
1.950977599999999867e+01
1.911624000000000123e+01
1.943919999999999959e+01
1.918347199999999830e+01
1.911606400000000150e+01
1.951399999999999935e+01
1.880225599999999986e+01
1.911412800000000090e+01
1.918646400000000085e+01
1.955324799999999996e+01
1.907224000000000075e+01
1.929294399999999854e+01
1.924524800000000013e+01
1.910092799999999968e+01
1.947105600000000081e+01
1.923468799999999845e+01
1.950784000000000162e+01
1.929083200000000176e+01
1.925404800000000094e+01
1.913014400000000137e+01
1.931916800000000123e+01
1.883376000000000161e+01
1.922465599999999952e+01
1.894516799999999890e+01
1.918558399999999864e+01
1.958651199999999903e+01
1.931054400000000015e+01
1.925985599999999920e+01
1.942248000000000019e+01
1.923838399999999993e+01
1.901803200000000160e+01
1.916816000000000031e+01
1.949569599999999880e+01
1.939009599999999978e+01
1.916903999999999897e+01
1.949604799999999827e+01
1.920107199999999992e+01
1.913032000000000110e+01
1.933852800000000016e+01
1.917308799999999991e+01
1.926848000000000027e+01
1.917238400000000098e+01
1.935295999999999950e+01
1.929435199999999995e+01
1.936527999999999849e+01
1.925844800000000134e+01
1.939361600000000152e+01
1.898635200000000012e+01
1.935243200000000030e+01
1.940435199999999938e+01
1.929329600000000156e+01
1.928731200000000001e+01
1.941966400000000093e+01
1.910955200000000076e+01
1.950220799999999954e+01
1.918382400000000132e+01
1.938745600000000024e+01
1.911923200000000023e+01
1.934609599999999929e+01
1.926355200000000067e+01
1.925492799999999960e+01
1.947510400000000175e+01
1.920599999999999952e+01
1.929171200000000042e+01
1.921779199999999932e+01
1.956222400000000050e+01
1.929734399999999894e+01
1.957630400000000037e+01
1.923838399999999993e+01
1.940399999999999991e+01
1.932585600000000170e+01
1.926443199999999933e+01
1.934257600000000110e+01
1.893302399999999963e+01
1.946700799999999987e+01
1.935031999999999996e+01
1.924753600000000020e+01
1.895185599999999937e+01
1.920952000000000126e+01
1.951681599999999861e+01
1.968384000000000000e+01
1.920318400000000025e+01
1.909318400000000082e+01
1.925475199999999987e+01
1.942758399999999952e+01
1.896470400000000112e+01
1.958035200000000131e+01
1.973963200000000029e+01
1.921286399999999972e+01
1.935014400000000023e+01
1.908068799999999854e+01
1.964916799999999952e+01
1.894076799999999849e+01
1.967416000000000054e+01
1.934750400000000070e+01
1.921990399999999966e+01
1.970971199999999968e+01
1.933571200000000090e+01
1.973751999999999995e+01
1.918452800000000025e+01
1.926460799999999907e+01
1.883956799999999987e+01
1.900148799999999838e+01
1.919878399999999985e+01
1.926584000000000074e+01
1.895608000000000004e+01
1.933571200000000090e+01
1.940611200000000025e+01
1.915584000000000131e+01
1.936897599999999997e+01
1.946648000000000067e+01
1.954251199999999855e+01
1.916516800000000131e+01
1.897526399999999924e+01
1.917027200000000065e+01
1.916921599999999870e+01
1.940048000000000172e+01
1.909846399999999988e+01
1.890891200000000083e+01
1.907523199999999974e+01
1.944870399999999933e+01
1.922236799999999945e+01
1.898318400000000139e+01
1.943849600000000066e+01
1.939625600000000105e+01
1.959548799999999957e+01
1.929259199999999908e+01
1.907364799999999860e+01
1.937460799999999850e+01
1.873572800000000171e+01
1.958950400000000158e+01
1.901715199999999939e+01
1.912380800000000036e+01
1.922659200000000013e+01
1.934873599999999882e+01
1.889623999999999882e+01
1.893214400000000097e+01
1.963473600000000019e+01
1.950484799999999908e+01
1.962364799999999931e+01
1.901679999999999993e+01
1.952156799999999848e+01
1.904319999999999879e+01
1.911571199999999848e+01
1.927411199999999880e+01
1.933747200000000177e+01
1.907083199999999934e+01
1.907857600000000176e+01
1.907787199999999928e+01
1.926495999999999853e+01
1.953265599999999935e+01
1.958017600000000158e+01
1.904724799999999973e+01
1.923943999999999832e+01
1.947175999999999974e+01
1.934644799999999876e+01
1.902313600000000093e+01
1.922729599999999905e+01
1.952280000000000015e+01
1.953054399999999902e+01
1.922659200000000013e+01
1.911835200000000157e+01
1.926707199999999887e+01
1.891718399999999889e+01
1.914844799999999836e+01
1.907417600000000135e+01
1.965444799999999859e+01
1.914615999999999829e+01
1.934468800000000144e+01
1.931494400000000056e+01
1.958897599999999883e+01
1.910198400000000163e+01
1.904249599999999987e+01
1.937143999999999977e+01
1.922483199999999925e+01
1.892862399999999923e+01
1.919526400000000166e+01
1.949287999999999954e+01
1.945046400000000020e+01
1.970443200000000061e+01
1.939168000000000092e+01
1.895643199999999950e+01
1.942459200000000052e+01
1.930878399999999928e+01
1.915566400000000158e+01
1.935999999999999943e+01
