1.933958399999999855e+01
1.935472000000000037e+01
1.950379200000000068e+01
1.944219199999999859e+01
1.928291199999999961e+01
1.898177599999999998e+01
1.945838399999999879e+01
1.946278399999999920e+01
1.927851199999999920e+01
1.930702399999999841e+01
1.987268800000000013e+01
1.903598399999999913e+01
1.938499200000000044e+01
1.928326399999999907e+01
1.942371199999999831e+01
1.963192000000000093e+01
1.941614399999999918e+01
1.949376000000000175e+01
1.909811200000000042e+01
1.964793600000000140e+01
1.931230400000000103e+01
1.885769600000000068e+01
1.921427200000000113e+01
1.911518399999999929e+01
1.911870400000000103e+01
1.909740800000000149e+01
1.912398400000000009e+01
1.894551999999999836e+01
1.917660800000000165e+01
1.943163200000000046e+01
1.916956800000000172e+01
1.945609599999999872e+01
1.911764799999999909e+01
1.931635199999999841e+01
1.950590400000000102e+01
1.905252799999999880e+01
1.945767999999999986e+01
1.968894399999999933e+01
1.928995199999999954e+01
1.930579200000000029e+01
1.894604800000000111e+01
1.938728000000000051e+01
1.933659199999999956e+01
1.883675200000000061e+01
1.885488000000000142e+01
1.951382399999999961e+01
1.907716800000000035e+01
1.929857600000000062e+01
1.906995200000000068e+01
1.906784000000000034e+01
1.913383999999999929e+01
1.913436799999999849e+01
1.913137599999999949e+01
1.926302400000000148e+01
1.927358399999999961e+01
1.929628800000000055e+01
1.915337600000000151e+01
1.892299200000000070e+01
1.917326399999999964e+01
1.932145600000000130e+01
1.904672000000000054e+01
1.902647999999999939e+01
1.914457600000000070e+01
1.943849600000000066e+01
1.979911999999999850e+01
1.945257600000000053e+01
1.923785600000000073e+01
1.910497600000000062e+01
1.914422400000000124e+01
1.948267200000000088e+01
1.919350400000000079e+01
1.935806399999999883e+01
1.928942400000000035e+01
1.956433600000000084e+01
1.909705599999999848e+01
1.935806399999999883e+01
1.902894399999999919e+01
1.968225599999999886e+01
1.925897600000000054e+01
1.924472000000000094e+01
1.966184000000000154e+01
1.910779199999999989e+01
1.896575999999999951e+01
1.919455999999999918e+01
1.937302400000000091e+01
1.942916800000000066e+01
1.933060800000000157e+01
1.911870400000000103e+01
1.923222399999999865e+01
1.917836799999999897e+01
1.930420799999999915e+01
1.900430400000000120e+01
1.908790400000000176e+01
1.893478400000000050e+01
1.946436800000000034e+01
1.946471999999999980e+01
1.904548799999999886e+01
1.886843199999999854e+01
1.946313599999999866e+01
1.943691199999999952e+01
1.936774399999999829e+01
1.938411199999999823e+01
1.897420800000000085e+01
1.941033600000000092e+01
1.930350400000000022e+01
1.943356800000000106e+01
1.938763199999999998e+01
1.933571200000000090e+01
1.930262400000000156e+01
1.929804800000000142e+01
1.952896000000000143e+01
1.904900800000000061e+01
1.917907200000000145e+01
1.937355200000000011e+01
1.959971200000000024e+01
1.898459199999999925e+01
1.941297600000000045e+01
1.941825599999999952e+01
1.908491199999999921e+01
1.937443199999999877e+01
1.919544000000000139e+01
1.936563200000000151e+01
1.884220799999999940e+01
1.934627199999999903e+01
1.898177599999999998e+01
1.897614400000000145e+01
1.935119999999999862e+01
1.884872000000000014e+01
1.922835200000000100e+01
1.927763200000000055e+01
1.963702400000000026e+01
1.894604800000000111e+01
1.935225600000000057e+01
1.902718399999999832e+01
1.922131200000000106e+01
1.920036800000000099e+01
1.916235199999999850e+01
1.927622399999999914e+01
1.897561599999999871e+01
1.917396799999999857e+01
1.915548799999999829e+01
1.917625599999999864e+01
1.956838399999999822e+01
1.952561599999999942e+01
1.903968000000000060e+01
1.918188800000000072e+01
1.949164800000000142e+01
1.906132799999999961e+01
1.894921599999999984e+01
1.941367999999999938e+01
1.937795200000000051e+01
1.941103999999999985e+01
1.916587200000000024e+01
1.919086400000000125e+01
1.915918399999999977e+01
1.922535999999999845e+01
1.900905600000000106e+01
1.931512000000000029e+01
1.917062400000000011e+01
1.948003200000000135e+01
1.914633600000000158e+01
1.923662399999999906e+01
1.936985599999999863e+01
1.908403200000000055e+01
1.901046399999999892e+01
1.917942400000000092e+01
1.927464000000000155e+01
1.921937600000000046e+01
1.938340799999999930e+01
1.893865600000000171e+01
1.925105599999999839e+01
1.902630399999999966e+01
1.935771199999999936e+01
1.917467200000000105e+01
1.915777599999999836e+01
1.911571199999999848e+01
1.903827199999999920e+01
1.957683199999999957e+01
1.930667199999999895e+01
1.936703999999999937e+01
1.976972800000000063e+01
1.980457600000000085e+01
1.894182400000000044e+01
1.926584000000000074e+01
1.921092799999999912e+01
1.898899199999999965e+01
1.918734399999999951e+01
1.923609599999999986e+01
1.905569600000000108e+01
1.909089600000000075e+01
1.909582400000000035e+01
1.954479999999999862e+01
1.939079999999999870e+01
1.924419200000000174e+01
1.925598400000000154e+01
1.927305600000000041e+01
1.951593599999999995e+01
1.919455999999999918e+01
1.937636799999999937e+01
1.909124800000000022e+01
1.918804799999999844e+01
1.884801600000000121e+01
1.941332799999999992e+01
1.948724800000000101e+01
1.936422400000000010e+01
1.902630399999999966e+01
1.951171199999999928e+01
1.931300799999999995e+01
1.877550400000000153e+01
1.976849599999999896e+01
1.944483200000000167e+01
1.905463999999999913e+01
1.948390399999999900e+01
1.892000000000000171e+01
1.933887999999999963e+01
1.940875199999999978e+01
1.927129599999999954e+01
1.895291200000000131e+01
1.919033599999999851e+01
1.915777599999999836e+01
1.940875199999999978e+01
1.888937599999999861e+01
1.909705599999999848e+01
1.939748799999999918e+01
1.938164799999999843e+01
1.951206399999999874e+01
1.934134399999999943e+01
1.948003200000000135e+01
1.932145600000000130e+01
1.902260800000000174e+01
1.943779200000000174e+01
1.951435199999999881e+01
1.906731200000000115e+01
1.898494399999999871e+01
1.893319999999999936e+01
1.911465600000000009e+01
1.906784000000000034e+01
1.923011199999999832e+01
1.949587199999999854e+01
1.891278399999999849e+01
1.913630399999999909e+01
1.920001600000000153e+01
1.937302400000000091e+01
1.895942399999999850e+01
1.919860800000000012e+01
1.923521600000000120e+01
1.903422399999999826e+01
1.911975999999999942e+01
1.948918400000000162e+01
1.928291199999999961e+01
1.921937600000000046e+01
1.942230400000000046e+01
1.924208000000000141e+01
1.959443200000000118e+01
1.924243200000000087e+01
1.937795200000000051e+01
1.927974400000000088e+01
1.938886400000000165e+01
1.906484800000000135e+01
1.937830399999999997e+01
1.928044799999999981e+01
1.957595200000000091e+01
1.944923199999999852e+01
1.897051199999999938e+01
1.920089600000000019e+01
1.942335999999999885e+01
1.949305599999999927e+01
1.897279999999999944e+01
1.919825600000000065e+01
1.926144000000000034e+01
1.908684799999999981e+01
1.918171200000000098e+01
1.920899199999999851e+01
1.952491200000000049e+01
1.909476799999999841e+01
1.926865600000000001e+01
1.904020799999999980e+01
1.925246399999999980e+01
1.925193600000000060e+01
1.885382399999999947e+01
1.952438400000000129e+01
1.907839999999999847e+01
1.925686400000000020e+01
1.932515199999999922e+01
1.916499200000000158e+01
1.913243200000000144e+01
1.908614400000000089e+01
1.908068799999999854e+01
1.926953599999999867e+01
1.902542400000000100e+01
1.899022400000000133e+01
1.891524799999999829e+01
1.929188800000000015e+01
1.935014400000000023e+01
1.905710399999999893e+01
1.964511999999999858e+01
1.916516800000000131e+01
1.933289600000000164e+01
1.923996800000000107e+01
1.934609599999999929e+01
1.947809600000000074e+01
1.910884799999999828e+01
1.905006399999999900e+01
1.941984000000000066e+01
1.956416000000000111e+01
1.917396799999999857e+01
1.905956799999999873e+01
1.921444800000000086e+01
1.915742399999999890e+01
1.925651200000000074e+01
1.893249600000000044e+01
1.920177599999999885e+01
1.929382400000000075e+01
1.939203200000000038e+01
1.938375999999999877e+01
1.930086400000000069e+01
1.915548799999999829e+01
1.952878400000000170e+01
1.943039999999999878e+01
1.950555200000000156e+01
1.945609599999999872e+01
1.922800000000000153e+01
1.933711999999999875e+01
1.927041600000000088e+01
1.933412799999999976e+01
1.954515200000000164e+01
1.931476800000000082e+01
1.918857600000000119e+01
1.956063999999999936e+01
1.967292799999999886e+01
1.931863999999999848e+01
1.923028800000000160e+01
1.939009599999999978e+01
1.909300800000000109e+01
1.920863999999999905e+01
1.931248000000000076e+01
1.907980799999999988e+01
1.909969600000000156e+01
1.935876800000000131e+01
1.932920000000000016e+01
1.927006400000000141e+01
1.937760000000000105e+01
1.999905599999999950e+01
1.954585600000000056e+01
1.968612800000000007e+01
1.939854400000000112e+01
1.922395200000000060e+01
1.904408000000000101e+01
1.896488000000000085e+01
1.887265599999999921e+01
1.900148799999999838e+01
1.945820799999999906e+01
1.929646400000000028e+01
1.901152000000000086e+01
1.936686399999999963e+01
1.894763199999999870e+01
1.938780799999999971e+01
1.928519999999999968e+01
1.945222400000000107e+01
1.934768000000000043e+01
1.908033599999999907e+01
1.987356799999999879e+01
1.921497600000000006e+01
1.952614399999999861e+01
1.939872000000000085e+01
1.911131200000000163e+01
1.917625599999999864e+01
1.937513600000000125e+01
1.921920000000000073e+01
1.956152000000000157e+01
1.949551999999999907e+01
1.936668799999999990e+01
1.926566400000000101e+01
1.917537599999999998e+01
1.917449600000000132e+01
1.923398399999999953e+01
1.908244799999999941e+01
1.936404800000000037e+01
1.911729599999999962e+01
1.909740800000000149e+01
1.891718399999999889e+01
1.887230399999999975e+01
1.917766400000000004e+01
1.956803199999999876e+01
1.943145600000000073e+01
1.935841599999999829e+01
1.966764799999999980e+01
1.911905600000000049e+01
1.894217599999999990e+01
1.920248000000000133e+01
1.912064000000000163e+01
1.918400000000000105e+01
1.921180800000000133e+01
1.918012799999999984e+01
1.908508799999999894e+01
1.917273600000000044e+01
1.915566400000000158e+01
1.921409600000000140e+01
1.916745600000000138e+01
1.946665600000000040e+01
1.903140799999999899e+01
1.936316800000000171e+01
1.892422399999999882e+01
1.952508800000000022e+01
1.918980799999999931e+01
1.923328000000000060e+01
1.922377600000000086e+01
1.927921600000000169e+01
1.953846400000000116e+01
1.971675199999999961e+01
1.944395199999999946e+01
1.935137599999999836e+01
1.934908799999999829e+01
1.945556799999999953e+01
1.900782399999999939e+01
1.886051199999999994e+01
1.951681599999999861e+01
1.890767999999999915e+01
1.927763200000000055e+01
1.908033599999999907e+01
1.935331199999999896e+01
1.943884800000000013e+01
1.930139199999999988e+01
1.901961599999999919e+01
1.962241600000000119e+01
1.948302400000000034e+01
1.897244799999999998e+01
1.918487999999999971e+01
1.912574400000000097e+01
1.948038400000000081e+01
1.915355200000000124e+01
1.871460799999999836e+01
1.930455999999999861e+01
1.929188800000000015e+01
1.937548800000000071e+01
1.931775999999999982e+01
1.901099200000000167e+01
1.945961600000000047e+01
1.930403199999999941e+01
1.917783999999999978e+01
1.950431999999999988e+01
1.931529600000000002e+01
1.916534400000000105e+01
1.948636799999999880e+01
1.942881600000000120e+01
1.967416000000000054e+01
1.922307199999999838e+01
1.942353599999999858e+01
1.893830399999999869e+01
1.897350399999999837e+01
1.973928000000000083e+01
1.899884799999999885e+01
1.940646399999999971e+01
1.948496000000000095e+01
1.939273599999999931e+01
1.904126400000000174e+01
1.920159999999999911e+01
1.931705600000000089e+01
1.911377600000000143e+01
1.925070399999999893e+01
1.944553600000000060e+01
1.910022400000000076e+01
1.914615999999999829e+01
1.922342400000000140e+01
1.912310400000000143e+01
1.922923199999999966e+01
1.922360000000000113e+01
1.921603199999999845e+01
1.951839999999999975e+01
1.914915200000000084e+01
1.920776000000000039e+01
1.892651199999999889e+01
1.955201599999999829e+01
1.954919999999999902e+01
1.961115200000000058e+01
1.937724800000000158e+01
1.877919999999999945e+01
1.945028800000000047e+01
1.894287999999999883e+01
1.940276799999999824e+01
1.969668800000000175e+01
1.919315200000000132e+01
1.912363200000000063e+01
1.953054399999999902e+01
1.900483200000000039e+01
1.939291199999999904e+01
1.934644799999999876e+01
1.957824000000000098e+01
1.936422400000000010e+01
1.925087999999999866e+01
1.927974400000000088e+01
1.952966400000000036e+01
1.924032000000000053e+01
1.906625599999999920e+01
1.917044800000000038e+01
1.894798400000000171e+01
1.920353599999999972e+01
1.939168000000000092e+01
1.933447999999999922e+01
1.940646399999999971e+01
1.914017600000000030e+01
1.954057600000000150e+01
1.924331199999999953e+01
1.943779200000000174e+01
1.947088000000000108e+01
1.907716800000000035e+01
1.923064000000000107e+01
1.905023999999999873e+01
1.907435200000000108e+01
1.969017600000000101e+01
1.899057600000000079e+01
1.929435199999999995e+01
1.918206400000000045e+01
1.942212800000000072e+01
1.923363200000000006e+01
1.916816000000000031e+01
1.932233599999999996e+01
1.921409600000000140e+01
1.890609600000000157e+01
1.927006400000000141e+01
1.914985599999999977e+01
1.917660800000000165e+01
1.953705599999999976e+01
1.918065599999999904e+01
1.947844800000000021e+01
1.898195199999999971e+01
1.936105600000000138e+01
1.932497599999999949e+01
1.959548799999999957e+01
1.960727999999999938e+01
1.945345599999999919e+01
1.920899199999999851e+01
1.911060799999999915e+01
1.871812800000000010e+01
1.935542399999999930e+01
1.913172799999999896e+01
1.934398399999999896e+01
1.941825599999999952e+01
1.923979200000000134e+01
1.936545599999999823e+01
1.943884800000000013e+01
1.926707199999999887e+01
1.907611199999999840e+01
1.943796800000000147e+01
1.883569599999999866e+01
1.927780800000000028e+01
1.949164800000000142e+01
1.969140799999999913e+01
1.968120000000000047e+01
1.914686400000000077e+01
1.940646399999999971e+01
1.894868800000000064e+01
1.903827199999999920e+01
1.969000000000000128e+01
1.916534400000000105e+01
1.881792000000000087e+01
1.904055999999999926e+01
1.943339200000000133e+01
1.948724800000000101e+01
1.930508800000000136e+01
1.912046399999999835e+01
1.938164799999999843e+01
1.933641599999999983e+01
1.923943999999999832e+01
1.913823999999999970e+01
1.939238399999999984e+01
1.940523200000000159e+01
1.930315200000000075e+01
1.902683199999999886e+01
1.899356799999999978e+01
1.910532800000000009e+01
1.935190400000000110e+01
1.948320000000000007e+01
1.944817600000000013e+01
1.929523199999999861e+01
1.937847999999999971e+01
1.932620800000000116e+01
1.898160000000000025e+01
1.929487999999999914e+01
1.933360000000000056e+01
1.951769600000000082e+01
1.958193599999999890e+01
1.903580799999999940e+01
1.904988799999999927e+01
1.907311999999999941e+01
1.964617600000000053e+01
1.946718399999999960e+01
1.924841599999999886e+01
1.915284799999999876e+01
1.941702400000000139e+01
1.913401599999999902e+01
1.901750399999999885e+01
1.957753599999999850e+01
1.923328000000000060e+01
1.934345599999999976e+01
1.895344000000000051e+01
1.906555200000000028e+01
1.927939200000000142e+01
1.943374400000000080e+01
1.916992000000000118e+01
1.928643200000000135e+01
1.912415999999999983e+01
1.941332799999999992e+01
1.931987200000000016e+01
1.909881599999999935e+01
1.946454400000000007e+01
1.929593600000000109e+01
1.951241600000000176e+01
1.906044800000000095e+01
1.932656000000000063e+01
1.885681599999999847e+01
1.935084799999999916e+01
1.951452799999999854e+01
1.951945600000000169e+01
1.951910399999999868e+01
1.932145600000000130e+01
1.943444799999999972e+01
1.921092799999999912e+01
1.921761599999999959e+01
1.924806399999999940e+01
1.898036799999999857e+01
1.952631999999999834e+01
1.915443199999999990e+01
1.919297600000000159e+01
1.939326399999999850e+01
1.923644799999999933e+01
1.880665600000000026e+01
1.924823999999999913e+01
1.920089600000000019e+01
1.942846400000000173e+01
1.929400000000000048e+01
1.919350400000000079e+01
1.890363200000000177e+01
1.942705600000000032e+01
1.925880000000000081e+01
1.879944000000000059e+01
1.958633599999999930e+01
1.955958400000000097e+01
1.945204800000000134e+01
1.915742399999999890e+01
1.938604799999999884e+01
1.936598400000000098e+01
1.940769600000000139e+01
1.864808000000000021e+01
1.962681600000000159e+01
1.933236799999999889e+01
1.929611200000000082e+01
1.901856000000000080e+01
1.900219200000000086e+01
1.896681600000000145e+01
1.925686400000000020e+01
1.958827199999999991e+01
1.924208000000000141e+01
1.921673600000000093e+01
1.940699199999999891e+01
1.928326399999999907e+01
1.932198400000000049e+01
1.955958400000000097e+01
1.937372799999999984e+01
1.952420800000000156e+01
1.906414399999999887e+01
1.943620800000000060e+01
1.906343999999999994e+01
1.941103999999999985e+01
1.935384000000000171e+01
1.902313600000000093e+01
1.951681599999999861e+01
1.942899200000000093e+01
1.940241599999999877e+01
1.941966400000000093e+01
1.890732799999999969e+01
1.919086400000000125e+01
1.945187200000000161e+01
1.940628799999999998e+01
1.923468799999999845e+01
1.902348800000000040e+01
1.947985600000000161e+01
1.950572800000000129e+01
1.929628800000000055e+01
1.922923199999999966e+01
1.923926399999999859e+01
1.920230400000000159e+01
1.888128000000000029e+01
1.915091200000000171e+01
1.919227199999999911e+01
1.953265599999999935e+01
1.964476799999999912e+01
1.918875200000000092e+01
1.921145599999999831e+01
1.900940800000000053e+01
1.943004799999999932e+01
1.924225600000000114e+01
1.882936000000000121e+01
1.919139200000000045e+01
1.938692800000000105e+01
1.946542399999999873e+01
1.926179199999999980e+01
1.912521600000000177e+01
1.889817599999999942e+01
1.941016000000000119e+01
1.910990400000000022e+01
1.923239999999999839e+01
1.936580800000000124e+01
1.879644800000000160e+01
1.934134399999999943e+01
1.939519999999999911e+01
1.951153599999999955e+01
1.932251199999999969e+01
1.920195199999999858e+01
1.939009599999999978e+01
1.908843200000000095e+01
1.961924799999999891e+01
1.958475200000000171e+01
1.955588799999999949e+01
1.947739199999999826e+01
1.878747200000000106e+01
1.924137599999999892e+01
1.947492799999999846e+01
1.911518399999999929e+01
1.884273599999999860e+01
1.920688000000000173e+01
1.905903999999999954e+01
1.946824000000000154e+01
1.952403199999999828e+01
1.916745600000000138e+01
1.927111999999999981e+01
1.934785600000000017e+01
1.950801600000000136e+01
1.914123199999999869e+01
1.927059200000000061e+01
1.945644800000000174e+01
1.953230399999999989e+01
1.951892799999999895e+01
1.929927999999999955e+01
1.939132800000000145e+01
1.937847999999999971e+01
1.907329599999999914e+01
1.934785600000000017e+01
1.939801599999999837e+01
1.903545599999999993e+01
1.942864000000000146e+01
1.948513600000000068e+01
1.921673600000000093e+01
1.940558400000000105e+01
1.889342399999999955e+01
1.957137600000000077e+01
1.893847999999999843e+01
1.944905599999999879e+01
1.925527999999999906e+01
1.926953599999999867e+01
1.880929599999999979e+01
1.939537599999999884e+01
1.895766400000000118e+01
1.946507199999999926e+01
1.898036799999999857e+01
1.947175999999999974e+01
1.928713600000000028e+01
1.917977600000000038e+01
1.943251199999999912e+01
1.918136000000000152e+01
1.886913600000000102e+01
1.946524799999999900e+01
1.933940799999999882e+01
1.942142399999999824e+01
1.913067200000000057e+01
1.929470399999999941e+01
1.896399999999999864e+01
1.927428799999999853e+01
1.911694400000000016e+01
1.952350399999999908e+01
1.964793600000000140e+01
1.916516800000000131e+01
1.927446399999999826e+01
1.916745600000000138e+01
1.951347200000000015e+01
1.913841599999999943e+01
1.921585599999999872e+01
1.926830400000000054e+01
1.944148799999999966e+01
1.918364800000000159e+01
1.953511999999999915e+01
1.896558399999999978e+01
1.926671999999999940e+01
1.951699199999999834e+01
1.935841599999999829e+01
1.884273599999999860e+01
1.916763200000000111e+01
1.935472000000000037e+01
1.955764800000000037e+01
1.948971200000000081e+01
1.953529599999999888e+01
1.933923199999999909e+01
1.913207999999999842e+01
1.896945600000000098e+01
1.931934400000000096e+01
1.898019199999999884e+01
1.921163200000000160e+01
1.896347199999999944e+01
1.910427200000000170e+01
1.939748799999999918e+01
1.926320000000000121e+01
1.969440000000000168e+01
1.937267200000000145e+01
1.912715199999999882e+01
1.933096000000000103e+01
1.908403200000000055e+01
1.878712000000000160e+01
1.922078399999999831e+01
1.928766399999999948e+01
1.938464000000000098e+01
1.958123199999999997e+01
1.923292800000000113e+01
1.910937600000000103e+01
1.913736000000000104e+01
1.935172800000000137e+01
1.920107199999999992e+01
1.946331199999999839e+01
1.927411199999999880e+01
1.895731200000000172e+01
1.887265599999999921e+01
1.945222400000000107e+01
1.966289599999999993e+01
1.903211200000000147e+01
1.924859199999999859e+01
1.938745600000000024e+01
1.934415999999999869e+01
1.933624000000000009e+01
1.921110399999999885e+01
1.906660799999999867e+01
1.915619200000000077e+01
1.934609599999999929e+01
1.915513599999999883e+01
1.954568000000000083e+01
1.956380800000000164e+01
1.956152000000000157e+01
1.941596799999999945e+01
1.919983999999999824e+01
1.940892799999999951e+01
1.911641600000000096e+01
1.954040000000000177e+01
1.909019199999999827e+01
1.913348799999999983e+01
1.944377599999999973e+01
1.925545599999999880e+01
1.955043200000000070e+01
1.914140799999999842e+01
1.928467200000000048e+01
1.940399999999999991e+01
1.913947200000000137e+01
1.952825599999999895e+01
1.926531200000000155e+01
1.905129600000000067e+01
1.922694399999999959e+01
1.965532800000000080e+01
1.886737600000000015e+01
1.932110399999999828e+01
1.925475199999999987e+01
1.940540800000000132e+01
1.917220800000000125e+01
1.921075199999999938e+01
1.937742400000000131e+01
1.938375999999999877e+01
1.912257599999999869e+01
1.942388800000000160e+01
1.879539199999999965e+01
1.943251199999999912e+01
1.941667199999999838e+01
1.912943999999999889e+01
1.885135999999999967e+01
1.920705600000000146e+01
1.925475199999999987e+01
1.941051200000000065e+01
1.886807999999999907e+01
1.912099200000000110e+01
1.917801599999999951e+01
1.913771200000000050e+01
1.924929600000000107e+01
1.915918399999999977e+01
1.899075200000000052e+01
1.908262399999999914e+01
1.891876800000000003e+01
1.969404799999999867e+01
1.947915199999999913e+01
1.942107199999999878e+01
1.927833599999999947e+01
1.896118399999999937e+01
1.934169599999999889e+01
1.935788799999999910e+01
1.922201599999999999e+01
1.926830400000000054e+01
1.969334399999999974e+01
1.929030399999999901e+01
1.878078400000000059e+01
1.892950400000000144e+01
1.930156799999999961e+01
1.936404800000000037e+01
1.953476799999999969e+01
1.909670399999999901e+01
1.940136000000000038e+01
1.948337599999999981e+01
1.939519999999999911e+01
1.942353599999999858e+01
1.915584000000000131e+01
1.948583999999999961e+01
1.937108800000000031e+01
1.906643199999999894e+01
1.960252799999999951e+01
1.916235199999999850e+01
1.922342400000000140e+01
1.895713599999999843e+01
1.941948800000000119e+01
1.880735999999999919e+01
1.930174399999999935e+01
1.922958399999999912e+01
1.953705599999999976e+01
1.945750400000000013e+01
1.942248000000000019e+01
1.924700800000000100e+01
1.921374399999999838e+01
1.951839999999999975e+01
1.910990400000000022e+01
1.914404800000000151e+01
1.948337599999999981e+01
1.937460799999999850e+01
1.904003200000000007e+01
1.930825600000000009e+01
1.935929600000000050e+01
1.940593600000000052e+01
1.926478399999999880e+01
1.912609600000000043e+01
1.890750399999999942e+01
1.897262399999999971e+01
1.913296000000000063e+01
1.916728000000000165e+01
1.945908800000000127e+01
1.932303999999999888e+01
1.913894399999999862e+01
1.963473600000000019e+01
1.910004800000000103e+01
1.933183999999999969e+01
