1.917185599999999823e+01
1.941403199999999885e+01
1.942160000000000153e+01
1.920142399999999938e+01
1.889729600000000076e+01
1.949921600000000055e+01
1.919385600000000025e+01
1.935436800000000090e+01
1.938446400000000125e+01
1.926636799999999994e+01
1.929751999999999867e+01
1.915126400000000118e+01
1.956222400000000050e+01
1.921567999999999898e+01
1.920265600000000106e+01
1.931424000000000163e+01
1.912961599999999862e+01
1.913137599999999949e+01
1.903791999999999973e+01
1.933870399999999989e+01
1.925510399999999933e+01
1.908913599999999988e+01
1.904460800000000020e+01
1.923908799999999886e+01
1.922447999999999979e+01
1.903316799999999986e+01
1.894393600000000077e+01
1.912785600000000130e+01
1.913032000000000110e+01
1.940628799999999998e+01
1.936651200000000017e+01
1.932567999999999842e+01
1.901785599999999832e+01
1.932198400000000049e+01
1.968911999999999907e+01
1.925985599999999920e+01
1.933747200000000177e+01
1.947668799999999933e+01
1.910638399999999848e+01
1.920652799999999871e+01
1.928590399999999860e+01
1.917449600000000132e+01
1.969000000000000128e+01
1.947545600000000121e+01
1.955923200000000151e+01
1.879257600000000039e+01
1.895115200000000044e+01
1.907047999999999988e+01
1.926566400000000101e+01
1.917256000000000071e+01
1.955623999999999896e+01
1.937830399999999997e+01
1.949464000000000041e+01
1.919860800000000012e+01
1.928291199999999961e+01
1.920159999999999911e+01
1.893249600000000044e+01
1.923099200000000053e+01
1.910057600000000022e+01
1.948232000000000141e+01
1.922307199999999838e+01
1.911166400000000110e+01
1.929910399999999981e+01
1.920846399999999932e+01
1.933166399999999996e+01
1.911395200000000116e+01
1.928132799999999847e+01
1.924559999999999960e+01
1.936176000000000030e+01
1.944166399999999939e+01
1.940048000000000172e+01
1.880788799999999839e+01
1.943075199999999825e+01
1.949534399999999934e+01
1.919948799999999878e+01
1.957031999999999883e+01
1.919121600000000072e+01
1.949111999999999867e+01
1.953881600000000063e+01
1.918646400000000085e+01
1.912732799999999855e+01
1.927675199999999833e+01
1.947387200000000007e+01
1.925211200000000034e+01
1.908913599999999988e+01
1.897667200000000065e+01
1.921444800000000086e+01
1.903563199999999966e+01
1.909230399999999861e+01
1.951153599999999955e+01
1.916428799999999910e+01
1.923750400000000127e+01
1.911483199999999982e+01
1.937724800000000158e+01
1.920811199999999985e+01
1.912116800000000083e+01
1.921198400000000106e+01
1.916710399999999836e+01
1.905727999999999867e+01
1.948830399999999941e+01
1.955412799999999862e+01
1.912134400000000056e+01
1.917203200000000152e+01
1.914087999999999923e+01
1.929910399999999981e+01
1.943884800000000013e+01
1.898916799999999938e+01
1.959830399999999884e+01
1.923363200000000006e+01
1.984435200000000066e+01
1.922535999999999845e+01
1.897508799999999951e+01
1.934944000000000131e+01
1.896452800000000138e+01
1.923926399999999859e+01
1.945327999999999946e+01
1.931001600000000096e+01
1.917220800000000125e+01
1.925246399999999980e+01
1.932057599999999908e+01
1.927340799999999987e+01
1.937196799999999897e+01
1.919385600000000025e+01
1.960323199999999844e+01
1.916305600000000098e+01
1.942001600000000039e+01
1.943550400000000167e+01
1.929822400000000115e+01
1.969334399999999974e+01
1.899867199999999912e+01
1.939959999999999951e+01
1.898300800000000166e+01
1.935084799999999916e+01
1.904742399999999947e+01
1.960006399999999971e+01
1.916921599999999870e+01
1.910831999999999908e+01
1.943919999999999959e+01
1.911817599999999828e+01
1.922483199999999925e+01
1.943198399999999992e+01
1.942476800000000026e+01
1.923715199999999825e+01
1.918505599999999944e+01
1.930403199999999941e+01
1.929136000000000095e+01
1.854265600000000092e+01
1.912750399999999829e+01
1.923451199999999872e+01
1.930684799999999868e+01
1.914035200000000003e+01
1.926848000000000027e+01
1.912961599999999862e+01
1.912961599999999862e+01
1.939590400000000159e+01
1.895801600000000064e+01
1.881439999999999912e+01
1.954040000000000177e+01
1.946260799999999946e+01
1.901433600000000013e+01
1.895695999999999870e+01
1.957155200000000050e+01
1.953828800000000143e+01
1.939678400000000025e+01
1.930631999999999948e+01
1.956908800000000070e+01
1.945151999999999859e+01
1.927464000000000155e+01
1.924243200000000087e+01
1.949182400000000115e+01
1.931828799999999902e+01
1.956028799999999990e+01
1.922958399999999912e+01
1.890063999999999922e+01
1.906449599999999833e+01
1.961555200000000099e+01
1.936686399999999963e+01
1.931036800000000042e+01
1.880067199999999872e+01
1.890539199999999909e+01
1.932180800000000076e+01
1.919455999999999918e+01
1.956944000000000017e+01
1.926619200000000021e+01
1.959249600000000058e+01
1.912715199999999882e+01
1.932039999999999935e+01
1.933870399999999989e+01
1.922624000000000066e+01
1.947528000000000148e+01
1.961959999999999837e+01
1.935014400000000023e+01
1.923222399999999865e+01
1.908491199999999921e+01
1.932110399999999828e+01
1.909969600000000156e+01
1.954603200000000029e+01
1.951945600000000169e+01
1.943057599999999852e+01
1.933676799999999929e+01
1.911535999999999902e+01
1.927199999999999847e+01
1.921761599999999959e+01
1.880278399999999905e+01
1.932004799999999989e+01
1.957348800000000111e+01
1.892985600000000090e+01
1.908808000000000149e+01
1.920195199999999858e+01
1.937478399999999823e+01
1.930667199999999895e+01
1.963227200000000039e+01
1.893161600000000178e+01
1.896734400000000065e+01
1.865406400000000176e+01
1.888409599999999955e+01
1.899585599999999985e+01
1.938992000000000004e+01
1.888233599999999868e+01
1.905481599999999887e+01
1.901451199999999986e+01
1.915671999999999997e+01
1.924912000000000134e+01
1.874628799999999984e+01
1.929259199999999908e+01
1.919315200000000132e+01
1.953160000000000096e+01
1.888215999999999894e+01
1.963121599999999844e+01
1.920863999999999905e+01
1.980123199999999883e+01
1.948460800000000148e+01
1.956926400000000044e+01
1.926460799999999907e+01
1.878307200000000066e+01
1.939220800000000011e+01
1.929980799999999874e+01
1.927622399999999914e+01
1.895044800000000151e+01
1.918417600000000078e+01
1.943620800000000060e+01
1.970337599999999867e+01
1.956732799999999983e+01
1.942019200000000012e+01
1.886632000000000176e+01
1.920811199999999985e+01
1.938551999999999964e+01
1.911483199999999982e+01
1.957665599999999984e+01
1.960851200000000105e+01
1.923028800000000160e+01
1.928185600000000122e+01
1.899796800000000019e+01
1.942424000000000106e+01
1.943532799999999838e+01
1.911835200000000157e+01
1.948126399999999947e+01
1.879662400000000133e+01
1.926988800000000168e+01
1.896030400000000071e+01
1.887406400000000062e+01
1.913207999999999842e+01
1.939959999999999951e+01
1.932972799999999935e+01
1.911007999999999996e+01
1.952755200000000002e+01
1.959619199999999850e+01
1.905780800000000141e+01
1.916305600000000098e+01
1.914176000000000144e+01
1.946595200000000148e+01
1.891876800000000003e+01
1.925211200000000034e+01
1.950255999999999901e+01
1.938217600000000118e+01
1.930755200000000116e+01
1.966219200000000100e+01
1.961097600000000085e+01
1.951576000000000022e+01
1.922676799999999986e+01
1.942265599999999992e+01
1.911483199999999982e+01
1.940012799999999871e+01
1.932902400000000043e+01
1.941843199999999925e+01
1.947580800000000067e+01
1.959337599999999924e+01
1.943163200000000046e+01
1.960393600000000092e+01
1.954110400000000070e+01
1.903123199999999926e+01
1.923908799999999886e+01
1.915091200000000171e+01
1.939467199999999991e+01
1.928678400000000082e+01
1.930244799999999827e+01
1.916710399999999836e+01
1.940769600000000139e+01
1.915865600000000057e+01
1.945873599999999826e+01
1.914211200000000090e+01
1.930385599999999968e+01
1.886174400000000162e+01
1.899831999999999965e+01
1.909811200000000042e+01
1.936158400000000057e+01
1.957788800000000151e+01
1.963438400000000073e+01
1.919139200000000045e+01
1.937935999999999837e+01
1.933993600000000157e+01
1.918892800000000065e+01
1.932198400000000049e+01
1.935542399999999930e+01
1.942107199999999878e+01
1.916199999999999903e+01
1.895748800000000145e+01
1.922201599999999999e+01
1.946630400000000094e+01
1.939572799999999830e+01
1.934944000000000131e+01
1.927974400000000088e+01
1.925774399999999886e+01
1.934504000000000090e+01
1.914369599999999849e+01
1.938393599999999850e+01
1.930561600000000055e+01
1.908068799999999854e+01
1.883904000000000067e+01
1.914809599999999890e+01
1.916129600000000011e+01
1.953142400000000123e+01
1.957384000000000057e+01
1.959108799999999917e+01
1.929822400000000115e+01
1.912750399999999829e+01
1.898934399999999911e+01
1.943832000000000093e+01
1.926108800000000087e+01
1.933307200000000137e+01
1.951206399999999874e+01
1.932180800000000076e+01
1.906854399999999927e+01
1.948196799999999840e+01
1.885769600000000068e+01
1.944923199999999852e+01
1.933624000000000009e+01
1.935401600000000144e+01
1.927358399999999961e+01
1.928713600000000028e+01
1.930579200000000029e+01
1.923926399999999859e+01
1.906678399999999840e+01
1.954304000000000130e+01
1.914351999999999876e+01
1.890398400000000123e+01
1.950766399999999834e+01
1.898969599999999858e+01
1.937267200000000145e+01
1.881263999999999825e+01
1.921092799999999912e+01
1.935137599999999836e+01
1.931529600000000002e+01
1.981443200000000004e+01
1.887494399999999928e+01
1.906203199999999853e+01
1.929910399999999981e+01
1.952931200000000089e+01
1.935049599999999970e+01
1.903070400000000006e+01
1.895291200000000131e+01
1.967028799999999933e+01
1.917766400000000004e+01
1.946595200000000148e+01
1.924912000000000134e+01
1.943374400000000080e+01
1.897227200000000025e+01
1.914440000000000097e+01
1.965127999999999986e+01
1.946700799999999987e+01
1.946665600000000040e+01
1.916992000000000118e+01
1.906256000000000128e+01
1.883851200000000148e+01
1.907628800000000169e+01
1.908983999999999881e+01
1.893988799999999983e+01
1.906572800000000001e+01
1.944782400000000067e+01
1.934803199999999990e+01
1.924084799999999973e+01
1.933131200000000049e+01
1.935735999999999990e+01
1.954286400000000157e+01
1.946982399999999913e+01
1.924841599999999886e+01
1.930209599999999881e+01
1.901873600000000053e+01
1.967416000000000054e+01
1.897103999999999857e+01
1.957067199999999829e+01
1.933219199999999915e+01
1.919491199999999864e+01
1.910391999999999868e+01
1.930086400000000069e+01
1.905939199999999900e+01
1.932198400000000049e+01
1.950484799999999908e+01
1.938235200000000091e+01
1.987427200000000127e+01
1.944923199999999852e+01
1.906449599999999833e+01
1.946665600000000040e+01
1.902647999999999939e+01
1.883622400000000141e+01
1.926584000000000074e+01
1.930931199999999848e+01
1.894622400000000084e+01
1.917079999999999984e+01
1.927288000000000068e+01
1.928062399999999954e+01
1.900236800000000059e+01
1.917819199999999924e+01
1.921532799999999952e+01
1.906502400000000108e+01
1.956908800000000070e+01
1.921092799999999912e+01
1.913718400000000130e+01
1.947809600000000074e+01
1.899022400000000133e+01
1.906167999999999907e+01
1.857679999999999865e+01
1.892879999999999896e+01
1.911659200000000070e+01
1.910427200000000170e+01
1.928572799999999887e+01
1.941191999999999851e+01
1.946735999999999933e+01
1.931846399999999875e+01
1.941209599999999824e+01
1.937337600000000037e+01
1.937707199999999830e+01
1.933395200000000003e+01
1.950009599999999921e+01
1.942529599999999945e+01
1.914176000000000144e+01
1.946507199999999926e+01
1.913049600000000083e+01
1.964600000000000080e+01
1.938270400000000038e+01
1.928590399999999860e+01
1.923116800000000026e+01
1.937020800000000165e+01
1.920142399999999938e+01
1.965444799999999859e+01
1.923926399999999859e+01
1.911764799999999909e+01
1.961766400000000132e+01
1.941702400000000139e+01
1.875913600000000159e+01
1.922535999999999845e+01
1.910286400000000029e+01
1.897913600000000045e+01
1.931688000000000116e+01
1.944588800000000006e+01
1.887406400000000062e+01
1.954022399999999848e+01
1.913014400000000137e+01
1.927129599999999954e+01
1.953775999999999868e+01
1.951382399999999961e+01
1.946067199999999886e+01
1.946155200000000107e+01
1.907488000000000028e+01
1.966888000000000147e+01
1.915020799999999923e+01
1.911254399999999976e+01
1.961238399999999871e+01
1.920547200000000032e+01
1.904267199999999960e+01
1.907452800000000082e+01
1.940628799999999998e+01
1.941262400000000099e+01
1.910726400000000069e+01
1.956521599999999950e+01
1.916182399999999930e+01
1.925703999999999994e+01
1.911676800000000043e+01
1.926073600000000141e+01
1.921251200000000026e+01
1.921145599999999831e+01
1.920494400000000113e+01
1.957788800000000151e+01
1.908297599999999861e+01
1.939396800000000098e+01
1.932743999999999929e+01
1.900078399999999945e+01
1.971270399999999867e+01
1.944236799999999832e+01
1.910004800000000103e+01
1.947651199999999960e+01
1.933254399999999862e+01
1.921004800000000046e+01
1.926478399999999880e+01
1.922676799999999986e+01
1.924964800000000054e+01
1.906185599999999880e+01
1.927076800000000034e+01
1.901380800000000093e+01
1.914704000000000050e+01
1.903351999999999933e+01
1.902014399999999839e+01
1.940012799999999871e+01
1.930843199999999982e+01
1.940065600000000146e+01
1.895748800000000145e+01
1.908755199999999874e+01
1.910374399999999895e+01
1.936316800000000171e+01
1.925686400000000020e+01
1.929417600000000022e+01
1.930544000000000082e+01
1.906167999999999907e+01
1.918100799999999850e+01
1.889905600000000163e+01
1.908983999999999881e+01
1.874558400000000091e+01
1.956152000000000157e+01
1.908825600000000122e+01
1.917607999999999890e+01
1.933536000000000143e+01
1.917643199999999837e+01
1.921339199999999892e+01
1.945257600000000053e+01
1.921409600000000140e+01
1.923504000000000147e+01
1.942828799999999845e+01
1.961414399999999958e+01
1.962875199999999865e+01
1.904284799999999933e+01
1.944131199999999993e+01
1.909353600000000029e+01
1.939379200000000125e+01
1.926478399999999880e+01
1.929364800000000102e+01
1.936668799999999990e+01
1.930526400000000109e+01
1.926918399999999920e+01
1.916921599999999870e+01
1.902348800000000040e+01
1.916463999999999857e+01
1.925176000000000087e+01
1.913823999999999970e+01
1.921955200000000019e+01
1.947545600000000121e+01
1.968401599999999974e+01
1.949833599999999834e+01
1.955131199999999936e+01
1.901803200000000160e+01
1.928502399999999994e+01
1.928185600000000122e+01
1.943550400000000167e+01
1.960305599999999870e+01
1.937161599999999950e+01
1.956028799999999990e+01
1.926337600000000094e+01
1.924982400000000027e+01
1.926918399999999920e+01
1.934134399999999943e+01
1.954198399999999936e+01
1.934820799999999963e+01
1.935577599999999876e+01
1.932356800000000163e+01
1.943268799999999885e+01
1.902190399999999926e+01
1.933887999999999963e+01
1.932515199999999922e+01
1.933571200000000090e+01
1.919983999999999824e+01
1.951048000000000116e+01
1.916006399999999843e+01
1.944976000000000127e+01
1.908455999999999975e+01
1.941667199999999838e+01
1.904583999999999833e+01
1.947756800000000155e+01
1.920863999999999905e+01
1.896945600000000098e+01
1.922659200000000013e+01
1.952420800000000156e+01
1.882407999999999859e+01
1.890275199999999955e+01
1.942335999999999885e+01
1.907980799999999988e+01
1.938217600000000118e+01
1.930315200000000075e+01
1.931740800000000036e+01
1.929540799999999834e+01
1.907294399999999968e+01
1.919895999999999958e+01
1.968841600000000014e+01
1.945345599999999919e+01
1.940910399999999925e+01
1.904883200000000087e+01
1.945838399999999879e+01
1.925862400000000108e+01
1.959672000000000125e+01
1.926179199999999980e+01
1.918928000000000011e+01
1.959601599999999877e+01
1.875966400000000078e+01
1.944183999999999912e+01
1.929030399999999901e+01
1.900377599999999845e+01
1.969158399999999887e+01
1.942283199999999965e+01
1.918769599999999897e+01
1.920089600000000019e+01
1.916393599999999964e+01
1.954040000000000177e+01
1.931265600000000049e+01
1.910849599999999882e+01
1.930913599999999875e+01
1.950344000000000122e+01
1.934046400000000077e+01
1.922958399999999912e+01
1.916569600000000051e+01
1.948337599999999981e+01
1.944324800000000053e+01
1.921972799999999992e+01
1.960235199999999978e+01
1.915302399999999849e+01
1.937249600000000171e+01
1.929769599999999841e+01
1.891190399999999983e+01
1.904795199999999866e+01
1.877374400000000065e+01
1.982463999999999871e+01
1.935243200000000030e+01
1.939801599999999837e+01
1.928238400000000041e+01
1.943708799999999925e+01
1.917044800000000038e+01
1.915566400000000158e+01
1.906836799999999954e+01
1.870545600000000164e+01
1.899321600000000032e+01
1.920089600000000019e+01
1.925017599999999973e+01
1.881897599999999926e+01
1.950344000000000122e+01
1.951910399999999868e+01
1.967310399999999859e+01
1.913982400000000084e+01
1.887124800000000135e+01
1.944817600000000013e+01
1.906273600000000101e+01
1.924067200000000000e+01
1.960164800000000085e+01
1.919544000000000139e+01
1.942177600000000126e+01
1.904214400000000040e+01
1.929047999999999874e+01
1.930508800000000136e+01
1.891771200000000164e+01
1.938111999999999924e+01
1.872499200000000030e+01
1.921444800000000086e+01
1.907681600000000088e+01
1.939273599999999931e+01
1.962681600000000159e+01
1.937073600000000084e+01
1.951927999999999841e+01
1.929259199999999908e+01
1.909600000000000009e+01
1.909582400000000035e+01
1.918980799999999931e+01
1.928467200000000048e+01
1.893936000000000064e+01
1.944307200000000080e+01
1.899480000000000146e+01
1.921339199999999892e+01
1.946894400000000047e+01
1.932427200000000056e+01
1.916622399999999971e+01
1.896435200000000165e+01
1.969351999999999947e+01
1.912592000000000070e+01
1.917044800000000038e+01
1.922078399999999831e+01
1.936017599999999916e+01
1.905199999999999960e+01
1.915126400000000118e+01
1.907892800000000122e+01
1.925352000000000174e+01
1.933606400000000036e+01
1.931635199999999841e+01
1.904988799999999927e+01
1.903985600000000034e+01
1.927481600000000128e+01
1.935489600000000010e+01
1.950097600000000142e+01
1.920529600000000059e+01
1.925950399999999973e+01
1.971991999999999834e+01
1.903950400000000087e+01
1.931177599999999828e+01
1.937196799999999897e+01
1.919051199999999824e+01
1.925334399999999846e+01
1.971076800000000162e+01
1.914985599999999977e+01
1.932128000000000156e+01
1.941121599999999958e+01
1.862273599999999973e+01
1.904108799999999846e+01
1.921708800000000039e+01
1.951417599999999908e+01
1.935683200000000070e+01
1.950291199999999847e+01
1.934521600000000063e+01
1.908649600000000035e+01
1.928590399999999860e+01
1.972238400000000169e+01
1.919544000000000139e+01
1.909811200000000042e+01
1.882795199999999980e+01
1.942371199999999831e+01
1.937214399999999870e+01
1.912785600000000130e+01
1.939062399999999897e+01
1.931441600000000136e+01
1.934961600000000104e+01
1.958211199999999863e+01
1.912926399999999916e+01
1.914087999999999923e+01
1.920001600000000153e+01
1.950819200000000109e+01
1.909846399999999988e+01
1.983520000000000039e+01
1.924612799999999879e+01
1.940822400000000059e+01
1.934855999999999909e+01
1.921884800000000126e+01
1.964072000000000173e+01
