1.901196069760412755e+01
1.933697910885897286e+01
1.904593285133622871e+01
1.962811211709944459e+01
1.982029599031791278e+01
1.955264887640862526e+01
1.838204829892287862e+01
1.958442688701959966e+01
1.986793104096494744e+01
1.888852667508382410e+01
1.911553310641355452e+01
2.017114370369573351e+01
1.975402960347863512e+01
1.977563604176161860e+01
2.039015539112834219e+01
1.915117811247130319e+01
1.957544673157654458e+01
1.937939742133891130e+01
2.003471087208844637e+01
1.970018138074788894e+01
1.854908389793024881e+01
1.934248621376134381e+01
1.860832232157927990e+01
1.891613886896983843e+01
1.978149099340416939e+01
1.984237640017582294e+01
1.958648428709120992e+01
1.847855323936072125e+01
1.834626846880602002e+01
1.829280484307257382e+01
1.923040821990332105e+01
2.014244351630395258e+01
1.966842237165518270e+01
1.879170129093835584e+01
1.815794337273593584e+01
1.912650056981898317e+01
1.941770791885307190e+01
1.862498016438254211e+01
1.994563867826281722e+01
1.916288675831016164e+01
1.982780448341035395e+01
1.895759810020295077e+01
1.835135247684740989e+01
1.947371337440503325e+01
1.995416169669245221e+01
1.913150960165082992e+01
1.847047127632178132e+01
1.974513540073373008e+01
1.887702748857676127e+01
1.824722806434772693e+01
1.997706473843246044e+01
1.902785891678020036e+01
1.947981113925608199e+01
1.876061477917947329e+01
1.918936867023733228e+01
1.901590390541355902e+01
1.877693439341350157e+01
1.994756295008534153e+01
1.903777883417506445e+01
1.816495096552803190e+01
1.924552131015134648e+01
1.969045289874773985e+01
1.782066472808969237e+01
1.942263165302793482e+01
1.880369284306497235e+01
1.988963414674597630e+01
1.937061213637450408e+01
1.902845926013106137e+01
2.019252066307993587e+01
1.962730653705359174e+01
1.867431830716122931e+01
1.962178065638276081e+01
1.952258118375412366e+01
1.968984262811276764e+01
1.856281092848219672e+01
1.929513643613323381e+01
1.950987469899441606e+01
1.994539877882000667e+01
1.904289877650934315e+01
1.887423818825349642e+01
1.952439731211976337e+01
1.859209596258877184e+01
1.896264694285649455e+01
1.924646609336348391e+01
1.926713203298259813e+01
1.977839753356810348e+01
1.856671580421420487e+01
1.811614104179354001e+01
1.842993688476564529e+01
1.983462808988587511e+01
1.983326340561098178e+01
1.928910686174972255e+01
1.958969808816950220e+01
1.891813673978179722e+01
2.020860294470745089e+01
1.941425648317343544e+01
1.918494580717404219e+01
1.913741029674188709e+01
1.946900344989885312e+01
1.930298219139546489e+01
1.946265508110340292e+01
1.940283267062611117e+01
1.990164376253834888e+01
1.907806183424002455e+01
2.002333938975237970e+01
1.965002001149791866e+01
1.781146717995532569e+01
1.873890980585508004e+01
1.993494278120650520e+01
1.994461312702532396e+01
1.920832753121913683e+01
1.972860763586927035e+01
1.809514836387037562e+01
1.852979247097625404e+01
2.003500898330639757e+01
1.896171448440569307e+01
1.954028606929795941e+01
2.004452055698882162e+01
1.884362444839766937e+01
1.798726832373255391e+01
1.931765758094165619e+01
1.871764023444925584e+01
1.872629289805302832e+01
1.887180123190471193e+01
1.987102640040872714e+01
1.946971611877192387e+01
1.954641033933427252e+01
1.959863987054930590e+01
1.808909651460995605e+01
1.910411560617314564e+01
1.929654291530316002e+01
1.882762605066355732e+01
1.951491894341850752e+01
1.932655891323191355e+01
1.964206677603347728e+01
1.877292960823857371e+01
1.933233607577688673e+01
1.902555095583791811e+01
1.960275558552128672e+01
1.887203216112486359e+01
1.953393380780040900e+01
1.861236744417973554e+01
1.911799714273070094e+01
1.902418705133425902e+01
1.989455502027815115e+01
1.865926702814440930e+01
1.843480666072055030e+01
1.979338183711094601e+01
1.954748252271737385e+01
1.909540204137906017e+01
1.963479386203021093e+01
1.941844849829768194e+01
2.012856098830568996e+01
1.914750186609039417e+01
1.955824071101102746e+01
1.957728573570201291e+01
1.895834393691642461e+01
1.868709256060932589e+01
1.972594791816370829e+01
1.980027492082500018e+01
1.860043904349753774e+01
1.846523169245792673e+01
1.923203276236605319e+01
1.988009558634015050e+01
1.947885290451177909e+01
1.893119557244556717e+01
1.913874847844753901e+01
1.994074645617046215e+01
1.927541402647293012e+01
1.912384988525825946e+01
1.975030043557869064e+01
1.916211766609729139e+01
1.932876900788437879e+01
1.810252937202727352e+01
1.872115451617193571e+01
1.963067161971304131e+01
1.901031481759626729e+01
1.881760370919063519e+01
1.928489731429315412e+01
1.867800510904813649e+01
1.985437776777261121e+01
1.914519651425032265e+01
1.878515593360098634e+01
1.927899944134358634e+01
1.971015347209371882e+01
1.966609239527389619e+01
1.930577571668748504e+01
2.002871155042906182e+01
1.937838118142081711e+01
1.941928086027568412e+01
2.028403181119507437e+01
1.847347960529325306e+01
1.836505554700323017e+01
1.929059346672721276e+01
1.942664254513967848e+01
1.751808622449478037e+01
1.941547568500925891e+01
1.971045342039939641e+01
1.929873388616214314e+01
1.945841638772105853e+01
1.928842947313188461e+01
1.927132878688512818e+01
1.933869191900567230e+01
1.934001990146965255e+01
1.930590493508039174e+01
1.967333456291162364e+01
1.905649628382252914e+01
1.899865334859336485e+01
1.884227247721333143e+01
1.829315938594421098e+01
1.752365454830684399e+01
2.012307487415329632e+01
1.838552399430071560e+01
1.943557488584889725e+01
2.016907246698955802e+01
1.903728990389943831e+01
1.993569751336978157e+01
1.881739116584364169e+01
1.944892637733475738e+01
1.959759903088142252e+01
1.960146597419444703e+01
1.936655981046795105e+01
1.926515770633211133e+01
1.857922702840382101e+01
1.916575014936683274e+01
1.902801323117405019e+01
1.875968530224369957e+01
1.862105174307322386e+01
1.921821169365680504e+01
1.931959492728565664e+01
1.869019608582459568e+01
2.053147731628792982e+01
1.928555880464625005e+01
1.964139850199054038e+01
1.881072968378973798e+01
1.973098010211491271e+01
1.992915563807392942e+01
1.847437016060946391e+01
1.961537308769383259e+01
1.884769776366739791e+01
1.989440889036958282e+01
1.941613800470688389e+01
1.956409247146371655e+01
1.936111703662940542e+01
2.030461113766883940e+01
1.866991168226229902e+01
1.878949343097991331e+01
1.907552099580616556e+01
1.844534340277038709e+01
1.883572930869259565e+01
1.944062591862302014e+01
1.960477187010890887e+01
1.965370981295566466e+01
1.907666309495511925e+01
1.998559587580414387e+01
1.940807932010080705e+01
1.948015976843658592e+01
1.826601083796088432e+01
2.050759125718521148e+01
1.917929698500001123e+01
1.912820631514424363e+01
1.891067231761341461e+01
1.979027561577044381e+01
1.891428579202085913e+01
1.853740197742118312e+01
1.850542363624649411e+01
1.834618515472201139e+01
1.967901316109938392e+01
1.976618012970772043e+01
1.981368547777505995e+01
1.920823288424873354e+01
1.922431294900371768e+01
1.999560098596825242e+01
1.944377887191502552e+01
1.951071345725891959e+01
1.859199452999576252e+01
1.989741579374263480e+01
1.948270297512756954e+01
1.850897296317905827e+01
1.968036595359073715e+01
1.868060675396776560e+01
1.820727612541589124e+01
1.894526580701937846e+01
1.948467022074039789e+01
1.982963756138714473e+01
1.854529605178268170e+01
1.913865086457339615e+01
1.990866231300525513e+01
1.903659477689951984e+01
1.946738697408970964e+01
1.906846920727542383e+01
2.016424248195728097e+01
1.876838377260533974e+01
1.815627974073032647e+01
2.061185592662004851e+01
1.911483768077621193e+01
1.920637760592674326e+01
1.976531639484336367e+01
1.971997980759277169e+01
1.879760374942381773e+01
1.902724900391958940e+01
1.913540801746936637e+01
1.950348992349194432e+01
1.921967146157587081e+01
1.892940720964142898e+01
2.048160696016739024e+01
1.927598368637212545e+01
1.949305036144023262e+01
1.872853669771071949e+01
1.943565284463182863e+01
1.902690044885940779e+01
1.948965387465701227e+01
1.951548077902076983e+01
1.950269840746352301e+01
1.929128461221537449e+01
1.955314609258645575e+01
1.878445572859068946e+01
1.957711856916068527e+01
1.992292645238418203e+01
1.894808818623238622e+01
1.922064679436987689e+01
1.951478490513853004e+01
1.892677731317080614e+01
1.960750393162521732e+01
1.932429233302939764e+01
1.964267643785725070e+01
1.869193361886566151e+01
1.957954088170196627e+01
1.851281345014219681e+01
1.909157203768128852e+01
1.988182970362332114e+01
1.945286761410072174e+01
1.954966748302713597e+01
1.902002784635163835e+01
2.036756907995898302e+01
1.952046473825271633e+01
1.901240616427372032e+01
1.961468818703284356e+01
1.872280122478673192e+01
1.885046336394836430e+01
1.990579565052368238e+01
1.930311502560068249e+01
1.913068370291865961e+01
1.869451383456076243e+01
1.897094094210837767e+01
1.810043187383753249e+01
1.897043452080776760e+01
1.945482897833437264e+01
2.025119245402960644e+01
1.894176263943269944e+01
1.880830861128083242e+01
1.892049968269468962e+01
1.978484881501718462e+01
1.969982966754984943e+01
1.878568414883382331e+01
1.781429624970999726e+01
1.904461187803752864e+01
1.973130888099248281e+01
1.934883433980731837e+01
1.967149577121447379e+01
1.861364593583810745e+01
1.969132806060627061e+01
1.898585687103045316e+01
1.889114402723911113e+01
1.935331721151608164e+01
1.953716979077437799e+01
1.884864798504409933e+01
1.837261415509583529e+01
1.852664080382533385e+01
1.884645018973972697e+01
1.918263476733487849e+01
2.016789403205685716e+01
1.906957000101323985e+01
1.882354593223972472e+01
1.952557268017713454e+01
1.912547183068717871e+01
1.919517090757991085e+01
1.884046820828498170e+01
1.857917105364549926e+01
1.928414760460544741e+01
1.930854490260677991e+01
1.941854229381578634e+01
1.932610180000352074e+01
2.016798080014490324e+01
1.915055585728775966e+01
1.989866551191143884e+01
1.987864854799327219e+01
1.944718815187671268e+01
1.865396821108247849e+01
1.826191804552601639e+01
1.854656050981970594e+01
1.895971591933455258e+01
1.917832954736826423e+01
1.898784647501010880e+01
1.992454896313132195e+01
1.916256900278022002e+01
1.929989376490420128e+01
2.033652006195519490e+01
1.784124530963331878e+01
1.990557339456769625e+01
1.894042388249879494e+01
1.895813119625786314e+01
1.886644940899249434e+01
1.829825242544124109e+01
1.986950562732196346e+01
1.898941234574161285e+01
1.857398998083596808e+01
1.984336532870098679e+01
1.894384030758914506e+01
1.974663951985892751e+01
1.942402829838896849e+01
1.887209655686435994e+01
1.873982995617992486e+01
1.913271638931876595e+01
1.880142641640413004e+01
1.885218744488627252e+01
1.975359829311615911e+01
1.935496254867842225e+01
1.954087468149003826e+01
1.889653064172255270e+01
1.926108800053848924e+01
1.873302459115192420e+01
1.932546178144832183e+01
1.838732056704609974e+01
1.976964229357754022e+01
1.908496754263300943e+01
1.938800256311653314e+01
1.920849191339789641e+01
1.970684208150558803e+01
1.956049251607936412e+01
1.917622655987523572e+01
1.985870639599676224e+01
1.979878523293207238e+01
1.908529071548624856e+01
1.869672017065809655e+01
1.921511548129600300e+01
1.963232530764171102e+01
1.999763426551049861e+01
1.946431672604211016e+01
1.811271278783461014e+01
1.875782920914592111e+01
1.972150771411057946e+01
2.039793663810206681e+01
1.961059357645213197e+01
2.022417312928042321e+01
2.049810984375077538e+01
1.949826541162730464e+01
1.987820825030592431e+01
1.868860471426058467e+01
1.843019026262643223e+01
1.999721968786071713e+01
1.915380505898398056e+01
1.926743025486459260e+01
1.938012734458477127e+01
1.932323120039399456e+01
1.934603940006453016e+01
1.881861139572437125e+01
1.918600346571684767e+01
2.018545730562318496e+01
1.844583069566685296e+01
1.957475659913857058e+01
1.799721131283608955e+01
1.920316882167827544e+01
1.853423084571585377e+01
1.960328697654795249e+01
1.951281986487735054e+01
1.890624488685384108e+01
1.872221083713368017e+01
1.854512167390676680e+01
1.879330659410349469e+01
1.932858179193197046e+01
1.944179382962169100e+01
1.981166316089760215e+01
1.923584339591929648e+01
1.942525872156545219e+01
1.996170735817553066e+01
1.871522695397682057e+01
2.047214568543777347e+01
1.853541460387538820e+01
1.953675670594619618e+01
2.003820580534820195e+01
1.925436320056032358e+01
1.813048459010752111e+01
1.961175572997546013e+01
1.952424887734207815e+01
1.841233105434796968e+01
1.970900222092214449e+01
1.879458910720201459e+01
2.023421102311433373e+01
1.917459436836743691e+01
1.909130301432797694e+01
1.915036390927400234e+01
1.895059323201591894e+01
1.852366868713668424e+01
1.885556317084284217e+01
1.961270192729264039e+01
1.863358260925280874e+01
1.862061177073683993e+01
1.876725123079587831e+01
1.965266723030658369e+01
1.968091056769283753e+01
2.005533810728248056e+01
2.000966657548350724e+01
1.922736071006747594e+01
1.959862925201392514e+01
1.983349313141796699e+01
1.912121110367269594e+01
1.950899943787557334e+01
1.960131478456178300e+01
1.982832176098160204e+01
1.869405346237133259e+01
1.936817635591636133e+01
1.793421304132146332e+01
1.840248426426120787e+01
1.891029792594409287e+01
1.942156497181974828e+01
1.969339665130651440e+01
1.943342384811550616e+01
1.914364573192764496e+01
1.861193505517944757e+01
1.918290324234146027e+01
1.869284589211485681e+01
1.895380301930032374e+01
1.950600576452957569e+01
2.000880096853043355e+01
1.949209615851568245e+01
1.861587334703622432e+01
1.897915542707299963e+01
2.094941946839730917e+01
1.979580301447015245e+01
1.994324965261139937e+01
1.931358930283855457e+01
1.969815862491908476e+01
1.928961589442277713e+01
1.916729477326505204e+01
1.982960754705889883e+01
1.852962721995536910e+01
1.888860716579074150e+01
1.929807881572952510e+01
1.936625249349154743e+01
1.986047821104179434e+01
1.885565571790180428e+01
1.931092742005312246e+01
2.021275243519425047e+01
1.886910582363632116e+01
1.924974361103601694e+01
1.865853433605697020e+01
1.984140317721556812e+01
1.909473095093199291e+01
1.958871986889111128e+01
1.844728930346289175e+01
2.043019198376522638e+01
1.927512676348704801e+01
1.970173814172520466e+01
1.876040235254490440e+01
1.873802660490684602e+01
2.010416996501144737e+01
1.937287993850876688e+01
1.979955707875210180e+01
1.904543109699162784e+01
1.877533788170420337e+01
1.924916551114797159e+01
1.971540357701480417e+01
1.916479502112984079e+01
1.950702628784732084e+01
1.962288700528799268e+01
1.880040046872850468e+01
1.916682702120258952e+01
1.803120433171251591e+01
1.986163136033548327e+01
1.849128434111423047e+01
1.951943937128283935e+01
1.879562433128763033e+01
1.916594437402063278e+01
1.818459353299077108e+01
1.944441282891372680e+01
1.961507853988170069e+01
1.889074765186218130e+01
1.940014665835790098e+01
1.933933677172027288e+01
1.989447036230738419e+01
1.837836151461988976e+01
1.887541181930474110e+01
1.890372160028292114e+01
1.884508208196604784e+01
1.953694818163948455e+01
2.000678498651906878e+01
1.800980570845465323e+01
1.951667142081001671e+01
1.971266826780581738e+01
1.905705416141486452e+01
1.968702085430235726e+01
1.946694255927790351e+01
2.031599453642535735e+01
1.953475138958677348e+01
1.921010249641625833e+01
2.013380960953860921e+01
1.927232073075533236e+01
1.967072580195605980e+01
1.956950559420511837e+01
1.791493067069290746e+01
1.934658913230560984e+01
1.905108408198284664e+01
1.855421213577045236e+01
1.906359602469958858e+01
1.947018626374429573e+01
1.946981388374909372e+01
1.969823504155651506e+01
1.830819210645759654e+01
1.960428594530892710e+01
1.899093780316518476e+01
1.866855739464292085e+01
1.893655236921766871e+01
1.844286429763037205e+01
1.865002015947190017e+01
2.008596775677480295e+01
2.046469008046419447e+01
1.914145959724261203e+01
1.972251187909765591e+01
1.943441058138586541e+01
1.945720567865177131e+01
1.945899769490376130e+01
1.991599141337829337e+01
1.803701768998982402e+01
1.848145996709951433e+01
1.946203475342885270e+01
1.941319414763437123e+01
1.988602768818457989e+01
1.980755425523354774e+01
1.972180959357018182e+01
1.934401043485784655e+01
2.044605903675742553e+01
1.961955571989124536e+01
2.066704255544643232e+01
1.941972654130572451e+01
1.779488378884101607e+01
1.911827528846745849e+01
1.870961694972275779e+01
1.860740379200945327e+01
1.880219181205499268e+01
1.983534045245092869e+01
1.874287793061975904e+01
1.967229050633835286e+01
1.891577955862680582e+01
1.860759160721067218e+01
1.912484693068054753e+01
1.944910904164169452e+01
1.895812720543899133e+01
2.006157123531112418e+01
1.859809211351352687e+01
1.953758898254823251e+01
1.939262090832774987e+01
1.984962693526306055e+01
2.007323977039411389e+01
1.843876836015717657e+01
1.908865490648633667e+01
1.898358556836607747e+01
1.910583047556223590e+01
1.950615324758127755e+01
2.022798174450285558e+01
1.995410638738787767e+01
1.942442526575704775e+01
2.065418982262928438e+01
1.938542173402239754e+01
1.905748124018847633e+01
1.991814343675440924e+01
1.853312667799911040e+01
1.919121631965623109e+01
1.903665524712467416e+01
1.935029988771888654e+01
1.896595266713906724e+01
1.912321599137609240e+01
1.985438805645846116e+01
1.923018677586745184e+01
1.905534828495108357e+01
1.868262579984000382e+01
1.900752691612456857e+01
1.942392266298665504e+01
1.839169044521759133e+01
1.897489411503777035e+01
1.906221890298980881e+01
2.021611949840407618e+01
1.990470073946101692e+01
1.956061750457709536e+01
1.949280029178028784e+01
1.895026763329576980e+01
1.946651708174109174e+01
1.967965396671435130e+01
1.916905534598884486e+01
1.993948411064178572e+01
1.997047920599564463e+01
1.920288365065179548e+01
1.907252299684825658e+01
1.917393409333907073e+01
1.938330978020685080e+01
1.877002042284916072e+01
1.900664053418120858e+01
1.869755608016449244e+01
1.803460762637370962e+01
1.891050055214886783e+01
1.950553331286452519e+01
1.978687706036448191e+01
1.903394669860724520e+01
1.927545691842584574e+01
1.907002612337110037e+01
1.911498892644057079e+01
1.864600323591775677e+01
1.966345852510595549e+01
1.822282278599762861e+01
2.036554243890517313e+01
1.930282460829582192e+01
1.895703925838155257e+01
1.983402992939383935e+01
1.915843347377508366e+01
1.921219966919671762e+01
1.924475241233989564e+01
1.906162678099956409e+01
1.904444293917184794e+01
1.942881598493028150e+01
1.936578189420799490e+01
1.963363956204563365e+01
1.782804664807225947e+01
1.894918131270252459e+01
1.866721392045474914e+01
1.941547162263237780e+01
1.796684225480801445e+01
2.008158307671401488e+01
1.978682039635692647e+01
1.911152750257001642e+01
1.920760049202560893e+01
1.920991505513836373e+01
1.909067703835836127e+01
1.964063217187331389e+01
1.945685113061856342e+01
1.927789580225971378e+01
1.964793675702464881e+01
1.875163570733489493e+01
1.898139527400763171e+01
1.908519445722831875e+01
1.943532077221144405e+01
1.832128805843729324e+01
1.888691434284017845e+01
1.898097864868804407e+01
1.975245869266819554e+01
1.898488738671427001e+01
1.894379151465616218e+01
2.060456910319163626e+01
1.936412275773834324e+01
1.829464830248856089e+01
1.958423806505687992e+01
1.961030206978777457e+01
1.842555972702731282e+01
1.932757256562660686e+01
1.969952233899147132e+01
1.902702919343094834e+01
1.932034283506507677e+01
1.952140051619198147e+01
1.972613766778878031e+01
1.938364360343286918e+01
1.825414606522055294e+01
2.054776430333383885e+01
1.994112634785155791e+01
1.909469086178932073e+01
1.942063302844065475e+01
1.885153797156442224e+01
2.008328794888060997e+01
1.924309241971121764e+01
2.019409102368958742e+01
1.944144177338865020e+01
2.033786773065190800e+01
1.948446331805646636e+01
1.853456735202782113e+01
1.874385631205581859e+01
1.945859266485963701e+01
2.025223816017979317e+01
1.865961024404549207e+01
1.954012765016640074e+01
1.917464045813747830e+01
1.894649881305924666e+01
2.032731787913141375e+01
1.973870797487592910e+01
1.847281328666706557e+01
1.877575348404199929e+01
2.041443275908575217e+01
1.933700944533048016e+01
1.872732711311800813e+01
1.879103895825712200e+01
1.856883988533962793e+01
1.931088372721521651e+01
1.979598748183901336e+01
1.835299534533132615e+01
1.914712131654009042e+01
1.882192867938924508e+01
1.940279968025701862e+01
2.007820443831905166e+01
2.043222850385365774e+01
1.908866071451395285e+01
1.895610709287806728e+01
1.948255076024667787e+01
1.945438784082561057e+01
1.860319666146325801e+01
1.902284198038659468e+01
1.929942940416129815e+01
1.904369682753671711e+01
1.849811213565457280e+01
1.984257979371304259e+01
2.076864664860394072e+01
1.912249488954651255e+01
1.985255005545123907e+01
1.955711507185692355e+01
1.955114802111605599e+01
1.931213031825886262e+01
1.935943307554314075e+01
1.953557239617556007e+01
1.888640874272245895e+01
2.030825045167630094e+01
1.955499086778199924e+01
1.970846750056222518e+01
1.939985004535000002e+01
1.912465233718015867e+01
1.981248828664715234e+01
2.040433757972630247e+01
1.892263754914593576e+01
1.944862145468211168e+01
1.984106734471713196e+01
1.927543433956638452e+01
1.886681575450828774e+01
1.991436719343172612e+01
1.945563354013822632e+01
1.858739577652548292e+01
1.943656575790046048e+01
1.871367401349823822e+01
1.997437071609896364e+01
1.956710706346128248e+01
1.986699091392338801e+01
1.937892327388644276e+01
1.973736568934082669e+01
1.896449267826501739e+01
2.002050100018228562e+01
1.917418234073490169e+01
1.953334176173500580e+01
1.822880666515616710e+01
1.798234073242170794e+01
1.908543065919569770e+01
1.855423995344034083e+01
1.959819213512915326e+01
1.943293310965328757e+01
1.841298026129245713e+01
1.948663286800848837e+01
1.917156857343861276e+01
1.854205559693947691e+01
1.799559626997252337e+01
2.013642888828412580e+01
1.953147905911853854e+01
1.917317568098248870e+01
1.972564414412512335e+01
2.031596197357434974e+01
1.881778782337338285e+01
1.917168298497698231e+01
1.950212968734273389e+01
2.002610280196130077e+01
1.847744603629207560e+01
1.944195506362420645e+01
1.923500726410086514e+01
1.842148543745650002e+01
1.950083789699805337e+01
1.954965889628601161e+01
1.930548354323697069e+01
1.904839640568302528e+01
1.831112820075506420e+01
1.979423829227666687e+01
1.930437306887856508e+01
1.828903481739173742e+01
1.885766152780389149e+01
1.994693967051901140e+01
1.833877895998420371e+01
1.807101397143898325e+01
2.057201184812150174e+01
1.867030525309457545e+01
1.916734410928981092e+01
1.874169437947101002e+01
1.970061437302864604e+01
2.003463687957259509e+01
1.886608119509140380e+01
1.915312791230957501e+01
1.904570714756712135e+01
2.003868342138174086e+01
1.900382853700853758e+01
1.949888346380940618e+01
1.866753768052004148e+01
1.992422556439662173e+01
1.911651520960969108e+01
1.964139091294924810e+01
1.953809477233922109e+01
2.033870465404637073e+01
1.842384472503450965e+01
2.042650100848477379e+01
1.883235883567566304e+01
1.899507714749014298e+01
1.857540913606113619e+01
1.909452119828998207e+01
1.980474668976279773e+01
2.002624845554344901e+01
1.830514407149746248e+01
1.944946156561950446e+01
1.901675671920257926e+01
1.974544706624696389e+01
1.954943784212067470e+01
1.848499106488123189e+01
1.945692604557714489e+01
1.979928579579479120e+01
2.026730691164978282e+01
1.953632962283804630e+01
1.803754937205903985e+01
1.930730619391960801e+01
1.917776976220650909e+01
1.877057061998888798e+01
1.955297286799301659e+01
1.845360508117248344e+01
1.912186529564413107e+01
1.879063215207796489e+01
2.031849804512948765e+01
1.946394888268625323e+01
2.031682297541323834e+01
