1.962480579834279837e+01
1.907514408349814872e+01
1.948543933402175909e+01
1.949475911595853006e+01
1.921479720429836746e+01
1.887786175333374672e+01
1.959451765158450343e+01
1.960549863728857645e+01
1.964361671448994784e+01
1.942600509376272910e+01
2.032325544627708425e+01
1.880034142364273109e+01
1.928759007827760641e+01
1.917508148004105095e+01
1.918124963859661847e+01
1.947656636844343581e+01
1.937013217687611188e+01
1.926159312686996472e+01
1.883118713480208584e+01
1.969916776705442629e+01
1.945410146408233487e+01
1.874099218545638479e+01
1.887854803445819130e+01
1.911285345447069517e+01
1.909866646286088709e+01
1.909887526653536227e+01
1.921611928831633165e+01
1.912948809877998713e+01
1.897905086295887855e+01
1.972687097792664090e+01
1.925809912752553288e+01
1.959194042356950405e+01
1.931798744690884106e+01
1.935538750878666647e+01
1.950694102934048857e+01
1.903550719723319062e+01
1.937866714000886148e+01
1.982767836510240400e+01
1.941056202074610937e+01
1.920328885451323941e+01
1.878888173292838104e+01
1.925672271162716598e+01
1.924378458646065937e+01
1.857377278781664742e+01
1.873824338403800027e+01
1.946902248162085769e+01
1.913458774746512958e+01
1.930312538707049796e+01
1.897154598069833398e+01
1.927484331454820321e+01
1.901036454866422787e+01
1.921370489006032400e+01
1.904614216563610540e+01
1.970393460011888109e+01
1.966218381150188321e+01
1.930505939029888651e+01
1.894438902870059493e+01
1.880793034118916296e+01
1.924254702143401374e+01
1.960053596430492462e+01
1.900396991474042352e+01
1.914931668037178625e+01
1.893391236820406220e+01
1.943062742985853220e+01
1.983522353600478638e+01
1.913173612821042013e+01
1.909274965577187189e+01
1.909080735445713373e+01
1.926834071057866637e+01
1.960737265776274540e+01
1.921835632639919922e+01
1.938975713186462357e+01
1.920536475771079310e+01
1.954335849264224123e+01
1.894635631614077553e+01
1.911475647885167461e+01
1.905735879834407598e+01
1.959732550192959621e+01
1.928086266114383562e+01
1.941460786808878680e+01
1.976774780797171616e+01
1.903406561353587634e+01
1.865609072118840928e+01
1.915421063960648596e+01
1.948124940696722263e+01
1.957536697786797930e+01
1.960358150063403215e+01
1.920977084427894610e+01
1.919340903439579549e+01
1.957229575473439809e+01
1.909285709351350491e+01
1.912366871994828088e+01
1.878523433933041176e+01
1.903305703628251067e+01
1.942069414733724741e+01
1.941360569992700391e+01
1.898266403905239841e+01
1.879843726202973997e+01
1.952989507778094946e+01
1.951393067298457140e+01
1.945202341116617362e+01
1.915422112284286627e+01
1.900276467378009571e+01
1.957444642222824882e+01
1.933664894394963696e+01
1.922685924205779529e+01
1.945712837227033987e+01
1.922527875739534053e+01
1.936869522626077256e+01
1.937203109326044270e+01
1.987449323910064081e+01
1.903910164016950191e+01
1.901318592309351274e+01
1.954882156470674559e+01
1.958391140119157470e+01
1.914518558498521372e+01
1.931070064189015767e+01
1.963808260337938449e+01
1.910122966976604175e+01
1.960960216687956503e+01
1.912822769137664736e+01
1.914961853665012370e+01
1.872931305139418612e+01
1.930722895635414460e+01
1.900110731920048224e+01
1.870699849062672016e+01
1.954439595048402367e+01
1.885700595870264706e+01
1.929303022988996474e+01
1.917799724889468393e+01
1.946182764299467394e+01
1.906271351392270574e+01
1.905136377355977828e+01
1.904405027780212478e+01
1.899096211507530185e+01
1.914003495976239222e+01
1.911534387611267860e+01
1.919511653894725356e+01
1.918039893816421682e+01
1.922308265875043176e+01
1.932250267902776386e+01
1.924282624770195227e+01
1.953306361360775867e+01
1.968774492409156451e+01
1.918279752053756226e+01
1.945793377290847559e+01
1.950940466402174778e+01
1.924211616609664688e+01
1.909275657884699484e+01
1.962653373210377694e+01
1.951241402450642681e+01
1.952945570321442048e+01
1.915238544047688762e+01
1.931178616795157765e+01
1.902538818719175495e+01
1.935534897029062407e+01
1.891694624165549143e+01
1.942052891337115028e+01
1.902595746975969604e+01
1.952665124538255981e+01
1.917144008485729501e+01
1.917795691863299723e+01
1.945299708601209687e+01
1.925246210184883111e+01
1.920412827066830985e+01
1.932042228017042973e+01
1.919194575501067845e+01
1.941389572248293760e+01
1.918620118316183110e+01
1.896682229406966513e+01
1.927388068763846718e+01
1.855928586596407470e+01
1.911502139088739227e+01
1.895698699204091042e+01
1.920394107806049888e+01
1.895165344663397633e+01
1.913739665923424482e+01
1.986136284561477083e+01
1.917405595153043052e+01
1.955676004013229985e+01
2.002232223831734004e+01
2.006604044090425276e+01
1.894009831373621111e+01
1.936555183372968258e+01
1.924121415373839028e+01
1.878104575732857739e+01
1.918813511790661863e+01
1.946137335942508528e+01
1.892884166082775010e+01
1.893732456138490505e+01
1.931317873029485099e+01
1.941787872841751650e+01
1.961314625034665582e+01
1.911352589951141567e+01
1.938324542001104689e+01
1.921019102457113803e+01
1.922883356138512667e+01
1.936736775099481989e+01
1.941384605271634811e+01
1.875409375847631921e+01
1.913791579647926966e+01
1.879730518507986048e+01
1.966102764123799318e+01
1.967683310217709192e+01
1.935577342026655856e+01
1.880138187554496554e+01
1.912496754683682809e+01
1.934157087810608289e+01
1.865469086865907755e+01
1.983236320209037373e+01
1.934827448002027594e+01
1.918212709444710384e+01
1.946175298923506247e+01
1.891007304184929083e+01
1.948966531637179500e+01
1.924650173935091857e+01
1.920201130675996737e+01
1.880331059714501762e+01
1.925930892750615797e+01
1.926673575497722624e+01
1.953238945848928054e+01
1.890333542996009442e+01
1.922966569195728326e+01
1.935599790658567798e+01
1.936883953158850957e+01
1.973118426940083836e+01
1.934732559315864009e+01
1.960030550701064556e+01
1.917340071002577417e+01
1.922335488014981664e+01
1.965748865224569997e+01
1.960422074814218618e+01
1.892299483877485144e+01
1.914390352469906276e+01
1.896076180412950762e+01
1.916678344292771641e+01
1.901817226647947479e+01
1.894825373160743709e+01
1.954847019937722408e+01
1.880772942484658117e+01
1.937313621444346978e+01
1.900880139342968889e+01
1.959526086746470952e+01
1.897695278212462711e+01
1.953208275089011181e+01
1.937326661833954589e+01
1.900266000873384797e+01
1.931335344719818892e+01
1.957192707510300167e+01
1.927584633358225119e+01
1.936679230595720469e+01
1.954728253387799697e+01
1.916508605056606029e+01
1.937225803026498738e+01
1.929897384658985615e+01
1.924798213892764309e+01
1.901344058491959288e+01
1.930199918971384676e+01
1.923685499452804493e+01
1.910932552187395927e+01
1.936911014444184431e+01
1.948929172653748054e+01
1.941118707350644002e+01
1.878850702520722749e+01
1.938124197677655403e+01
1.971330112521509648e+01
1.955489144144752700e+01
1.916367097530369179e+01
1.928540597688572333e+01
1.939167768925119262e+01
1.895964153624245796e+01
1.940894067414108903e+01
1.916179047770894428e+01
1.965652519827633782e+01
1.934485460053364747e+01
1.915061959395139723e+01
1.914726718664219973e+01
1.935810980128564296e+01
1.928086082358721498e+01
1.871223387980086983e+01
1.961965452719423197e+01
1.883116997022060701e+01
1.931985111481165873e+01
1.934115792943754997e+01
1.909691989167931325e+01
1.962046142806224225e+01
1.906923879512599029e+01
1.935386541284760042e+01
1.950866463743103196e+01
1.916709966593887060e+01
1.915778988277592987e+01
1.906521767848780158e+01
1.921296730016657506e+01
1.947588393114281757e+01
1.910682264072595871e+01
1.975610879301699896e+01
1.901073766948841381e+01
1.924769457177949761e+01
1.911986726942881987e+01
1.914021926836763043e+01
1.982690237938190236e+01
1.909147276084101108e+01
1.902994797841268948e+01
1.928486526414365443e+01
1.971670654998930772e+01
1.941278680337950391e+01
1.907506373953422241e+01
1.924609416425799324e+01
1.936496095980316667e+01
1.919666915218537895e+01
1.884534651602290367e+01
1.935411695663253084e+01
1.930443119631186022e+01
1.966115684340431002e+01
1.936409402282760084e+01
1.947545459995209427e+01
1.945347672713321074e+01
1.933517402859445156e+01
1.944870449992110650e+01
1.928037801727462508e+01
1.932056903904957323e+01
1.898322934781399951e+01
1.960979820018161845e+01
1.921032353377120927e+01
1.960618158864875582e+01
1.933658512467906831e+01
1.928184717370491796e+01
1.896746765573998772e+01
1.947304271383585217e+01
1.947413307193236420e+01
1.937942159573498557e+01
1.939817339195197476e+01
1.927809713761281429e+01
1.882024606598954009e+01
1.920512429051304082e+01
1.947313298404161230e+01
1.932896820238267210e+01
1.913597429016102680e+01
1.902367270552445433e+01
1.933158078178887251e+01
1.943255925656344019e+01
1.935018321239714467e+01
2.011090174008948139e+01
1.948259995460595562e+01
1.961760872410711443e+01
1.947690613219155154e+01
1.904437047532285021e+01
1.911633767650657134e+01
1.886827508097949391e+01
1.872389513390666949e+01
1.899781147326091713e+01
1.944022576526471013e+01
1.915760717274985225e+01
1.897868855870384053e+01
1.922632463279389015e+01
1.880723577616384645e+01
1.923631901421140000e+01
1.928897673718993744e+01
1.953113929890435685e+01
1.950392260900580865e+01
1.906703061553393752e+01
1.966669510987259528e+01
1.941321889563657166e+01
1.947009195162136308e+01
1.928285490160906690e+01
1.890404842609160951e+01
1.899258846418329227e+01
1.905267433863967597e+01
1.908805950883163405e+01
1.955835737192144919e+01
1.939009181143588378e+01
1.953524427494836146e+01
1.961120996579273879e+01
1.903829199580126996e+01
1.910615793648761240e+01
1.921477738464620089e+01
1.884426929496058989e+01
1.949016258429068671e+01
1.910266394905471188e+01
1.930669160685185304e+01
1.873275178658693818e+01
1.861390988312778205e+01
1.900405463002276818e+01
1.954896097421286782e+01
1.948068958703461817e+01
1.963025168775637397e+01
1.967558655215363572e+01
1.920676480172901535e+01
1.885011844516256119e+01
1.889004609169037963e+01
1.958613467996222113e+01
1.931654479567397331e+01
1.927507627672081014e+01
1.909831024569651703e+01
1.910456369701399737e+01
1.908949275086001052e+01
1.929133767615754280e+01
1.933696430267720956e+01
1.920030643099925172e+01
1.949318571210623929e+01
1.880735402720918259e+01
1.950219606952627416e+01
1.907140890757474594e+01
1.956207431160812860e+01
1.902162680485275104e+01
1.933047440526772931e+01
1.930568318782265536e+01
1.936285158910517623e+01
1.947851534665247186e+01
1.964121563047865138e+01
1.937917812135282603e+01
1.953600805043981126e+01
1.931531218128201033e+01
1.955107316401289808e+01
1.904047084893593933e+01
1.912427724805960594e+01
1.974916371553352334e+01
1.894204613759147193e+01
1.922652300684625715e+01
1.927930030524474958e+01
1.924957273842636596e+01
1.943783253971019320e+01
1.906149626378512352e+01
1.900438185631987409e+01
1.964005025670283189e+01
1.926660096955001578e+01
1.898018490741332442e+01
1.916358039112110134e+01
1.909519946712655880e+01
1.980839905571044923e+01
1.933430860425946918e+01
1.864925608562351655e+01
1.923041508230373253e+01
1.917767272580723414e+01
1.904817839733412299e+01
1.906067197016003689e+01
1.873374129141074462e+01
1.931564472596788562e+01
1.938913323173006020e+01
1.930017435451853203e+01
1.942163408322271678e+01
1.944929575883596584e+01
1.918557100447310404e+01
1.925479371798745731e+01
1.949429044554860724e+01
1.965889006491496716e+01
1.916080739423694368e+01
1.952468195432676268e+01
1.915595375791644273e+01
1.874299366782317477e+01
1.960600275729024844e+01
1.890542116916320481e+01
1.935673378343166107e+01
1.983225717296208401e+01
1.961066926167525182e+01
1.898811531120138341e+01
1.906166129887835581e+01
1.918248804543711117e+01
1.929983376844026211e+01
1.920667665808782232e+01
1.962908218982326147e+01
1.892679134123406826e+01
1.940117042929754021e+01
1.940222574623306429e+01
1.927795921710698224e+01
1.930407994486441225e+01
1.934582667570101222e+01
1.919231916486576495e+01
1.947221506236082789e+01
1.934780781452657905e+01
1.939263926121585158e+01
1.907292978256308658e+01
1.953916354441387426e+01
1.964938251641565969e+01
1.974706212858765397e+01
1.936944078538005698e+01
1.877093346127940876e+01
1.931147690883166845e+01
1.884045797683435808e+01
1.914408409868807581e+01
1.983795633402622016e+01
1.892770017484064482e+01
1.899273612627146335e+01
1.941349148268424685e+01
1.900480134432852708e+01
1.927498629474971636e+01
1.887902359668755992e+01
1.951355579423888287e+01
1.938343329566119877e+01
1.887747174636095338e+01
1.940347029018665737e+01
1.977599974119912218e+01
1.909875415760948059e+01
1.911894529004088739e+01
1.916396174662034468e+01
1.904948694674871135e+01
1.941036568698952181e+01
1.941321945300913754e+01
1.928139628629629243e+01
1.937712184196533372e+01
1.890050091856592118e+01
1.988761233224499847e+01
1.944471215740519554e+01
1.923658560279068297e+01
1.911004311109768494e+01
1.898786781781065613e+01
1.945356452433514249e+01
1.937607510673223743e+01
1.892359426249599608e+01
1.943103410070438741e+01
1.904561190544066918e+01
1.905422567249813781e+01
1.933300716319887513e+01
1.944645351770409647e+01
1.911893553117876365e+01
1.914866553747766886e+01
1.950920887618030974e+01
1.905275006832508211e+01
1.888968552114190658e+01
1.926718715503432833e+01
1.938691129800422175e+01
1.878781573591231080e+01
1.930776234535141356e+01
1.907545311502769891e+01
1.952024337163017265e+01
1.905454192098711985e+01
1.940437339990751298e+01
1.919462463174959765e+01
1.957907770372525391e+01
1.959945920105998596e+01
1.934228265197975105e+01
1.921386401786262965e+01
1.927194811449316703e+01
1.866497363752111838e+01
1.935172832222709616e+01
1.886562430868049844e+01
1.940165326607861118e+01
1.935853155371863465e+01
1.918086439650379660e+01
1.944016364481008807e+01
1.942184869180171702e+01
1.942794163253639184e+01
1.902152819781578685e+01
1.923898504420012046e+01
1.871222124876990733e+01
1.922902604891546119e+01
1.941238209968173578e+01
1.978363817907923305e+01
1.956905255213119688e+01
1.891359993503311188e+01
1.934215094365866250e+01
1.880202535994219559e+01
1.907708781118128627e+01
1.955935562679200146e+01
1.907854136477213203e+01
1.888925652556525137e+01
1.912358473434417405e+01
1.958034426822613128e+01
1.933731091490689025e+01
1.919489788705097055e+01
1.912544153212922993e+01
1.928553490289561267e+01
1.945925895711120290e+01
1.920436986833907511e+01
1.910378052692963280e+01
1.936238385228172731e+01
1.938302576275120259e+01
1.901738792825772606e+01
1.904176187395869135e+01
1.904843377535280169e+01
1.894993953535163556e+01
1.911689342320731200e+01
1.917283414606467318e+01
1.924673641175113659e+01
1.942724041573598726e+01
1.936526012955693332e+01
1.946457843361011086e+01
1.859680380282529200e+01
1.936089522711690947e+01
1.930776725265639016e+01
1.947834929493371803e+01
1.966285784589882013e+01
1.920391132712803639e+01
1.936339388945891926e+01
1.912209705948716731e+01
1.944434168465117807e+01
1.924403026835147301e+01
1.895767405447680787e+01
1.930569883585701518e+01
1.937792804222526044e+01
1.911845677584681624e+01
1.904631107683918145e+01
1.981810409907414794e+01
1.929657554376974460e+01
1.942550327503033003e+01
1.901790336674691417e+01
1.909045880630096548e+01
1.933013961974283390e+01
1.936428477665458203e+01
1.939503195356433451e+01
1.916703430002191411e+01
1.910177873714768637e+01
1.914299375336235087e+01
1.925090054788180538e+01
1.915658987659550760e+01
1.939807741630130167e+01
1.926449289749498917e+01
1.966795983971608308e+01
1.892867014689850791e+01
1.949208096743190666e+01
1.874023491229925398e+01
1.949629310644050051e+01
1.923582008863510140e+01
1.950739238986750834e+01
1.952422984568929465e+01
1.899377448417897440e+01
1.960454833844552169e+01
1.914373800363580358e+01
1.923543286492011362e+01
1.931232900475354342e+01
1.882379436045518162e+01
1.949857972913980220e+01
1.884482524922288604e+01
1.920787345512855637e+01
1.934132632106441463e+01
1.940228060831982404e+01
1.911938186204745094e+01
1.916982266117924638e+01
1.908120740364093848e+01
1.922444925988589759e+01
1.925373808304902568e+01
1.895100296771001780e+01
1.933622029838274159e+01
1.974187722561993397e+01
1.931013830218504168e+01
1.878145050621472123e+01
1.956423162219766709e+01
1.937948527194734893e+01
1.904303943181500713e+01
1.906098654028259887e+01
1.935882881806526967e+01
1.940774913178388061e+01
1.946441662820149432e+01
1.877977370573455218e+01
1.968022980681919876e+01
1.928471468906876396e+01
1.919559720908113576e+01
1.927367055011368180e+01
1.901636977100775994e+01
1.901924770374746032e+01
1.952352318866563152e+01
1.941655214710970156e+01
1.926432320021710964e+01
1.911080463740113444e+01
1.933532298358545631e+01
1.926874687160608346e+01
1.909604481155555078e+01
1.945049755236443545e+01
1.944554108047947949e+01
1.931913577475652488e+01
1.922801384251117796e+01
1.949678994490163220e+01
1.913489480893880312e+01
1.955433636996750124e+01
1.922138368242474371e+01
1.888188044605379901e+01
1.944259200882898853e+01
1.935708931759468143e+01
1.933646601824027655e+01
1.910963054653166537e+01
1.906370260924423832e+01
1.917469668831659035e+01
1.965191310619298548e+01
1.926413134527104987e+01
1.961604300416415469e+01
1.897747676395264449e+01
1.935055616916714882e+01
1.973301421184291016e+01
1.931652078799266548e+01
1.920328884428327143e+01
1.934516168827491001e+01
1.896069090305600469e+01
1.869515219489829505e+01
1.906231641293522472e+01
1.925396718980158184e+01
1.964505152088005602e+01
1.986056789860928973e+01
1.896969358533534944e+01
1.901755495389187800e+01
1.914382922947748966e+01
1.966384772432406081e+01
1.922789355902241226e+01
1.877598441184466438e+01
1.928739947210331351e+01
1.940196421364684554e+01
1.941245067075979236e+01
1.928945475626875350e+01
1.927121692479122572e+01
1.892120525145299226e+01
1.913364872864460864e+01
1.903619235862399250e+01
1.910849628463380512e+01
1.898256057058203794e+01
1.919769915149702300e+01
1.959873253542868099e+01
1.933401690408400952e+01
1.948916322351345087e+01
1.918559492645103859e+01
1.945568824496671212e+01
1.920474013245748424e+01
1.906939948421394604e+01
1.972135234232966283e+01
1.950289339631763852e+01
1.968065198639816060e+01
1.972574224579723534e+01
1.861500655127726844e+01
1.928140128058850067e+01
1.950901406744034006e+01
1.934103242498206399e+01
1.901107454672088082e+01
1.921750662684384281e+01
1.892786804421417557e+01
1.954277420170320312e+01
1.959728601151127592e+01
1.927131734898362225e+01
1.928974860349689990e+01
1.939274491399262956e+01
1.950251668895645452e+01
1.932685703092099061e+01
1.945468968998119408e+01
1.965954924261756886e+01
1.967036926142755249e+01
1.935943458896680980e+01
1.914837796912409118e+01
1.936714023741989266e+01
1.921791456027811762e+01
1.891413194180350033e+01
1.941666286194310942e+01
1.973322554182463406e+01
1.896895185678732076e+01
1.923076130296456299e+01
1.982457411414518234e+01
1.943328915328309137e+01
1.941917261766417013e+01
1.887144896942570682e+01
1.967846918409865964e+01
1.868776131026364951e+01
1.946519183931325969e+01
1.908192583965281131e+01
1.910727183080093994e+01
1.887284682472362007e+01
1.933082222141618800e+01
1.917037210973349914e+01
1.951290376031540674e+01
1.882531758446867798e+01
1.943929617691101086e+01
1.903266761135648366e+01
1.914498516595752164e+01
1.957581109553456855e+01
1.880906985702184286e+01
1.884354599886603410e+01
1.942257690897979572e+01
1.916344662895176398e+01
1.931228640749056780e+01
1.922323518625248795e+01
1.924460014152424847e+01
1.869185081688999617e+01
1.914961131676207984e+01
1.940457697554223060e+01
1.964875824959088391e+01
1.962090437562913436e+01
1.948121864026848371e+01
1.922965960116161455e+01
1.947774789867748524e+01
1.957530880288394570e+01
1.909873076565263617e+01
1.914949960097407100e+01
1.918384535879389574e+01
1.956176996202640339e+01
1.915845888587491075e+01
1.980963345424659394e+01
1.889697433192495168e+01
1.932783962555897261e+01
1.930425769611338183e+01
1.935931707957107761e+01
1.907740689184294780e+01
1.925434583041540648e+01
1.938608468713955091e+01
1.966287496688158498e+01
1.964128958076024389e+01
1.959763727927810351e+01
1.917389058147772474e+01
1.896208237403260455e+01
1.893637807176020260e+01
1.925771444795285348e+01
1.908040601351935450e+01
1.882372927787491435e+01
1.909255481414174582e+01
1.935159158916465927e+01
1.958637434046913839e+01
1.920226284692615693e+01
1.976426339873912852e+01
1.937443946567748299e+01
1.909725510644267032e+01
1.928478647526744183e+01
1.934019800920741972e+01
1.865124761017096944e+01
1.934505626182661686e+01
1.937095873514975608e+01
1.967896994595656324e+01
1.980011683663325428e+01
1.916980353264010617e+01
1.889530570088552963e+01
1.893702685536334229e+01
1.934930714814937502e+01
1.931926640064932954e+01
1.942541967658936741e+01
1.925483906958208991e+01
1.879726190320606705e+01
1.871737472137421321e+01
1.959668776571873394e+01
1.971778260571629104e+01
1.899903955976343894e+01
1.934143973828754071e+01
1.940753203238530489e+01
1.933671910332622446e+01
1.933130944979311394e+01
1.917103106967050863e+01
1.927015747872045281e+01
1.963843756111301175e+01
1.926818140330790285e+01
1.930649320425434112e+01
1.920173798521557629e+01
1.982930337439716340e+01
1.960694162099581206e+01
1.943133374359552334e+01
1.920959759896268793e+01
1.954601671412661901e+01
1.918623011509439635e+01
1.941027876865904034e+01
1.905440678918460407e+01
1.894350317739321454e+01
1.933619606680165859e+01
1.926667922573180292e+01
1.954163238750769693e+01
1.906044472544482105e+01
1.899378268792688473e+01
1.926754590955445678e+01
1.917468577655353101e+01
1.927026477724121278e+01
1.951561913338838394e+01
1.894566953645694340e+01
1.905762259861340624e+01
1.979379769362574493e+01
1.896862199473389410e+01
1.933164710378667195e+01
1.914113477736615820e+01
1.934289824649505007e+01
1.936038840783314186e+01
1.935644491885576812e+01
1.943459725887635159e+01
1.950245009970642229e+01
1.922343513816842275e+01
1.938219307558601656e+01
1.857507038145888600e+01
1.959726972193823258e+01
1.967864017882448024e+01
1.902571334129112302e+01
1.870085583120353334e+01
1.930229890974284501e+01
1.934745506558032346e+01
1.966102119504325785e+01
1.876620594712012036e+01
1.923252286533865885e+01
1.910688097398514174e+01
1.909095424078218173e+01
1.919793314678596019e+01
1.864666592445067650e+01
1.911711629549882829e+01
1.887082591259613906e+01
1.909327730444546134e+01
1.971430995314230472e+01
1.941200777756609241e+01
1.952622995760305002e+01
1.939382782098657643e+01
1.873100281526664546e+01
1.916928213446221818e+01
1.941896652996279471e+01
1.920633843344407410e+01
1.949111652892234758e+01
1.937617703919023171e+01
1.950950363239019580e+01
1.881750414591510534e+01
1.901422107024618668e+01
1.941069740619687423e+01
1.924524732347475364e+01
1.941534872942877854e+01
1.919429391220264947e+01
1.935522272454101866e+01
1.946563307475934579e+01
1.937723371731780730e+01
1.942528870339566893e+01
1.911314518170160071e+01
1.954616825902862587e+01
1.946102258404519247e+01
1.889439190220471687e+01
1.991810003467456625e+01
1.919741404084917136e+01
1.921312031493699735e+01
1.921676597689029720e+01
1.961847425255139399e+01
1.883740515933608961e+01
1.910362940444343494e+01
1.943596215634262592e+01
1.959342528748678802e+01
1.952683311789043330e+01
1.939147670880990049e+01
1.929726249268329852e+01
1.919991324187976645e+01
1.933385233633879352e+01
1.902287825397057830e+01
1.911914287121627254e+01
1.936266213313290763e+01
1.943705668765434069e+01
1.888198286023077443e+01
1.936072004587471795e+01
1.948732525871045951e+01
1.965136652528410366e+01
1.933362061634477769e+01
1.914739787061395759e+01
1.887024488798190447e+01
1.911630260556879790e+01
1.902442494758220448e+01
1.925379241678432152e+01
1.922757723963396970e+01
1.952436201795023152e+01
1.881691320559083636e+01
1.985255248545956874e+01
1.897686599842820954e+01
1.935073723636540777e+01
