1.928132799999999847e+01
1.927428799999999853e+01
1.879785599999999945e+01
1.949657600000000102e+01
1.918523199999999918e+01
1.946595200000000148e+01
1.944852799999999959e+01
1.926531200000000155e+01
1.901521599999999879e+01
1.927939200000000142e+01
1.926918399999999920e+01
1.926056000000000168e+01
1.869718400000000003e+01
1.948760000000000048e+01
1.931459200000000109e+01
1.955183999999999855e+01
1.914915200000000084e+01
1.902859199999999973e+01
1.923873599999999939e+01
1.929910399999999981e+01
1.900729600000000019e+01
1.906167999999999907e+01
1.950361600000000095e+01
1.909371200000000002e+01
1.928783999999999921e+01
1.897473600000000005e+01
1.956574399999999869e+01
1.943726399999999899e+01
1.944905599999999879e+01
1.924982400000000027e+01
1.935612799999999822e+01
1.956926400000000044e+01
1.923433599999999899e+01
1.941297600000000045e+01
1.912908799999999943e+01
1.940487999999999857e+01
1.946841600000000128e+01
1.938340799999999930e+01
1.911201600000000056e+01
1.901433600000000013e+01
1.912627200000000016e+01
1.923169599999999946e+01
1.945081599999999966e+01
1.888092800000000082e+01
1.928783999999999921e+01
1.932427200000000056e+01
1.930772800000000089e+01
1.917625599999999864e+01
1.924172799999999839e+01
1.922078399999999831e+01
1.912961599999999862e+01
1.922148800000000080e+01
1.931987200000000016e+01
1.939273599999999931e+01
1.929681599999999975e+01
1.926848000000000027e+01
1.946929599999999994e+01
1.948355199999999954e+01
1.907012800000000041e+01
1.944905599999999879e+01
1.949411200000000122e+01
1.924736000000000047e+01
1.931723200000000062e+01
1.929206399999999988e+01
1.962980800000000059e+01
1.922800000000000153e+01
1.930174399999999935e+01
1.915214399999999983e+01
1.944025600000000153e+01
1.918734399999999951e+01
1.926619200000000021e+01
1.937407999999999930e+01
1.918804799999999844e+01
1.887547199999999847e+01
1.897526399999999924e+01
1.932180800000000076e+01
1.868732800000000083e+01
1.914351999999999876e+01
1.866867200000000082e+01
1.909001599999999854e+01
1.907558399999999921e+01
1.894640000000000057e+01
1.843934399999999840e+01
1.950238399999999928e+01
1.931388799999999861e+01
1.914968000000000004e+01
1.899831999999999965e+01
1.923926399999999859e+01
1.923521600000000120e+01
1.922113600000000133e+01
1.930262400000000156e+01
1.925967999999999947e+01
1.937108800000000031e+01
1.909969600000000156e+01
1.943462399999999946e+01
1.897403200000000112e+01
1.911131200000000163e+01
1.912644799999999989e+01
1.917871999999999844e+01
1.918487999999999971e+01
1.933940799999999882e+01
1.920846399999999932e+01
1.908737599999999901e+01
1.911060799999999915e+01
1.930790400000000062e+01
1.932392000000000110e+01
1.913683199999999829e+01
1.920423999999999864e+01
1.912222399999999922e+01
1.900764799999999966e+01
1.907083199999999934e+01
1.937953600000000165e+01
1.970601600000000175e+01
1.933483199999999869e+01
1.913841599999999943e+01
1.926830400000000054e+01
1.947387200000000007e+01
1.962206400000000173e+01
1.908262399999999914e+01
1.915848000000000084e+01
1.945433600000000141e+01
1.933060800000000157e+01
1.925316799999999873e+01
1.950080000000000169e+01
1.928643200000000135e+01
1.932990399999999909e+01
1.955923200000000151e+01
1.918628800000000112e+01
1.941103999999999985e+01
1.990313599999999994e+01
1.907153599999999827e+01
1.918083199999999877e+01
1.886825599999999881e+01
1.943867200000000039e+01
1.922676799999999986e+01
1.909705599999999848e+01
1.905217599999999933e+01
1.973259200000000035e+01
1.933923199999999909e+01
1.880700799999999973e+01
1.916129600000000011e+01
1.911729599999999962e+01
1.933148800000000023e+01
1.925862400000000108e+01
1.952121599999999901e+01
1.950959999999999894e+01
1.932233599999999996e+01
1.908174400000000048e+01
1.935929600000000050e+01
1.905499199999999860e+01
1.912732799999999855e+01
1.901521599999999879e+01
1.919121600000000072e+01
1.939555199999999857e+01
1.902753600000000134e+01
1.902296000000000120e+01
1.930174399999999935e+01
1.894551999999999836e+01
1.895291200000000131e+01
1.939713599999999971e+01
1.937724800000000158e+01
1.889359999999999928e+01
1.940892799999999951e+01
1.937636799999999937e+01
1.938710400000000078e+01
1.918417600000000078e+01
1.890486399999999989e+01
1.922148800000000080e+01
1.933324800000000110e+01
1.880348800000000153e+01
1.928960000000000008e+01
1.924032000000000053e+01
1.906027200000000121e+01
1.935049599999999970e+01
1.914123199999999869e+01
1.956486400000000003e+01
1.910268800000000056e+01
1.978732799999999870e+01
1.919491199999999864e+01
1.920652799999999871e+01
1.922342400000000140e+01
1.942195200000000099e+01
1.952262400000000042e+01
1.882654399999999839e+01
1.915267199999999903e+01
1.900043199999999999e+01
1.931934400000000096e+01
1.947721599999999853e+01
1.946894400000000047e+01
1.915055999999999869e+01
1.937179199999999923e+01
1.931635199999999841e+01
1.926372800000000041e+01
1.932567999999999842e+01
1.947545600000000121e+01
1.982094400000000078e+01
1.921550399999999925e+01
1.930631999999999948e+01
1.912363200000000063e+01
1.912785600000000130e+01
1.944183999999999912e+01
1.923486400000000174e+01
1.905446399999999940e+01
1.933588800000000063e+01
1.937830399999999997e+01
1.941913600000000173e+01
1.907875200000000149e+01
1.946348800000000168e+01
1.928625600000000162e+01
1.922940799999999939e+01
1.951910399999999868e+01
1.902929599999999866e+01
1.946489599999999953e+01
1.916780800000000085e+01
1.886420800000000142e+01
1.919368000000000052e+01
1.954620800000000003e+01
1.887124800000000135e+01
1.914668800000000104e+01
1.910779199999999989e+01
1.951206399999999874e+01
1.922377600000000086e+01
1.937795200000000051e+01
1.904583999999999833e+01
1.919983999999999824e+01
1.907558399999999921e+01
1.943268799999999885e+01
1.930068800000000095e+01
1.889536000000000016e+01
1.919526400000000166e+01
1.911324799999999868e+01
1.894622400000000084e+01
1.902225599999999872e+01
1.926689599999999913e+01
1.926619200000000021e+01
1.938200000000000145e+01
1.921955200000000019e+01
1.955958400000000097e+01
1.943145600000000073e+01
1.904390400000000128e+01
1.917590399999999917e+01
1.964247999999999905e+01
1.930667199999999895e+01
1.920406399999999891e+01
1.943955199999999905e+01
1.913137599999999949e+01
1.949516799999999961e+01
1.917009600000000091e+01
1.929593600000000109e+01
1.946612800000000121e+01
1.933412799999999976e+01
1.914035200000000003e+01
1.916024000000000171e+01
1.934697600000000151e+01
1.938815999999999917e+01
1.911483199999999982e+01
1.934064000000000050e+01
1.925387200000000121e+01
1.922236799999999945e+01
1.952033600000000035e+01
1.933711999999999875e+01
1.941614399999999918e+01
1.917660800000000165e+01
1.913155199999999923e+01
1.909723200000000176e+01
1.920107199999999992e+01
1.949675200000000075e+01
1.949464000000000041e+01
1.909441599999999895e+01
1.943550400000000167e+01
1.937548800000000071e+01
1.908385600000000082e+01
1.932585600000000170e+01
1.919878399999999985e+01
1.906995200000000068e+01
1.931670400000000143e+01
1.969686400000000148e+01
1.945838399999999879e+01
1.861481600000000114e+01
1.928467200000000048e+01
1.904654400000000081e+01
1.922043199999999885e+01
1.964934399999999926e+01
1.909036800000000156e+01
1.945363199999999892e+01
1.927516800000000075e+01
1.927956800000000115e+01
1.936527999999999849e+01
1.886596799999999874e+01
1.918030399999999958e+01
1.969175999999999860e+01
1.938956800000000058e+01
1.921374399999999838e+01
1.915777599999999836e+01
1.935876800000000131e+01
1.944272000000000133e+01
1.920723200000000119e+01
1.943321600000000160e+01
1.938604799999999884e+01
1.918804799999999844e+01
1.915566400000000158e+01
1.911289599999999922e+01
1.963931200000000032e+01
1.934169599999999889e+01
1.943039999999999878e+01
1.938252800000000065e+01
1.923222399999999865e+01
1.914052799999999976e+01
1.890222400000000036e+01
1.899444799999999844e+01
1.954356800000000050e+01
1.913260800000000117e+01
1.923328000000000060e+01
1.911395200000000116e+01
1.912380800000000036e+01
1.938094399999999951e+01
1.965110400000000013e+01
1.915443199999999990e+01
1.885048000000000101e+01
1.908579200000000142e+01
1.930966400000000149e+01
1.915636800000000051e+01
1.926795200000000108e+01
1.909547200000000089e+01
1.956785599999999903e+01
1.916270400000000151e+01
1.917801599999999951e+01
1.919209599999999938e+01
1.973083199999999948e+01
1.926249599999999873e+01
1.929136000000000095e+01
1.924630399999999852e+01
1.896311999999999998e+01
1.942793599999999898e+01
1.933624000000000009e+01
1.868468800000000130e+01
1.890891200000000083e+01
1.923451199999999872e+01
1.901451199999999986e+01
1.936228799999999950e+01
1.912785600000000130e+01
1.940012799999999871e+01
1.911201600000000056e+01
1.938904000000000138e+01
1.938886400000000165e+01
1.941526400000000052e+01
1.941790400000000005e+01
1.890521599999999935e+01
1.924947200000000080e+01
1.929523199999999861e+01
1.946876800000000074e+01
1.903791999999999973e+01
1.905727999999999867e+01
1.906784000000000034e+01
1.884801600000000121e+01
1.907857600000000176e+01
1.918470399999999998e+01
1.923521600000000120e+01
1.922377600000000086e+01
1.882988800000000040e+01
1.951241600000000176e+01
1.923926399999999859e+01
1.917027200000000065e+01
1.904055999999999926e+01
1.962065600000000032e+01
1.930033600000000149e+01
1.930614399999999975e+01
1.897667200000000065e+01
1.972308800000000062e+01
1.939414400000000072e+01
1.925228800000000007e+01
1.902172799999999953e+01
1.905094400000000121e+01
1.964652799999999999e+01
1.936352000000000118e+01
1.908139200000000102e+01
1.925686400000000020e+01
1.913383999999999929e+01
1.951505600000000129e+01
1.904038399999999953e+01
1.934574399999999983e+01
1.924155199999999866e+01
1.912539200000000150e+01
1.899040000000000106e+01
1.955553600000000003e+01
1.895361600000000024e+01
1.943550400000000167e+01
1.943884800000000013e+01
1.932198400000000049e+01
1.970038399999999967e+01
1.931107199999999935e+01
1.957665599999999984e+01
1.946876800000000074e+01
1.947193599999999947e+01
1.925228800000000007e+01
1.927622399999999914e+01
1.927833599999999947e+01
1.933940799999999882e+01
1.908368000000000109e+01
1.935929600000000050e+01
1.901275199999999899e+01
1.876195200000000085e+01
1.903334399999999960e+01
1.911095999999999862e+01
1.934662399999999849e+01
1.943532799999999838e+01
1.916745600000000138e+01
1.921163200000000160e+01
1.892422399999999882e+01
1.895308800000000105e+01
1.924647999999999826e+01
1.885259200000000135e+01
1.952755200000000002e+01
1.941139199999999931e+01
1.929241599999999934e+01
1.904636800000000108e+01
1.901767999999999859e+01
1.949111999999999867e+01
1.912099200000000110e+01
1.942036799999999985e+01
1.894129600000000124e+01
1.898195199999999971e+01
1.960076799999999864e+01
1.949094399999999894e+01
1.953600000000000136e+01
1.952966400000000036e+01
1.917484800000000078e+01
1.937249600000000171e+01
1.934521600000000063e+01
1.927622399999999914e+01
1.927921600000000169e+01
1.894076799999999849e+01
1.919719999999999871e+01
1.905147200000000041e+01
1.892369599999999963e+01
1.933447999999999922e+01
1.936281599999999870e+01
1.922219199999999972e+01
1.941667199999999838e+01
1.915742399999999890e+01
1.927710400000000135e+01
1.930913599999999875e+01
1.892264000000000124e+01
1.951382399999999961e+01
1.924665600000000154e+01
1.930508800000000136e+01
1.910110399999999942e+01
1.945979200000000020e+01
1.899022400000000133e+01
1.898846400000000045e+01
1.935472000000000037e+01
1.935031999999999996e+01
1.916358400000000017e+01
1.947439999999999927e+01
1.922993599999999859e+01
1.944500800000000140e+01
1.935595199999999849e+01
1.913595199999999963e+01
1.935172800000000137e+01
1.941684800000000166e+01
1.937231999999999843e+01
1.968665599999999927e+01
1.901662400000000019e+01
1.938833599999999890e+01
1.932092799999999855e+01
1.912081600000000137e+01
1.947739199999999826e+01
1.909230399999999861e+01
1.930385599999999968e+01
1.938393599999999850e+01
1.938111999999999924e+01
1.975353600000000043e+01
1.904900800000000061e+01
1.930209599999999881e+01
1.956680000000000064e+01
1.911025599999999969e+01
1.898511999999999844e+01
1.881739200000000167e+01
1.934433599999999842e+01
1.914404800000000151e+01
1.921057599999999965e+01
1.935031999999999996e+01
1.900623999999999825e+01
1.961449599999999904e+01
1.920881599999999878e+01
1.910321599999999975e+01
1.906889599999999874e+01
1.913982400000000084e+01
1.894763199999999870e+01
1.945556799999999953e+01
1.916393599999999964e+01
1.933694399999999902e+01
1.906625599999999920e+01
1.928432000000000102e+01
1.908279999999999887e+01
