1.896469504387500038e+01
1.936732660462955735e+01
1.933287542312992002e+01
1.961711117651124070e+01
1.941816108166920429e+01
1.927277419911216683e+01
1.956788585767711908e+01
1.891186499783682962e+01
1.984736531138019444e+01
1.937970970569280738e+01
1.964161941840382752e+01
1.916310354040917474e+01
1.922602360574732927e+01
1.962791824432694909e+01
1.921493898870787476e+01
1.960627600039851259e+01
1.949402026962162893e+01
1.957261602647960075e+01
1.949022022295246614e+01
1.942724836369578156e+01
1.932534939681747588e+01
1.995908562525797336e+01
1.894077327637051766e+01
1.876284889533169675e+01
1.915050990771052142e+01
1.960029200802157234e+01
1.892923421039010279e+01
1.929866682205527439e+01
1.931771419849525273e+01
1.978145810091954004e+01
1.926888061661110285e+01
1.906292095353169103e+01
1.932397978106863334e+01
1.969841703954958945e+01
1.962157238739138521e+01
1.927389449860411830e+01
1.883492550136178778e+01
1.920116645443133407e+01
1.919840160277727392e+01
1.879693813006297276e+01
1.861770376113647174e+01
1.908312922186669169e+01
1.950954124289653890e+01
1.926543673322272809e+01
1.894122983364671953e+01
1.908108407830863840e+01
1.922376354019251110e+01
1.925219656420876291e+01
1.903699654977404521e+01
1.948691323832324684e+01
1.927489775002336003e+01
1.934808844843098896e+01
1.929348040776369544e+01
1.923772547932755472e+01
1.930192719928773215e+01
1.897452776656353635e+01
1.884058910805159215e+01
1.905511031103051067e+01
1.948875608177065288e+01
1.915951421617507222e+01
1.905856160895375595e+01
1.980006188882052243e+01
1.958494625678703116e+01
1.968402835450322996e+01
1.934221639466112208e+01
1.925785689444673920e+01
1.908284242928725050e+01
1.915648407883631776e+01
1.903975889759725604e+01
1.945895046923288163e+01
1.931007275722205563e+01
1.942524704936600344e+01
1.953478488382798162e+01
1.909141223450346914e+01
1.903593096162593667e+01
1.945803370239158525e+01
1.905412593509335295e+01
1.957976585097389233e+01
1.900790511939116811e+01
1.977308553814603087e+01
1.930642449501774038e+01
1.903100437467108819e+01
1.898318971436108527e+01
1.869660257379869250e+01
1.933041054400374748e+01
1.913882172976545348e+01
1.890498875669335987e+01
1.903342622432322884e+01
1.960917580145949302e+01
1.962787960473213289e+01
1.956221777466581102e+01
1.917312140677407939e+01
1.894697689831746956e+01
1.925889965782670288e+01
1.953383401658588525e+01
1.931427874515871679e+01
1.934150750777893535e+01
1.934887437178884539e+01
1.892425155699419648e+01
1.877211687801228024e+01
1.944533505497176407e+01
1.927748315886997688e+01
1.919701002057290751e+01
1.935682676478627684e+01
1.902741623731086662e+01
1.931173617367233319e+01
1.929693899307517668e+01
1.993410324435359726e+01
1.963277968377115457e+01
1.953106382163583277e+01
1.954397459106675683e+01
1.940489551649934441e+01
1.945399625363718954e+01
1.931247929995350532e+01
1.954273278267441327e+01
1.931680709892854253e+01
1.890986709320561587e+01
1.957307868233852588e+01
1.923861977153327629e+01
1.944573413025086239e+01
1.893196154905365702e+01
1.923455875834307349e+01
1.918218542443626262e+01
1.920278897776338312e+01
1.882957033354892573e+01
1.910618824507885805e+01
1.921866557245405360e+01
1.900926146192507815e+01
1.919488922627044403e+01
1.907101784590714999e+01
1.887464505145257831e+01
1.940664074069003320e+01
1.915021048773923695e+01
1.944969286825985932e+01
1.887665773838274674e+01
1.937831230843941910e+01
1.969546621057826385e+01
1.944136978733149235e+01
1.926074590078636106e+01
1.919177623409550648e+01
1.950906295197329143e+01
1.938148294089395662e+01
1.954421672724826209e+01
1.929978917875472177e+01
1.923484486696452933e+01
1.928324291389215617e+01
1.920618219701814056e+01
1.912653526361238576e+01
1.920117788771010581e+01
1.883637972352964240e+01
1.877652570115093766e+01
1.942159170002644686e+01
1.915972124512839514e+01
1.953824207185234840e+01
1.951973233964500665e+01
1.928812431713957665e+01
1.907966490575411811e+01
1.917650834113545955e+01
1.917960370428076189e+01
1.981264468215391616e+01
1.972209722832383960e+01
1.933533006039669999e+01
1.896314381502358870e+01
1.998637571483033426e+01
1.957166965350129217e+01
1.881259982138939435e+01
1.947536686741166534e+01
1.941827996984076776e+01
1.939581834847674102e+01
1.889556448385843623e+01
1.941353418621143945e+01
1.921131456639895418e+01
1.898845499498510847e+01
1.929097648763664452e+01
1.960623595729712321e+01
1.928420574793384645e+01
1.943046908961038710e+01
1.904597730954047208e+01
1.959669554351691900e+01
1.942800344020871250e+01
1.915319781010664002e+01
1.935236497683011336e+01
1.900208977339386962e+01
1.891742974357763529e+01
1.902156646299026121e+01
1.899440157905728555e+01
1.885492949086334491e+01
1.898955699397862418e+01
1.936098698951235519e+01
1.944754698289433748e+01
1.894337153196589796e+01
1.954896764909398144e+01
1.928538526824150168e+01
1.959794036654769656e+01
1.844568423038641569e+01
1.973847851210935289e+01
1.925227297008342831e+01
1.913942565809539431e+01
1.926025269340593837e+01
1.950685195027288188e+01
1.897213000649604453e+01
1.935625398497066030e+01
1.934032480374849072e+01
1.915393518663882588e+01
1.919030271291553547e+01
1.898719049550365412e+01
1.905483462685485563e+01
1.937745531186872938e+01
1.973000059023488006e+01
1.948669249682546933e+01
1.944609073196745541e+01
1.916507444517396408e+01
1.890652026712130862e+01
1.914463015209268093e+01
1.923760858457114509e+01
1.973386927706566141e+01
1.901685995861112133e+01
1.915637864224440889e+01
1.907224413087453385e+01
1.954068798575467980e+01
1.898741459456937974e+01
1.882310142696859856e+01
1.931794907851608656e+01
1.961258052202759217e+01
1.925383729041486092e+01
1.860583477792416929e+01
1.936524427670985204e+01
1.930073331108930645e+01
1.921223121017568403e+01
1.921521915881222853e+01
1.944032590753294087e+01
1.922525240015422909e+01
1.964470626097491746e+01
1.928162038822873470e+01
1.948692542201920119e+01
1.933611547728207114e+01
1.964174246131043233e+01
1.953860631557946093e+01
1.961437058585522664e+01
1.907194562952787464e+01
1.888864776709862170e+01
1.934496650845642307e+01
1.906075690643813303e+01
1.932768733621457713e+01
1.913021520993477509e+01
1.935897175889792265e+01
1.928168545696032510e+01
1.985385525333757784e+01
1.888308986140704349e+01
1.914419936782178411e+01
1.900481187068658784e+01
1.906286425128132933e+01
1.922231384336272697e+01
1.918331256953097608e+01
1.934331147971253628e+01
1.927445386651645975e+01
1.959137527912818300e+01
1.895455806642755547e+01
1.933722795963173624e+01
1.975727450914272509e+01
1.893713049384802360e+01
1.901226113615062374e+01
1.913726297511722052e+01
1.945032143384937839e+01
1.954600614390917812e+01
1.890397473108685489e+01
1.928296986104771449e+01
1.875272785550163945e+01
1.932109244589340946e+01
1.905310365857822674e+01
1.910654801351869736e+01
1.931672448620828320e+01
1.907146950288477072e+01
1.925785421690256882e+01
1.911883495083280948e+01
1.945874613749492354e+01
1.947706553906002114e+01
1.940641113907963344e+01
1.880864851054272791e+01
1.932971695666681455e+01
1.910742060679990573e+01
1.933018346486712247e+01
1.919011780931948152e+01
1.902539125459726677e+01
1.869164013853763606e+01
1.892934738918220461e+01
1.871456534989243181e+01
1.932911341143658390e+01
1.928319298297781259e+01
1.972967498451667367e+01
1.908221334687789295e+01
1.960049829236366747e+01
1.946800989015410721e+01
1.919915713791326439e+01
1.950808690965398640e+01
1.961607241228237442e+01
1.914925790031647423e+01
1.899706169310045212e+01
1.956721215569855943e+01
1.917723208687975500e+01
1.923304971778231831e+01
1.925272890589105401e+01
1.942121907060706931e+01
1.966472191290426608e+01
1.881007045142038336e+01
1.895174600102075502e+01
1.900734588282571735e+01
1.964572830713355245e+01
1.961316091316412624e+01
1.902746021604868432e+01
1.894777699494345313e+01
1.912660029445688536e+01
1.960477907290343680e+01
1.911922306913566416e+01
1.895267637039102127e+01
1.931275584386696664e+01
1.979527651591727633e+01
1.938633340460258125e+01
1.945754151371369645e+01
1.922042907610456552e+01
1.947382204511344383e+01
1.920364434100554263e+01
1.959334344869650124e+01
1.912318221596402879e+01
1.943419960763473853e+01
1.867790696520648197e+01
1.931315124655870008e+01
1.933387328901513769e+01
1.940275597083774528e+01
1.908485808635643721e+01
1.889999358259231599e+01
1.895905545478332144e+01
1.910390496408472671e+01
1.945451017677323335e+01
1.913833510056668885e+01
1.947185787927527656e+01
1.934055422335406860e+01
1.941632804365981713e+01
1.909461016158700986e+01
1.891175191022906077e+01
1.917642924134007743e+01
1.948335654013715512e+01
1.898861835210436055e+01
1.921509193824196871e+01
1.917281113431640449e+01
1.886878252719898796e+01
1.930580349566221798e+01
1.950135682942098825e+01
1.945212377854095109e+01
1.918200111864234714e+01
1.924972416854276247e+01
1.913575380895404976e+01
1.900654741178123786e+01
1.944738269265726416e+01
1.930767976093376603e+01
1.894577780149597857e+01
1.965794471168073443e+01
1.950537289509033556e+01
1.953195073586635644e+01
1.946946796256559153e+01
1.926794383196522986e+01
1.927294040454890833e+01
1.880415303204156174e+01
1.882772873616672626e+01
1.923310072550630068e+01
1.958929652053343773e+01
1.906068174182236419e+01
1.898486308464350003e+01
1.887633114699897519e+01
1.887566399676440909e+01
1.978154055825631374e+01
1.950135568885767512e+01
1.915347444972397639e+01
1.965177889058762162e+01
1.902735386835751541e+01
1.947690931400838465e+01
1.886260660523626598e+01
1.883561827260288979e+01
1.869111315343018731e+01
1.917751118495590745e+01
1.941727421073987969e+01
1.939692678086531430e+01
1.924006158695016921e+01
1.888783876885761970e+01
1.916318850507261473e+01
1.922103218449416673e+01
1.909947421592370276e+01
1.922803543065282028e+01
1.894237250420996688e+01
1.944663568876246984e+01
1.912130101367039359e+01
1.954946401388541233e+01
1.914146231790807207e+01
1.914389433258934048e+01
1.918529163755707145e+01
1.924464559308660938e+01
1.962753984219591885e+01
1.933368795227462655e+01
1.959151397495131519e+01
1.918719888898327852e+01
1.864725534551542907e+01
1.834545432294324740e+01
1.894831072837883212e+01
1.857466113017947862e+01
1.871082948937659296e+01
1.893302145894399757e+01
1.901934128641578070e+01
1.889861069089635848e+01
1.913403784710881084e+01
1.966904270064491200e+01
1.974160076412411513e+01
1.908149577594365454e+01
1.898337920328823358e+01
1.935603332164129142e+01
1.937822111080573961e+01
1.948092874376006378e+01
1.897211530383851041e+01
1.898418605977866847e+01
1.940163326582509029e+01
1.904769655423812225e+01
1.902046770673834075e+01
1.850334987189181390e+01
1.953221601968957444e+01
1.939748327820923635e+01
1.906336786093783786e+01
1.954721250210915784e+01
1.924270172702631143e+01
1.907972556398246056e+01
1.893296311476815319e+01
1.852685115355430412e+01
1.961624836839061103e+01
1.934049308946222467e+01
1.927194830124249947e+01
1.988426496701018920e+01
1.923572958599015692e+01
1.902561580535571650e+01
1.918743057340530100e+01
1.899094738984168274e+01
1.938490025952539142e+01
1.880245081061961443e+01
1.942163383642389363e+01
1.918271711823166470e+01
1.916005383838608367e+01
1.945686772519410468e+01
1.920818718350199106e+01
1.922779724835469750e+01
1.927439860563881169e+01
1.993126452181220643e+01
1.887219908476341956e+01
1.914959219662408429e+01
1.923793051416620870e+01
1.961905148656592246e+01
1.889259626818207849e+01
1.912679507969602000e+01
1.967787312830488489e+01
1.887802820753837807e+01
1.937865627885378927e+01
1.950730595545282497e+01
1.970427102364242344e+01
1.910280972464352089e+01
1.909119253707923392e+01
1.955358419071443521e+01
1.955926689734395651e+01
1.958483567395107983e+01
1.931091000162724924e+01
1.869320911526977724e+01
1.949548283349702160e+01
1.940633559452447798e+01
1.906803713693146562e+01
1.936075951556341224e+01
1.940828316849928115e+01
1.938898858687396043e+01
1.885439637197543306e+01
1.881500796053777336e+01
1.911188602364483913e+01
1.916917053320656450e+01
1.857027651617257646e+01
1.937964398074284844e+01
1.972984472237526177e+01
1.968473596313799945e+01
1.903212383131865693e+01
1.897860559089178523e+01
1.906101250267459335e+01
1.876550531985446568e+01
1.974137969320230468e+01
1.932580748051965003e+01
1.946234673457667697e+01
1.925629633358665771e+01
1.941638295006230308e+01
1.899007235714028496e+01
1.910484063773327534e+01
1.911978148364106289e+01
1.871269143335057805e+01
1.917029884504951198e+01
1.927196211301212259e+01
1.899051259039278250e+01
1.946192765181558926e+01
1.899138609626491458e+01
1.943129652168864752e+01
1.942317708921014940e+01
1.915198271915766526e+01
1.922968888027213907e+01
1.895376517418120343e+01
1.914216935288603239e+01
1.894648888550727150e+01
1.885726868569279446e+01
1.968636535505668306e+01
1.984243351207870631e+01
1.938767287927132799e+01
1.882291636353949471e+01
1.937724640903507023e+01
1.946800987048808906e+01
1.943523091961882443e+01
1.924750862200771095e+01
1.941967610817608758e+01
1.943932442518396542e+01
1.935283066433270704e+01
1.942761567134208889e+01
1.922913720873187415e+01
1.901909804596811782e+01
1.873365308610595648e+01
1.910454143047538267e+01
1.949472323047971756e+01
1.903304092883849918e+01
1.963412568486611676e+01
1.945576933176106138e+01
1.941547562992951015e+01
1.899847147467547970e+01
1.931290061432684269e+01
1.952783166918453972e+01
1.978741083399386014e+01
1.901663976337533057e+01
1.981736342026298558e+01
1.891261136751476357e+01
1.866328739051983021e+01
1.967546537867906054e+01
1.919326272192917315e+01
1.918907443662630996e+01
1.925161851020300929e+01
1.960469471187263224e+01
1.935964705678171427e+01
1.962454667774626671e+01
1.947277085230641092e+01
1.929354878412718932e+01
1.951340263770210370e+01
1.888105464327513872e+01
1.943697013017948905e+01
1.962617417664702302e+01
1.943121283365386631e+01
1.984775446393950560e+01
1.912605648732682440e+01
1.919682854702463715e+01
1.912714809784052505e+01
1.921376116705647163e+01
1.863202260890578543e+01
1.917593916260578268e+01
1.960014440679745817e+01
1.955325620383385754e+01
1.950022952944607724e+01
1.890685877572812146e+01
1.925551224073948120e+01
1.953760299358293651e+01
1.963269375032746211e+01
1.909909714888117804e+01
1.939850693188115827e+01
1.930158931254053911e+01
1.960577589587623493e+01
1.893898590068045706e+01
1.865262789622370931e+01
1.917773712004731124e+01
1.942958270713211633e+01
1.923763591547495722e+01
1.899707033482272323e+01
1.931406185702854827e+01
1.920752932325780193e+01
1.931554867352146587e+01
1.908602751645769047e+01
1.874942707535581476e+01
1.926532037598648373e+01
1.923014727338310337e+01
1.988733288768421659e+01
1.936572843553238954e+01
1.920247063790052877e+01
1.924257839749112975e+01
1.964546414413597120e+01
1.935398493130919917e+01
1.890800896639271755e+01
1.919947211124290476e+01
1.929939974377538192e+01
1.907902866110505968e+01
1.908134363536154510e+01
1.947656420718339731e+01
1.914794002743932921e+01
1.923859983287639253e+01
1.922411973868389623e+01
1.973816079916467459e+01
1.894928505767967764e+01
1.872765632346666465e+01
1.922038594091690200e+01
1.916463262967923953e+01
1.926503499649738771e+01
1.977837602938327066e+01
1.954232969192099745e+01
1.913535845469630914e+01
1.902022789944230396e+01
1.962140375161271777e+01
1.876511173502164809e+01
1.933906677445223821e+01
1.934136449957478021e+01
1.922310881583958064e+01
1.966509560895143593e+01
1.925798676349407046e+01
1.975704349223012102e+01
1.995859789695888153e+01
1.940846329454801023e+01
1.954266512770177400e+01
1.941404429453996983e+01
1.922292540382985848e+01
1.897031847200793919e+01
1.937003075399256602e+01
1.965157368167866281e+01
1.892644099427027271e+01
1.928152865006559225e+01
1.934929551078608512e+01
1.925270948222412315e+01
1.899173665413999146e+01
1.854058161719931164e+01
1.898159572848381060e+01
1.881282727102714603e+01
1.934184129094858307e+01
1.911789068023109905e+01
1.924836116569664313e+01
1.969200748855105232e+01
1.925723205933849513e+01
1.887501325827235021e+01
1.864546941538218050e+01
1.925236713027354796e+01
1.932568109243112175e+01
1.875576482678009782e+01
1.922946870131231378e+01
1.914491649021234920e+01
1.972932656943270757e+01
1.958631814080374411e+01
1.923596690261777553e+01
1.959909937378954581e+01
1.883781554544043146e+01
1.913778927951584663e+01
1.931822041847518889e+01
1.949923923941654635e+01
1.918069325361941679e+01
1.920805354677055021e+01
1.921522179982683909e+01
1.989687018046492284e+01
1.945493386321021134e+01
1.971728603488577392e+01
1.931025082714225860e+01
1.921201382369924460e+01
1.940143589281140635e+01
1.935232806737884914e+01
1.922618568551358109e+01
1.847822652552805778e+01
1.944069595730206146e+01
1.935606075450224495e+01
1.885508901008964600e+01
1.897004986445703523e+01
1.992803273673645847e+01
1.932961444288575592e+01
1.889376054608595012e+01
1.940238091861112579e+01
1.942215029305801366e+01
1.953101161503149186e+01
1.906702249791002757e+01
1.866546327443181497e+01
1.936065509014391850e+01
1.925160851084909908e+01
1.932473619709657342e+01
1.962981276789840734e+01
1.982549179904420100e+01
1.935537625080464963e+01
1.959185937222452978e+01
1.913225489242497446e+01
1.929413351277340283e+01
1.930020071338203635e+01
1.878665025980042813e+01
1.913926781824537571e+01
1.952064578336535305e+01
1.922516848282758772e+01
1.874784840695424393e+01
1.920811029646362300e+01
1.910998634654568207e+01
1.905910990096191426e+01
1.970424477236747762e+01
1.908290468820272778e+01
1.918206734694631521e+01
1.958998872884663456e+01
1.904861267900239241e+01
1.948637240754433009e+01
1.918295916311375038e+01
1.880028102918083732e+01
1.961132125917961844e+01
1.959121906931612500e+01
1.916179137176532521e+01
1.920796692919932624e+01
1.934548862912343736e+01
1.925703982802519931e+01
1.910418111779081229e+01
1.960955946588605059e+01
1.943823309056336868e+01
1.909452811608909784e+01
1.926155078409164290e+01
1.904559357895566407e+01
1.932650146583445050e+01
1.919122401856699511e+01
1.850898865333617849e+01
1.934294489945644813e+01
1.927253689652346580e+01
1.919118216998760573e+01
1.918933596067035552e+01
1.924816589051080129e+01
1.943170604061852202e+01
1.943878873289201437e+01
1.901242318861359593e+01
1.941853296404142881e+01
1.983658493566699121e+01
1.918568873314005430e+01
1.915784483556542384e+01
1.928979229983898946e+01
1.901019835120706603e+01
1.908660591772554227e+01
1.939333027604660487e+01
1.936966541236201422e+01
1.944361610912866212e+01
1.925587754948384145e+01
1.927246002551252246e+01
1.904034126719226094e+01
1.917033563517349748e+01
1.909368827062277774e+01
1.906775667587443124e+01
2.008047731047027185e+01
1.929759403188745637e+01
1.946033434908590110e+01
1.968963453507625516e+01
1.941151136436840119e+01
1.944882487731461751e+01
1.912277633047108338e+01
1.919595731525564730e+01
1.982602126697651812e+01
1.908064280549461955e+01
1.924417625395539133e+01
1.904588402592072782e+01
1.947081823792499122e+01
1.895979750741263814e+01
1.945529964392981270e+01
1.954753422087885184e+01
1.900616508243237490e+01
1.930158497294914710e+01
1.894511005265046322e+01
1.945239004464816901e+01
1.882220908688199756e+01
1.946686021762530316e+01
1.989498239609237729e+01
1.954316319691390902e+01
1.885595439796326644e+01
1.916029680256898970e+01
1.884613910597560249e+01
1.967034334854529476e+01
1.920047409200294197e+01
1.895728905724481805e+01
1.900486849400943967e+01
1.953113476233485102e+01
1.962656137259964595e+01
1.935293056062604222e+01
1.919747110789519340e+01
1.953427288052150246e+01
1.940117589806463982e+01
1.934999467099503789e+01
1.883483096549135993e+01
1.941783949587125235e+01
1.869817116147674696e+01
1.973203284807623703e+01
1.907844782631900671e+01
1.906955049757214127e+01
1.955249688237532624e+01
1.864180587075797035e+01
1.973955056603762870e+01
1.972775125041120248e+01
1.968889523680954312e+01
1.886273305788542842e+01
1.934510285323115752e+01
1.960314567695972343e+01
1.944135818668670268e+01
1.886099094933199893e+01
1.964869752046477913e+01
1.961336047039423747e+01
1.968139137111299064e+01
1.893797889873170703e+01
1.928455793176941313e+01
1.933960519075818496e+01
1.996633684109204765e+01
1.919276698966293893e+01
1.940616269672261041e+01
1.909009727358640518e+01
1.913151440359110111e+01
1.919108669136511836e+01
1.946963983082055449e+01
1.888153278982537131e+01
1.942073614661473613e+01
1.928901482457596472e+01
1.954565607680807560e+01
1.948351335931414852e+01
1.932366176970538874e+01
1.907799724431696831e+01
1.939498575513803047e+01
1.919330443943920983e+01
1.966290836644009232e+01
1.871360313933981701e+01
1.918024205921512149e+01
1.914329888094219001e+01
1.911812438342865406e+01
1.958947817119828727e+01
1.935909320106201292e+01
1.907863746361024226e+01
1.945433876877492807e+01
1.939941306934478504e+01
1.935320739734030937e+01
1.900147608054216519e+01
1.929647505592824430e+01
1.897406343255756767e+01
1.961298530590006095e+01
1.973889546977755671e+01
1.924719907985773304e+01
1.940714774652726149e+01
1.918315958487867690e+01
1.950094255156643896e+01
1.917939728076884265e+01
1.924053559417431458e+01
1.864099383944272503e+01
1.890677958126949321e+01
1.946044426968145657e+01
1.926630612925171704e+01
1.910620576609976951e+01
1.902537760887651075e+01
1.931974130738210604e+01
1.967046382219800904e+01
1.911080485913272398e+01
1.965340298256135299e+01
1.929451650305872690e+01
1.941077646421209479e+01
1.928292487612577588e+01
1.938244147676518736e+01
1.916870527904019639e+01
1.907037196670784596e+01
1.889779917200883119e+01
1.912989033140459227e+01
1.898457556394022561e+01
1.971134805526496336e+01
1.912181302562218477e+01
1.939851287883771036e+01
1.885695246184999618e+01
1.946547797292238968e+01
1.874266192906021189e+01
1.950088913247076050e+01
1.918828763286628458e+01
1.883858489466719632e+01
1.934109577935753421e+01
1.952812905292196888e+01
1.949861468039807377e+01
1.913264216450224708e+01
1.939366350234640990e+01
1.906228445072528999e+01
1.904527162354142433e+01
1.907628985948214151e+01
1.960787738626622456e+01
1.931065105645929592e+01
1.937842533336303674e+01
1.878662856997902608e+01
1.930243121350446600e+01
1.901862313980232955e+01
1.858829452125888082e+01
1.912820116260068559e+01
1.926003006795063754e+01
1.942375374661306253e+01
1.885286295058953954e+01
1.912308563521479599e+01
1.908260899959493173e+01
1.923435399095313869e+01
1.935286028006115799e+01
1.908540526389857916e+01
1.937495567204405233e+01
1.910499394290833663e+01
1.947685091121490686e+01
1.928473622247949137e+01
1.949981983597401225e+01
2.023404469417945606e+01
1.898229593154801975e+01
1.962353766911423847e+01
1.886617658280874466e+01
1.905303691344057171e+01
1.887128006068372343e+01
1.903597024163273232e+01
1.937199149227927819e+01
1.960020637582560354e+01
1.900428791101959547e+01
1.965355406849087672e+01
1.929355466335467284e+01
1.888951976627794949e+01
1.921365822317226701e+01
1.912263911301515762e+01
1.943105008246189414e+01
1.873641881554456390e+01
1.898862305094673530e+01
1.900384987401400849e+01
1.927144505849078371e+01
1.932599893679992320e+01
1.912922955716009099e+01
1.880304159451952373e+01
1.895846606510229293e+01
1.884542993832520352e+01
1.934461649611182210e+01
1.930323729330278226e+01
1.910954641300055101e+01
1.916650822208191940e+01
1.956479723136580162e+01
1.930964132426850099e+01
1.919505396295096133e+01
1.885127527172577544e+01
1.914838375673186732e+01
1.942987226365233511e+01
1.926805417482321658e+01
1.926011882260240782e+01
1.933134169691286885e+01
1.945384230895732713e+01
1.930941847986405691e+01
1.887504419376445242e+01
1.868503623722294549e+01
1.915687302465107678e+01
1.936438263752817335e+01
1.942759687687828318e+01
1.911769866738548274e+01
1.971232698788197979e+01
1.893215654814856208e+01
