1.590520250733167629e+01
1.640269035310760515e+01
1.630480080266758591e+01
1.576043750802043419e+01
1.647800647883985548e+01
1.584758303590712991e+01
1.688761814541375372e+01
1.678419838234999162e+01
1.656973474633698729e+01
1.670838481395070474e+01
1.655207353423329408e+01
1.618072048873523983e+01
1.644190653552786685e+01
1.674156748201249556e+01
1.620739024944104401e+01
1.612617712784393476e+01
1.619935734644368708e+01
1.638486268962172687e+01
1.525125158514882528e+01
1.693609273233464307e+01
1.587513573213577089e+01
1.637124038935245807e+01
1.642663993677329159e+01
1.609411537219319399e+01
1.653783213886681480e+01
1.656406964412262894e+01
1.595551976279786643e+01
1.667418896974765374e+01
1.692124963252485514e+01
1.643318005587314445e+01
1.515738893669714926e+01
1.659385133558021508e+01
1.653176179385435418e+01
1.691690049876455859e+01
1.700834000065794527e+01
1.581725762786167877e+01
1.609856563560728304e+01
1.667561140288784927e+01
1.663976891290737115e+01
1.559148694133731183e+01
1.596444737554476845e+01
1.579715441758645333e+01
1.611572687789380609e+01
1.606573167666135760e+01
1.655704815161276500e+01
1.665627606777727365e+01
1.618633985200809988e+01
1.653370442044358413e+01
1.646683517139380726e+01
1.626114198818305923e+01
1.623415676927064055e+01
1.626958428997497208e+01
1.636278024709730516e+01
1.572698583727117949e+01
1.707095095270007334e+01
1.686526641899939705e+01
1.596185632635849672e+01
1.573647785060316551e+01
1.646876625475805156e+01
1.563313494774220125e+01
1.608741938361825063e+01
1.632011811641382337e+01
1.595375072757513024e+01
1.583294058855102726e+01
1.626317014887823120e+01
1.627037747416229507e+01
1.590824328915363672e+01
1.544163980555843985e+01
1.555206175061113960e+01
1.618712675689531011e+01
1.706553759540746640e+01
1.618851209876336128e+01
1.656912359739216001e+01
1.633265309375146046e+01
1.586250288330421299e+01
1.706837867905460016e+01
1.783294616251865605e+01
1.641423021605934807e+01
1.611420336904404138e+01
1.672987782013919045e+01
1.667468177657249129e+01
1.652340556822174378e+01
1.627379805451791128e+01
1.524307002965977453e+01
1.578666166332076770e+01
1.619565727991026449e+01
1.703568835963643124e+01
1.653951024895189903e+01
1.620477909247076198e+01
1.642784953026798789e+01
1.688118018551990929e+01
1.673055516985388991e+01
1.643707925008907367e+01
1.567453237150840550e+01
1.630627091019208308e+01
1.607329009855014945e+01
1.643207027722415603e+01
1.673230452067825880e+01
1.622642301084623995e+01
1.667116500961053305e+01
1.583973271681650807e+01
1.609224046902369309e+01
1.566807309114657087e+01
1.536477444751065669e+01
1.585176999695022459e+01
1.637801696217699288e+01
1.638763464451128371e+01
1.603532859596844062e+01
1.609689482971597485e+01
1.562107337232918169e+01
1.596543986428967266e+01
1.624758235434940445e+01
1.638000956105093664e+01
1.561454092749851341e+01
1.573659351311283849e+01
1.729196747394427547e+01
1.605785314476999659e+01
1.616235331262286223e+01
1.617930616993339044e+01
1.589612465237438421e+01
1.655916992107151842e+01
1.633509561291553069e+01
1.610417587066163492e+01
1.648149504899800277e+01
1.535458067713717867e+01
1.659998492451619967e+01
1.632428211527517448e+01
1.616590127701127955e+01
1.620725860695567988e+01
1.630985522352241901e+01
1.641241227454002072e+01
1.652828406593520327e+01
1.667034429657310213e+01
1.676443910432281825e+01
1.678087550759154212e+01
1.676315287339544113e+01
1.642044664240993157e+01
1.669362887820474839e+01
1.698291756607189384e+01
1.670553004084238324e+01
1.622183347640410389e+01
1.675247062244290674e+01
1.590849387488506395e+01
1.712754252375555808e+01
1.633840761772784589e+01
1.653192498199764771e+01
1.604659153594492693e+01
1.594527339285107637e+01
1.722896020885078983e+01
1.599349658223054860e+01
1.617182652039052115e+01
1.532652123581571679e+01
1.639522741521822624e+01
1.653753445898937002e+01
1.746239608895056961e+01
1.674838165471348717e+01
1.649987575200409395e+01
1.591223189703694807e+01
1.637898748256318626e+01
1.677753513293155407e+01
1.624088525273184658e+01
1.686649519880753800e+01
1.617646427950124988e+01
1.581716899683710587e+01
1.670868842128101761e+01
1.688499862121835804e+01
1.696777781905118587e+01
1.560573230558748214e+01
1.615341323819396280e+01
1.616257235456577135e+01
1.592855151479023412e+01
1.562420577967733415e+01
1.654341431620805025e+01
1.636258284887896863e+01
1.590942898748356349e+01
1.657262898272632157e+01
1.669623697951108454e+01
1.626562875009734910e+01
1.677879292783681464e+01
1.718936871001554678e+01
1.611809324482416628e+01
1.655632383052025247e+01
1.616573341675180231e+01
1.703343018410686582e+01
1.628137831609232222e+01
1.625544495226612440e+01
1.548090645660342624e+01
1.726605622210830759e+01
1.672527198027095707e+01
1.608785674326404802e+01
1.616614563396931459e+01
1.520795616541578532e+01
1.720381433283763428e+01
1.629990284918680388e+01
1.717235625506754815e+01
1.631234320134558402e+01
1.635347106964163899e+01
1.661706138719612369e+01
1.618332476127315900e+01
1.628372879110846227e+01
1.590931005054655856e+01
1.692606590637609898e+01
1.687733038453216494e+01
1.651414059090450337e+01
1.606289777171123845e+01
1.567655329876522075e+01
1.557273539442462251e+01
1.667936584035873437e+01
1.661129982993217880e+01
1.631219760629667093e+01
1.618072818007213343e+01
1.610281362234023916e+01
1.620871162871334903e+01
1.604160810301084084e+01
1.559705772051550099e+01
1.677590628603996592e+01
1.681617014535040511e+01
1.720609419881483504e+01
1.644736168212294203e+01
1.663044758999808437e+01
1.620013146453957020e+01
1.543832951426063538e+01
1.584105563953664664e+01
1.639973967771684826e+01
1.563652409237059260e+01
1.698873098211050703e+01
1.685789150686219529e+01
1.669447771892907184e+01
1.575564332815814339e+01
1.533249201509592297e+01
1.570735941082457110e+01
1.642217516533731114e+01
1.666070608162087296e+01
1.579688796456221844e+01
1.619945527767963611e+01
1.562821134138375001e+01
1.643483199483680224e+01
1.697083325650007524e+01
1.607287356648798848e+01
1.619201767555821192e+01
1.602753942436567058e+01
1.635557405588412649e+01
1.618990227364066925e+01
1.734421971952815866e+01
1.571449243312729571e+01
1.665294841697444284e+01
1.704304703924706033e+01
1.662830214393958173e+01
1.589804238593475283e+01
1.647186707783829007e+01
1.565036400847396081e+01
1.633550777565164580e+01
1.609829152336505587e+01
1.715262763056643891e+01
1.642246607001391467e+01
1.659507926628895902e+01
1.656187845034597217e+01
1.522119541073436899e+01
1.637714591586561852e+01
1.572617787293935088e+01
1.613498767702751024e+01
1.639844511067632382e+01
1.544377696259490129e+01
1.509044904766097162e+01
1.695868168153453936e+01
1.646011895280177484e+01
1.650416448260779134e+01
1.597568535470720974e+01
1.561570320896457353e+01
1.589677078328724491e+01
1.627924757398527333e+01
1.534348204373954516e+01
1.700676847164715255e+01
1.613394139396202931e+01
1.661039350416665172e+01
1.706781599167988261e+01
1.660017395634666215e+01
1.638436340187854512e+01
1.592162627866624369e+01
1.627661726972606360e+01
1.616162987787124194e+01
1.610026882131513659e+01
1.577459568782288812e+01
1.622164142511606499e+01
1.704172423342854970e+01
1.626889971168884230e+01
1.669282163095600069e+01
1.656420059896332475e+01
1.708206825544750629e+01
1.655335588124393453e+01
1.667418593530343429e+01
1.686492575259759619e+01
1.650345010752629449e+01
1.664460815029927332e+01
1.580404376444301739e+01
1.646797446356375971e+01
1.553011480972262071e+01
1.578077898639422472e+01
1.645830804888028709e+01
1.571551461771609048e+01
1.630533447937256852e+01
1.584285449708527160e+01
1.656124259650771791e+01
1.651036642476526239e+01
1.681221845789483282e+01
1.582376637394914987e+01
1.580518504852779671e+01
1.614121767925532325e+01
1.651549252369163412e+01
1.681937277391839558e+01
1.626213392839289185e+01
1.734127064363335791e+01
1.617707498234242536e+01
1.689677475066948986e+01
1.572072392255932982e+01
1.735602795828816269e+01
1.623610583544884634e+01
1.569289984523724257e+01
1.695194163117466957e+01
1.645440843134195674e+01
1.651435210733369630e+01
1.626016203570357987e+01
1.609236731655691344e+01
1.683792748290174046e+01
1.617283304344301698e+01
1.555921082297919256e+01
1.586222709943339026e+01
1.667103775605002980e+01
1.737339113612348740e+01
1.661616013232181288e+01
1.576440243936109020e+01
1.728468531534957719e+01
1.713444492626599924e+01
1.707909904803756973e+01
1.648633633738602455e+01
1.505851186478527559e+01
1.719715709924824409e+01
1.602301179156642874e+01
1.589416134715812312e+01
1.621231336530846079e+01
1.653873777239001086e+01
1.627899108770312253e+01
1.619443876224404377e+01
1.653324836849408186e+01
1.555381693729349912e+01
1.604303790702810417e+01
1.653093559659495781e+01
1.600603560388253044e+01
1.532251610400588326e+01
1.564763597765199954e+01
1.605229709680736860e+01
1.670907877674813591e+01
1.580607875583180366e+01
1.621917568674966148e+01
1.667626033361475280e+01
1.554255739313866869e+01
1.724669069911566766e+01
1.671271037686184613e+01
1.591521317336752261e+01
1.654290945376071775e+01
1.742216452497785539e+01
1.562926972256043179e+01
1.673666273497840251e+01
1.589709504919426841e+01
1.709048333984378232e+01
1.606440719025652442e+01
1.565519703502974203e+01
1.676177516673556767e+01
1.539494527134150559e+01
1.664643869268463305e+01
1.594186322594211802e+01
1.631603050285335144e+01
1.576076502649514488e+01
1.619688278795892344e+01
1.691773852487105145e+01
1.573186039721724327e+01
1.684338566755112510e+01
1.631666378382141502e+01
1.544808415091802445e+01
1.617724179925635397e+01
1.615284748561321138e+01
1.574977048282163850e+01
1.690517519229665666e+01
1.638251049233517165e+01
1.649101691832433048e+01
1.625600981751269813e+01
1.686863974785867981e+01
1.564158737360809148e+01
1.592492282058086239e+01
1.682792825830827255e+01
1.681975387251403831e+01
1.560071101404659011e+01
1.702996772680192450e+01
1.673421791434255823e+01
1.609123608170822806e+01
1.615178934544574929e+01
1.594835425845148968e+01
1.622647710269175292e+01
1.591038802806954600e+01
1.545445056227660352e+01
1.623352980478224339e+01
1.597808229929633939e+01
1.594472061925158179e+01
1.614387248562086086e+01
1.640019247847915906e+01
1.594499553348462939e+01
1.700453054019727972e+01
1.592110313467528471e+01
1.635428767800452476e+01
1.640283351067386874e+01
1.583456388278930405e+01
1.638962564353651175e+01
1.641070092920015355e+01
1.631523411501660092e+01
1.660990654667716271e+01
1.617015377032263146e+01
1.621969127763635043e+01
1.628470541127752824e+01
1.713234219813904602e+01
1.540008830638218384e+01
1.642115167006424059e+01
1.609031139225353257e+01
1.632067903804959386e+01
1.550835112752744926e+01
1.609233798883304445e+01
1.628832061801922393e+01
1.632554691012107639e+01
1.652527251298803179e+01
1.646259619967030474e+01
1.625471546316725835e+01
1.636129065565848961e+01
1.670588006323472996e+01
1.600510164272547087e+01
1.552946430242788445e+01
1.613421292359347348e+01
1.668636869994010397e+01
1.625332507286698203e+01
1.623396996034946227e+01
1.609728165779871745e+01
1.610902925166822541e+01
1.615912955695024422e+01
1.586474414449597958e+01
1.644471866079580025e+01
1.621349839133910820e+01
1.710838562581923483e+01
1.608067826091322772e+01
1.554350544122624989e+01
1.576808054041248930e+01
1.590787092843057771e+01
1.704075645154440721e+01
1.527076185518720663e+01
1.613199556140247637e+01
1.635873741277879390e+01
1.562600473666535628e+01
1.567641855020776021e+01
1.576023022957481068e+01
1.673084883237940801e+01
1.598833169195287240e+01
1.656614967371816860e+01
1.588210107506233371e+01
1.637730811225896232e+01
1.623209349453470551e+01
1.632828233526101158e+01
1.577315422411157186e+01
1.614027762204975858e+01
1.614529800232994816e+01
1.590886549654022453e+01
1.582547195029495590e+01
1.510161352804497703e+01
1.660806076214610627e+01
1.644513513380699266e+01
1.677751914306376335e+01
1.654669243407894186e+01
1.648528584923593598e+01
1.551516045522518539e+01
1.644678758660920082e+01
1.675866921846286317e+01
1.594366467458773862e+01
1.670220779787031518e+01
1.684356860967277925e+01
1.763726080492064341e+01
1.525651432650749761e+01
1.605427831841853958e+01
1.646774476871920712e+01
1.708780582846142693e+01
1.607878546727744862e+01
1.687012354971609795e+01
1.628763096540134470e+01
1.620048351981036205e+01
1.653041117873798171e+01
1.648124450543674513e+01
1.630197431142245890e+01
1.702086404376144202e+01
1.593412007427210320e+01
1.683851940367840783e+01
1.604468116979290215e+01
1.686072263022866835e+01
1.567885724732664343e+01
1.652471709565803692e+01
1.615895395395216738e+01
1.654660473157527534e+01
1.587254945430056807e+01
1.641899607307319187e+01
1.616525818044393148e+01
1.644709258753333359e+01
1.610340326137746203e+01
1.639672350890143449e+01
1.613425843700620632e+01
1.596820985240825941e+01
1.648593671698945684e+01
1.588793379470789802e+01
1.562963030350525173e+01
1.660936220584395429e+01
1.697374483078989016e+01
1.603774529776316626e+01
1.615804846501094261e+01
1.640520549966090869e+01
1.633640515191963871e+01
1.619600645233428438e+01
1.561709280484121898e+01
1.579429942963562716e+01
1.702449065801638994e+01
1.621566974340930045e+01
1.595611461070604875e+01
1.653768161922589996e+01
1.539024856928782370e+01
1.713609851875591161e+01
1.685816684588431258e+01
1.572985306208508938e+01
1.673399446562254056e+01
1.603275951827970403e+01
1.581653845393360847e+01
1.686366404112611406e+01
1.643868613424021419e+01
1.662432699318752682e+01
1.527867247879969170e+01
1.616596166649373600e+01
1.657204757001119688e+01
1.566413059710539635e+01
1.683395781426732540e+01
1.512021683250099002e+01
1.674751419591149215e+01
1.569026491748330443e+01
1.573753408113228680e+01
1.584242386409916392e+01
1.636809304949283828e+01
1.676484992302698274e+01
1.521655122733769616e+01
1.634385860986023076e+01
1.615456019639001539e+01
1.562656983295610580e+01
1.689132062763342645e+01
1.698074984128896858e+01
1.599711345682289299e+01
1.591615791907501531e+01
1.594623864769387289e+01
1.516680098959082201e+01
1.595020560858986336e+01
1.674910662440013809e+01
1.591404530307825382e+01
1.732174216178381698e+01
1.544869165688174029e+01
1.558587789385061306e+01
1.646642665784755977e+01
1.681711417686821264e+01
1.625387254552290983e+01
1.657566410720295025e+01
1.628823644298039142e+01
1.619308689850780425e+01
1.640652279155023052e+01
1.616513904513131195e+01
1.542345448294546628e+01
1.729694425445581274e+01
1.586754200745383159e+01
1.549832883920037396e+01
1.597996163816821813e+01
1.626399822210800039e+01
1.698625418706754786e+01
1.570344875124027162e+01
1.577696407452777017e+01
1.624695402786109000e+01
1.593386718158623339e+01
1.587489538630600450e+01
1.634560669468441318e+01
1.609116962495374636e+01
1.595546560306678430e+01
1.663412691158681156e+01
1.618883748008604684e+01
1.622813570810723860e+01
1.578295182135798669e+01
1.652277034662031241e+01
1.633799274840687943e+01
1.659016421553003795e+01
1.556276185707605286e+01
1.590670869689968114e+01
1.633559950764997382e+01
1.637663044379667454e+01
1.655352173812173788e+01
1.646754463804047930e+01
1.534678905321259812e+01
1.635528933262631668e+01
1.663863174394075983e+01
1.580167748526387683e+01
1.550556945478995274e+01
1.593591435379333632e+01
1.559284492762687968e+01
1.647688225229476799e+01
1.594326585496444082e+01
1.551142193896396293e+01
1.762578135934300505e+01
1.640219091204307134e+01
1.540245242781853108e+01
1.683100111974213675e+01
1.590666181814048308e+01
1.648818052525264832e+01
1.656013019971531719e+01
1.566148599144824516e+01
1.551667365719430514e+01
1.627219708171665502e+01
1.714861080884208633e+01
1.556444681561962362e+01
1.670677510619461259e+01
1.581665072430456576e+01
1.672732594628590874e+01
1.656296011617147101e+01
1.609736483025828946e+01
1.568561220223442731e+01
1.634562821402023758e+01
1.650500725734097074e+01
1.659503401311440385e+01
1.595390544800294030e+01
1.625380958531737718e+01
1.567444829796055572e+01
1.607791602931258979e+01
1.650116738126186533e+01
1.615816520600226269e+01
1.556580606043309878e+01
1.622289230974795160e+01
1.580338670372475640e+01
1.597645896622884187e+01
1.689360045891744733e+01
1.633883610142414256e+01
1.561959440425013845e+01
1.705240536335032786e+01
1.639937399636887960e+01
1.724883491704354910e+01
1.567031396131424259e+01
1.604166438400071115e+01
1.592870197902967888e+01
1.689090541821507330e+01
1.672119635661523773e+01
1.623734330986518870e+01
1.684548852612581271e+01
1.537382292564690367e+01
1.653815812396104690e+01
1.571161100694283341e+01
1.776418969245861845e+01
1.672419662920617611e+01
1.620603271512333521e+01
1.585008099089503020e+01
1.693518344908553175e+01
1.605991209499581274e+01
1.557292987249046590e+01
1.572446735452154165e+01
1.681144458508484618e+01
1.529630271820764342e+01
1.603861767121184201e+01
1.647894925017973833e+01
1.625227568287662550e+01
1.579949729595328023e+01
1.540154825087274126e+01
1.713643039257811296e+01
1.567819575986788116e+01
1.650576623366117346e+01
1.640250036776935971e+01
1.628044860495903379e+01
1.609179020295102447e+01
1.663587961905723134e+01
1.689703945953502995e+01
1.591484591097510304e+01
1.637796261013975041e+01
1.699748463479290450e+01
1.604500698154816263e+01
1.639463349511029477e+01
1.751482996011668902e+01
1.666704509875414786e+01
1.560142851872207537e+01
1.667301470186414036e+01
1.596797758568546577e+01
1.557778642042572947e+01
1.593110864169145025e+01
1.559140377061381599e+01
1.753563164195024981e+01
1.625942350848419338e+01
1.633219594275761111e+01
1.594534006276100158e+01
1.631852062186637298e+01
1.589443664328288008e+01
1.615215943654027697e+01
1.678076078067108412e+01
1.674975228137807903e+01
1.725967935847320689e+01
1.605139048021541370e+01
1.583822968631017147e+01
1.599194936281107182e+01
1.650770996341842789e+01
1.608037867295576362e+01
1.631068106129650985e+01
1.602811157720624280e+01
1.640079428251812743e+01
1.632231312597524209e+01
1.662592862761403012e+01
1.626042824551431565e+01
1.651582147144179658e+01
1.586583342702476251e+01
1.591436537391965444e+01
1.607931077993244173e+01
1.639718223696990762e+01
1.549274114024736271e+01
1.678257377658773208e+01
1.668646094996056206e+01
1.629108502245344070e+01
1.669766211624351726e+01
1.633309905157224762e+01
1.534593824053254707e+01
1.615009570207772072e+01
1.627717825832723975e+01
1.643124056578758285e+01
1.617591013469297323e+01
1.607332768603810180e+01
1.655110561219038345e+01
1.645399023210350009e+01
1.554355113546562706e+01
1.563963997941948136e+01
1.584077993929287054e+01
1.616271126232844324e+01
1.643483981523072757e+01
1.647866009721955649e+01
1.623258048773328710e+01
1.603277181905773574e+01
1.713540580345634368e+01
1.658791790774216679e+01
1.652406648853479609e+01
1.638777391764883617e+01
1.657772146158374227e+01
1.715511953515352772e+01
1.608931894345941771e+01
1.681377250143536983e+01
1.560476620533217762e+01
1.574227876719095143e+01
1.750449428004879948e+01
1.624808631703319506e+01
1.702470010779519072e+01
1.683094387868828079e+01
1.501253630151722263e+01
1.665104014424803580e+01
1.692302891117105546e+01
1.624530509294732994e+01
1.563877764249791014e+01
1.571017663953470667e+01
1.548996376566333844e+01
1.654426984026270020e+01
1.585089890854753669e+01
1.598046807585383888e+01
1.603037699350506529e+01
1.569664775838353066e+01
1.682493038308498257e+01
1.590266425568806063e+01
1.650092833016213945e+01
1.598228812471853288e+01
1.621826108493071672e+01
1.664670940970244573e+01
1.543017564771809624e+01
1.677006671828091555e+01
1.675117074921517712e+01
1.609420185876443199e+01
1.632554571375208496e+01
1.622179971609589799e+01
1.561155874502974861e+01
1.558820756402325003e+01
1.597464334492498494e+01
1.569106567606691804e+01
1.668562172480035599e+01
1.622285830134541484e+01
1.650992587701694703e+01
1.603966325672221416e+01
1.558927214782033666e+01
1.632771247203573850e+01
1.610525042390910500e+01
1.664928397521241621e+01
1.513636239927747340e+01
1.630055128432098144e+01
1.760079790712025627e+01
1.642148893814299981e+01
1.583075090333761104e+01
1.690994706799589054e+01
1.599130493503325567e+01
1.618173081329349827e+01
1.657371511666229580e+01
1.535266673921603697e+01
1.591812971541658150e+01
1.639885486963749273e+01
1.642052191131684680e+01
1.602874206514349709e+01
1.619417720244099357e+01
1.577196814331699493e+01
1.628579245595730640e+01
1.585899662288708178e+01
1.617955619789852051e+01
1.675648022977264873e+01
1.635401250015305408e+01
1.613818553011772394e+01
1.600996911073114148e+01
1.646517271177073027e+01
1.648866604663008673e+01
1.608678526372793982e+01
1.617096256382615493e+01
1.631778382206999112e+01
1.579815749148522919e+01
1.686088992874513792e+01
1.660815723858746296e+01
1.695231689148008769e+01
1.636635939956593688e+01
1.697664892351889065e+01
1.643188513933497674e+01
1.608141712517426569e+01
1.571465393451389048e+01
1.686716594247758394e+01
1.636942270356892593e+01
1.627760666091076658e+01
1.585858267484147355e+01
1.719166326629837016e+01
1.641066244747067060e+01
1.563152900394932487e+01
1.626360665562049235e+01
1.645657313772042230e+01
1.576056205518922582e+01
1.660957097083352352e+01
1.616008294628580089e+01
1.678334305526410475e+01
1.554808644304399223e+01
1.677876267413273936e+01
1.729539021119246556e+01
1.667521592275766196e+01
1.644343118872242826e+01
1.631773421099318355e+01
1.711835302783018165e+01
1.667458148505630078e+01
1.576938133729231772e+01
1.633110157628967585e+01
1.624319166655056890e+01
1.670220214278756288e+01
1.629582482243246488e+01
1.706417991468279993e+01
1.612508952268755280e+01
1.652980424940073689e+01
1.666394374912583132e+01
1.654949895565405171e+01
1.621401216922295418e+01
1.699919668555843089e+01
1.577871759640969174e+01
1.573993797367518610e+01
1.740299530940357542e+01
1.666953521425965334e+01
1.584326521471039939e+01
1.641121041946895076e+01
1.621163776932727174e+01
1.659269326117690824e+01
1.578894523120119331e+01
1.582679476911172323e+01
1.642279068938583464e+01
1.709175608462187057e+01
1.627244926961570215e+01
1.648036318850123294e+01
1.697200836444146077e+01
1.736870699376816063e+01
1.621530173265195884e+01
1.603639192308451911e+01
1.491742236375394270e+01
1.583370164350543519e+01
1.689572994277845552e+01
1.566293740096337928e+01
1.569007975205241401e+01
1.625695785631788937e+01
1.609062371132009517e+01
1.618075285249360107e+01
1.617073737950611445e+01
1.566112845784374485e+01
1.659118187561671931e+01
1.588051463496908688e+01
1.585951805029113793e+01
1.600025264769391597e+01
1.571759525568309179e+01
1.677855738319854595e+01
1.689692324510109955e+01
1.583881938601937556e+01
1.507619364726446420e+01
1.558512530203193514e+01
1.607362515829754201e+01
1.635580089744559018e+01
1.622953981039468729e+01
1.606776093714247367e+01
1.618374165332553716e+01
1.644017605000303917e+01
1.686852078586897363e+01
1.615170029941140939e+01
1.638294679530127240e+01
1.760041440831417958e+01
1.622712084755749373e+01
1.612845575057763625e+01
1.704743042299567435e+01
1.596899091214273447e+01
1.722468776752188901e+01
1.581947877208307851e+01
1.574230466435658649e+01
1.590030433329986437e+01
1.637307910761828111e+01
1.684184560288028365e+01
1.621565017318367552e+01
1.684097093206895224e+01
1.589319652126667215e+01
1.626898013004085897e+01
1.653780549242573628e+01
1.622773439899916426e+01
1.587793911471115926e+01
1.686067914851890137e+01
1.665401387080773432e+01
1.594646539876312197e+01
1.684945781149448862e+01
1.562088165384945881e+01
1.698569016998853343e+01
1.654101600827560148e+01
1.514185757689892853e+01
1.730098040050814845e+01
1.645880130432563959e+01
1.644461494071569163e+01
1.598481349012144115e+01
1.622789569189300707e+01
1.622274946653181615e+01
1.743379855734777095e+01
1.600148255061041880e+01
1.609245154649742560e+01
1.642437969407199105e+01
1.585724921525049957e+01
1.688772002818908646e+01
1.611600646524437863e+01
1.634557860623436909e+01
1.616489863194086141e+01
1.746504335491664861e+01
1.639684711704799724e+01
