1.683284205775270692e+01
1.686424856149023910e+01
1.682421378681453916e+01
1.720425656649397794e+01
1.657766015820016037e+01
1.682569818254660277e+01
1.642263763453630432e+01
1.656977531303104456e+01
1.632953564962686244e+01
1.664984103620291833e+01
1.704020532209416317e+01
1.722111598422911527e+01
1.732640872538591026e+01
1.670054286141874655e+01
1.679193113385274927e+01
1.662036393155261038e+01
1.660763907887992730e+01
1.698718581762953406e+01
1.672565720273690459e+01
1.739202466245743750e+01
1.708818681986076982e+01
1.678381984648964576e+01
1.656682183282017817e+01
1.668592252874421078e+01
1.712504230518127812e+01
1.671064234066863108e+01
1.662545113451071188e+01
1.654841117454605026e+01
1.676462607901624935e+01
1.689708918259294279e+01
1.641234698368077360e+01
1.690529409877900591e+01
1.719482621251616550e+01
1.669704924362051202e+01
1.702189363149791390e+01
1.700620433022060141e+01
1.670728131609908829e+01
1.705768172363614710e+01
1.685756076763164302e+01
1.708831822709001358e+01
1.689536044454331432e+01
1.688370284796344478e+01
1.688464450365565739e+01
1.711937202703325411e+01
1.702861206068933697e+01
1.656239717562884195e+01
1.724255603201611464e+01
1.608298825871272797e+01
1.708799534252097985e+01
1.680202476736079831e+01
1.685142445789325905e+01
1.724090627300509482e+01
1.690151765155900776e+01
1.744670974869853097e+01
1.648876479938987316e+01
1.677970038612327386e+01
1.636013818704859446e+01
1.652033258892980072e+01
1.654788302815732948e+01
1.668432458713292021e+01
1.633677491366377410e+01
1.694174110832596725e+01
1.642709947263133330e+01
1.677047603678800058e+01
1.675549524511001565e+01
1.654524284775339282e+01
1.699741192296145798e+01
1.668400409589231259e+01
1.685973079679495612e+01
1.648194287792024326e+01
1.720258524226934327e+01
1.634282824638215459e+01
1.683418043567667866e+01
1.686410619335170935e+01
1.641142212656134802e+01
1.665252388425279761e+01
1.691681615691638285e+01
1.699488598985947974e+01
1.627269994221218141e+01
1.690893981633664467e+01
1.736003713585020947e+01
1.684302746995918199e+01
1.657697048145230667e+01
1.676734423432636945e+01
1.685321457629898134e+01
1.686758894730548874e+01
1.715438673836123940e+01
1.654160171670526580e+01
1.692430444293025360e+01
1.653658116271604328e+01
1.707784142825726903e+01
1.675343001562338330e+01
1.685205044333280000e+01
1.664314393895182675e+01
1.649374938867146057e+01
1.665652249933046036e+01
1.662056050894012316e+01
1.683725507068175986e+01
1.669250296742772122e+01
1.651669438454602812e+01
1.677607209451750592e+01
1.664453074531483168e+01
1.662664441199842713e+01
1.621037061923930622e+01
1.730989778104769883e+01
1.702895396508397496e+01
1.646296370432986933e+01
1.683559670587597168e+01
1.692025644515220506e+01
1.701620918964547613e+01
1.632854630753452696e+01
1.680992508037592970e+01
1.641448099732353327e+01
1.703833534490188484e+01
1.713730244414322001e+01
1.683723409391216208e+01
1.692199363115773991e+01
1.679786913125708736e+01
1.689604196946934778e+01
1.687237567249410120e+01
1.643985194589307852e+01
1.704262677710235607e+01
1.665346805647209294e+01
1.688205811856741789e+01
1.653281867362475310e+01
1.663700543978858803e+01
1.683886866716368047e+01
1.666616796014517021e+01
1.677120339009078975e+01
1.662213546416613497e+01
1.670387096580411779e+01
1.666094390893595900e+01
1.676437849615651388e+01
1.663958219017901285e+01
1.657740911817216656e+01
1.675478673005116548e+01
1.702049935418702376e+01
1.694123961411817803e+01
1.657462320330544614e+01
1.694241493756441130e+01
1.692703623617197550e+01
1.664185151738719881e+01
1.662683349467662097e+01
1.686119400759944753e+01
1.638163855080372500e+01
1.648344102170027625e+01
1.731795729606328038e+01
1.668964709174120742e+01
1.659856109541178171e+01
1.689927106264839196e+01
1.668458089061650540e+01
1.662233924732765189e+01
1.720866833876987556e+01
1.701802121229219367e+01
1.674519932796157562e+01
1.700153917170221263e+01
1.697100999767158669e+01
1.686973525797654361e+01
1.753439338879815779e+01
1.678773506134487548e+01
1.698775047819828998e+01
1.682586618315130522e+01
1.773077973220497583e+01
1.688052972107139382e+01
1.644141626134295464e+01
1.645598145186041705e+01
1.714468117933169111e+01
1.704527917617269495e+01
1.665287287399511484e+01
1.681367387434089622e+01
1.680505398500133651e+01
1.712856922402179194e+01
1.655199268240766486e+01
1.668607818061154191e+01
1.687016510020513849e+01
1.680688250790019467e+01
1.689401067288182290e+01
1.692669874459564028e+01
1.689336676578294671e+01
1.679710984169193466e+01
1.705513433206490603e+01
1.681247039182651903e+01
1.652883762853171490e+01
1.686370001378506700e+01
1.637685261658417346e+01
1.671258263814086220e+01
1.662253045601044832e+01
1.675524780069991593e+01
1.723817099821542698e+01
1.676446090339319284e+01
1.714471485919981930e+01
1.683886525440999549e+01
1.681967173505515944e+01
1.673626817898470165e+01
1.639333612631302373e+01
1.693305562538964182e+01
1.657386661543415229e+01
1.682339496632967979e+01
1.670232880758690186e+01
1.677495966601435384e+01
1.697583514783851300e+01
1.656641836847284921e+01
1.702802348287785605e+01
1.689353884278042983e+01
1.681714810096362100e+01
1.679094761109438494e+01
1.703653268566375445e+01
1.731676103659554045e+01
1.711140639448671763e+01
1.691647008055346291e+01
1.650762537729115564e+01
1.706202251873068931e+01
1.697247768341267005e+01
1.676286848306269306e+01
1.704820140741729873e+01
1.702668777866728433e+01
1.660093871550003541e+01
1.664294424413041895e+01
1.667807509767668250e+01
1.678414407618496540e+01
1.650113868693950536e+01
1.716963374588854307e+01
1.664830736193156113e+01
1.709060432209750147e+01
1.681586543302664083e+01
1.726714585865459028e+01
1.711269331860296106e+01
1.741791564279040827e+01
1.680121275524892610e+01
1.662827298098244455e+01
1.685058568743762919e+01
1.713255730786636732e+01
1.655511923361733650e+01
1.655965544114521037e+01
1.650232849752742226e+01
1.648495048528767626e+01
1.639270434968141643e+01
1.688767866840381870e+01
1.690345765415525747e+01
1.610131856352244029e+01
1.655439668533355402e+01
1.656755736647146904e+01
1.691119960178010473e+01
1.655434434251801790e+01
1.731021693613043055e+01
1.694034046094991552e+01
1.758713467073052072e+01
1.675948417633414067e+01
1.656276159432823647e+01
1.693559083178364943e+01
1.674688127725800868e+01
1.666088875053738505e+01
1.696733040537399972e+01
1.654676067116220395e+01
1.725320520467053598e+01
1.722720096602807516e+01
1.646039866516816019e+01
1.677636593554079170e+01
1.675067417088526867e+01
1.635900641953087487e+01
1.706865870436842769e+01
1.683845127608638848e+01
1.658645832200808812e+01
1.694694412185059562e+01
1.681107288490674989e+01
1.659734636652316908e+01
1.654497523916986523e+01
1.682308170398315283e+01
1.683991548525627735e+01
1.699212724246019945e+01
1.697696928748624146e+01
1.664361322997075732e+01
1.682216065370854707e+01
1.687543385392017825e+01
1.690108065750936817e+01
1.673340938467202577e+01
1.675825498692060123e+01
1.692149320653128441e+01
1.694895198896169575e+01
1.697194155843656915e+01
1.649674390623442477e+01
1.671233563169549896e+01
1.684534378541824040e+01
1.619320874186886883e+01
1.695011685709490123e+01
1.655995317449352910e+01
1.664532736536417801e+01
1.655451677452654735e+01
1.693587930941299646e+01
1.688389954305490193e+01
1.658205752403905819e+01
1.683411251354214500e+01
1.695798883306044047e+01
1.639492268907429562e+01
1.656503049657296955e+01
1.702966689733374395e+01
1.684280002968353784e+01
1.715326822119176953e+01
1.704074971069650601e+01
1.723521465964669375e+01
1.675091389650589946e+01
1.657877028311084899e+01
1.652757812670737891e+01
1.683348694540504908e+01
1.682813924155031771e+01
1.624271323201363160e+01
1.652926466696139585e+01
1.689172623798652850e+01
1.686519657388104321e+01
1.661330367160957877e+01
1.675788624496600221e+01
1.701822444972987824e+01
1.693132255261217622e+01
1.691347236889613370e+01
1.676288154300407385e+01
1.699077702624169461e+01
1.714880136181361792e+01
1.656975284917998437e+01
1.703078921618942587e+01
1.639631140764456418e+01
1.692379271567445898e+01
1.678703773275399058e+01
1.704329014344105886e+01
1.669173779195442364e+01
1.663257617857102133e+01
1.684007591177354968e+01
1.744844574778143098e+01
1.673277650400552830e+01
1.673707838445028884e+01
1.676294964054557823e+01
1.716896269783154949e+01
1.618806184000075277e+01
1.667611442990692083e+01
1.673767727670470151e+01
1.677599457314099141e+01
1.651184204253375043e+01
1.697618315828280799e+01
1.693711378581500071e+01
1.653649133623196832e+01
1.671133949825364695e+01
1.688115131395473867e+01
1.676592053412267447e+01
1.659378361981019978e+01
1.699685252786895973e+01
1.673385226879503307e+01
1.657635991531378394e+01
1.672283816900612052e+01
1.675740580859854134e+01
1.703514340030731589e+01
1.674495798059573914e+01
1.705632282970340796e+01
1.706397789711948576e+01
1.704087225828818930e+01
1.681477757367937897e+01
1.682598320006617598e+01
1.683458032024899254e+01
1.639154024183202196e+01
1.653237765150783645e+01
1.715843391244031935e+01
1.670529642798065950e+01
1.654172765287130531e+01
1.676028220783075895e+01
1.693109392807681957e+01
1.674689550209171429e+01
1.664527265897659802e+01
1.691851388232364428e+01
1.668076738546149329e+01
1.658962864316560371e+01
1.736133326158512702e+01
1.661103892129129278e+01
1.696839428963849628e+01
1.656920963587742790e+01
1.721028395953094403e+01
1.668813022280073000e+01
1.678411416991454885e+01
1.672276922623863626e+01
1.698475241725991935e+01
1.709941869520036306e+01
1.671823128490105503e+01
1.644511890767424944e+01
1.671018301615193735e+01
1.676568418006868910e+01
1.702918474478525113e+01
1.661493587988930543e+01
1.685373783545043835e+01
1.664289560585273975e+01
1.699848084770441403e+01
1.652627183257077448e+01
1.656819410735509024e+01
1.696568838645438504e+01
1.700786179984494950e+01
1.642808612245707778e+01
1.660245880831116239e+01
1.692825189510025297e+01
1.653557987933490381e+01
1.657876377985218852e+01
1.689521092541934877e+01
1.669002615104480114e+01
1.683588444029956932e+01
1.681507089255343956e+01
1.639015303864255202e+01
1.662710050362505498e+01
1.690230756535117607e+01
1.668862791940386003e+01
1.684924644207548639e+01
1.722146743305334127e+01
1.693950169328643796e+01
1.643502682526668224e+01
1.682271246827302491e+01
1.703380391432454033e+01
1.602125366156218078e+01
1.678287702134320725e+01
1.651776735082207992e+01
1.679539218995098793e+01
1.676216095913926551e+01
1.694106484414016478e+01
1.665219028768531118e+01
1.729370407092798700e+01
1.638320976421022124e+01
1.694714534893721236e+01
1.730707130827720519e+01
1.692503311460545135e+01
1.682618901927077815e+01
1.656321642321953647e+01
1.652114478845877699e+01
1.687070054795602303e+01
1.659032497927712413e+01
1.668968719371612508e+01
1.647213347219834034e+01
1.687739183545282984e+01
1.676027578930217388e+01
1.685511004342977870e+01
1.675161009399273127e+01
1.683065183999677217e+01
1.689580821061181126e+01
1.672125963748546340e+01
1.683978890413128227e+01
1.656716839052310775e+01
1.722552625061362619e+01
1.653492031099973403e+01
1.657806204285255447e+01
1.725219840805152671e+01
1.722860002106759936e+01
1.683612792992236251e+01
1.640312379165751722e+01
1.663062188890428672e+01
1.686406173111561557e+01
1.654323025480100284e+01
1.712121707991888542e+01
1.603839725069542510e+01
1.642933034147562665e+01
1.692745260349106928e+01
1.673505985443754795e+01
1.653399096214278785e+01
1.684738400122613200e+01
1.706708454847588996e+01
1.657150118078035916e+01
1.674572880742374892e+01
1.671727766741067001e+01
1.733088037347732424e+01
1.720106854306868982e+01
1.680140971546304840e+01
1.670951431159088685e+01
1.662726555493245328e+01
1.657668963936663786e+01
1.649924206745924238e+01
1.676897953263945951e+01
1.670505698590799781e+01
1.693188634283200145e+01
1.707708935898062208e+01
1.720743569537507156e+01
1.675075531761100223e+01
1.689288874647004235e+01
1.667683629842236570e+01
1.710494499947526492e+01
1.684801159387346559e+01
1.684163102198670359e+01
1.650796579307439060e+01
1.677366560352497515e+01
1.672481723198956871e+01
1.717615928360292088e+01
1.667754807863801858e+01
1.693628835891694706e+01
1.667651111759047566e+01
1.685845735139555046e+01
1.639918886490307059e+01
1.704489390104961188e+01
1.662418086109633109e+01
1.663302027010340112e+01
1.696323706503436668e+01
1.688856364206737837e+01
1.674529646877946476e+01
1.690137699599704391e+01
1.704108383269716498e+01
1.688091148959467702e+01
1.677732242286463915e+01
1.621001400338539256e+01
1.693250156238885751e+01
1.651525601812513244e+01
1.716012990521734594e+01
1.713640970080740900e+01
1.710911294768218482e+01
1.663867880014612410e+01
1.670845515968746753e+01
1.705333342395114471e+01
1.687384815211126465e+01
1.690652060232752163e+01
1.682117822466039669e+01
1.672163665150898026e+01
1.638657164002663791e+01
1.669205071637403748e+01
1.680097214497905256e+01
1.653749675811853592e+01
1.681386314640628399e+01
1.689863032790049857e+01
1.682107022109095240e+01
1.676157801977958783e+01
1.640402048815495917e+01
1.713992101432463144e+01
1.655025446850245174e+01
1.662508087820360814e+01
1.720586581588544206e+01
1.674189093742372947e+01
1.674417430079797953e+01
1.616176226334305355e+01
1.723052774566108525e+01
1.680520330696829490e+01
1.657494336871769747e+01
1.685875917223069109e+01
1.676343586378811779e+01
1.665733505337965425e+01
1.713450985300218221e+01
1.724586008036469664e+01
1.664849001634036441e+01
1.662798750378006218e+01
1.707562221232698363e+01
1.652609924119933993e+01
1.670647869182938194e+01
1.675478452342244040e+01
1.685122842122286713e+01
1.639506414361299136e+01
1.696906569285114941e+01
1.658331786232071536e+01
1.650609128329907094e+01
1.681395290145791677e+01
1.696694192072773433e+01
1.690659654669436307e+01
1.681869869551718111e+01
1.696887004158987011e+01
1.683308039298446346e+01
1.709675033372606379e+01
1.692002234158235652e+01
1.695382697089664248e+01
1.662560668913598860e+01
1.711844820418550128e+01
1.675827877277788147e+01
1.667277668759330567e+01
1.661487089821305574e+01
1.689721191956332191e+01
1.740016541709819009e+01
1.679919491220287142e+01
1.721226477569602409e+01
1.660578556302069231e+01
1.705899283456599136e+01
1.666743582763008291e+01
1.707884031772921318e+01
1.711586983294911946e+01
1.697229390372797297e+01
1.688279959112811923e+01
1.678573273756549611e+01
1.640200815662477396e+01
1.713302303826958095e+01
1.681308498814668084e+01
1.685682138740109792e+01
1.672279258689626857e+01
1.692513226379391966e+01
1.686299702289777258e+01
1.648990375474499359e+01
1.675732466309045421e+01
1.679627275072490633e+01
1.643606686366782199e+01
