1.702729599999999976e+01
1.686097600000000085e+01
1.688860800000000140e+01
1.668198399999999992e+01
1.689142400000000066e+01
1.678124800000000150e+01
1.716369600000000162e+01
1.659468800000000144e+01
1.681838399999999822e+01
1.704700800000000172e+01
1.669588800000000006e+01
1.629372800000000154e+01
1.679972800000000177e+01
1.668638400000000033e+01
1.662355200000000011e+01
1.697132799999999975e+01
1.693683199999999900e+01
1.709998399999999918e+01
1.688033599999999979e+01
1.653203200000000095e+01
1.716704000000000008e+01
1.711547200000000046e+01
1.714697599999999866e+01
1.655860799999999955e+01
1.668620800000000060e+01
1.671243199999999973e+01
1.656617599999999868e+01
1.672897599999999940e+01
1.680764800000000037e+01
1.689195199999999986e+01
1.658060800000000157e+01
1.704560000000000031e+01
1.694264000000000081e+01
1.720787199999999828e+01
1.653783999999999921e+01
1.686449599999999904e+01
1.692680000000000007e+01
1.694615999999999900e+01
1.687329599999999985e+01
1.690092800000000040e+01
1.694668800000000175e+01
1.684143999999999863e+01
1.667300799999999938e+01
1.687435199999999824e+01
1.672809600000000074e+01
1.665294400000000152e+01
1.681257599999999996e+01
1.689511999999999858e+01
1.659398399999999896e+01
1.701110399999999956e+01
1.662003199999999836e+01
1.719449600000000089e+01
1.664062399999999897e+01
1.705492800000000031e+01
1.634687999999999874e+01
1.666544000000000025e+01
1.693595200000000034e+01
1.672915199999999913e+01
1.679215999999999909e+01
1.729217600000000132e+01
1.682560000000000144e+01
1.660982399999999970e+01
1.676488000000000156e+01
1.667828799999999845e+01
1.649929600000000107e+01
1.687505600000000072e+01
1.668075199999999825e+01
1.662935999999999837e+01
1.694791999999999987e+01
1.678723199999999949e+01
1.685991999999999891e+01
1.636676800000000043e+01
1.670416000000000167e+01
1.667881600000000120e+01
1.693471999999999866e+01
1.641411199999999937e+01
1.684636799999999823e+01
1.720628800000000069e+01
1.679110400000000070e+01
1.669606399999999979e+01
1.689212799999999959e+01
1.658113600000000076e+01
1.681116799999999856e+01
1.703451199999999943e+01
1.675431999999999988e+01
1.701655999999999835e+01
1.668515199999999865e+01
1.671542399999999873e+01
1.673689600000000155e+01
1.675467199999999934e+01
1.686449599999999904e+01
1.687435199999999824e+01
1.651935999999999893e+01
1.693700799999999873e+01
1.673548800000000014e+01
1.647007999999999939e+01
1.675695999999999941e+01
1.682225599999999943e+01
1.701391999999999882e+01
1.705299199999999971e+01
1.686590400000000045e+01
1.628000000000000114e+01
1.679409599999999969e+01
1.664361600000000152e+01
1.649296000000000006e+01
1.701585599999999943e+01
1.662425599999999903e+01
1.661651200000000017e+01
1.701163199999999875e+01
1.686871999999999971e+01
1.695144000000000162e+01
1.669342400000000026e+01
1.672580800000000067e+01
1.666526400000000052e+01
1.705880000000000152e+01
1.669606399999999979e+01
1.706777599999999850e+01
1.671806399999999826e+01
1.687681600000000159e+01
1.645265600000000106e+01
1.696868800000000022e+01
1.693577600000000061e+01
1.685886400000000052e+01
1.671419200000000060e+01
1.688684800000000052e+01
1.675185600000000008e+01
1.706390400000000085e+01
1.686238399999999871e+01
1.680993600000000043e+01
1.653713600000000028e+01
1.654118400000000122e+01
1.687611199999999911e+01
1.691219200000000100e+01
1.682859200000000044e+01
1.658641599999999983e+01
1.676294400000000095e+01
1.693031999999999826e+01
1.688297599999999932e+01
1.656248000000000076e+01
1.686555200000000099e+01
1.711124799999999979e+01
1.670891200000000154e+01
1.672175999999999974e+01
1.685481599999999958e+01
1.695531199999999927e+01
1.670134399999999886e+01
1.681873600000000124e+01
1.667494399999999999e+01
1.686924799999999891e+01
1.711212799999999845e+01
1.680483200000000110e+01
1.675009599999999921e+01
1.669817600000000013e+01
1.686185599999999951e+01
1.686027199999999837e+01
1.744951999999999970e+01
1.685710399999999964e+01
1.675959999999999894e+01
1.674499199999999988e+01
1.674059199999999947e+01
1.703187199999999990e+01
1.672140800000000027e+01
1.685287999999999897e+01
1.681627200000000144e+01
1.663587199999999910e+01
1.706672000000000011e+01
1.647236799999999945e+01
1.666473600000000133e+01
1.688596799999999831e+01
1.664995199999999897e+01
1.681275199999999970e+01
1.708343999999999951e+01
1.665364800000000045e+01
1.699192000000000036e+01
1.672422399999999953e+01
1.674182400000000115e+01
1.653185600000000122e+01
1.680131199999999936e+01
1.675608000000000075e+01
1.697572800000000015e+01
1.699948799999999949e+01
1.670451200000000114e+01
1.683175999999999917e+01
1.659504000000000090e+01
1.695161600000000135e+01
1.717249599999999887e+01
1.668427199999999999e+01
1.669096000000000046e+01
1.697572800000000015e+01
1.674111999999999867e+01
1.695636800000000122e+01
1.703556800000000138e+01
1.654576000000000136e+01
1.668339200000000133e+01
1.680219200000000157e+01
1.716070399999999907e+01
1.673953600000000108e+01
1.653872000000000142e+01
1.650492799999999960e+01
1.674059199999999947e+01
1.682120000000000104e+01
1.694140799999999913e+01
1.730062399999999911e+01
1.660507199999999983e+01
1.697484800000000149e+01
1.665875199999999978e+01
1.683422399999999897e+01
1.676681599999999861e+01
1.687523200000000045e+01
1.680254400000000103e+01
1.692363200000000134e+01
1.672492799999999846e+01
1.681398400000000137e+01
1.678688000000000002e+01
1.687488000000000099e+01
1.700212799999999902e+01
1.717619200000000035e+01
1.666667199999999838e+01
1.668233599999999939e+01
1.661950399999999917e+01
1.650193600000000060e+01
1.688543999999999912e+01
1.655491200000000163e+01
1.676206399999999874e+01
1.666244800000000126e+01
1.644860800000000012e+01
1.635567999999999955e+01
1.702148800000000151e+01
1.629372800000000154e+01
1.678670400000000029e+01
1.665646399999999971e+01
1.694844799999999907e+01
1.661985599999999863e+01
1.702606400000000164e+01
1.701092799999999983e+01
1.659328000000000003e+01
1.716844800000000149e+01
1.698065599999999975e+01
1.678019199999999955e+01
1.700001599999999868e+01
1.661352000000000118e+01
1.694281600000000054e+01
1.657427200000000056e+01
1.677156799999999848e+01
1.683739200000000125e+01
1.675695999999999941e+01
1.690867199999999926e+01
1.639422400000000124e+01
1.658465599999999895e+01
1.698452800000000096e+01
1.620361600000000024e+01
1.703609600000000057e+01
1.665611200000000025e+01
1.676012800000000169e+01
1.681609600000000171e+01
1.676223999999999847e+01
1.679004799999999875e+01
1.702395200000000131e+01
1.705545599999999951e+01
1.652164799999999900e+01
1.693718399999999846e+01
1.681011200000000017e+01
1.694316800000000001e+01
1.695812799999999854e+01
1.667300799999999938e+01
1.677068799999999982e+01
1.673883199999999860e+01
1.662320000000000064e+01
1.694264000000000081e+01
1.643470399999999998e+01
1.649454400000000120e+01
1.675027199999999894e+01
1.701585599999999943e+01
1.697150399999999948e+01
1.648081600000000080e+01
1.685780799999999857e+01
1.696376000000000062e+01
1.701321599999999989e+01
1.689846400000000060e+01
1.689036799999999872e+01
1.655491200000000163e+01
1.667529599999999945e+01
1.677456000000000103e+01
1.652516800000000075e+01
1.672915199999999913e+01
1.680641599999999869e+01
1.685499199999999931e+01
1.686027199999999837e+01
1.690955200000000147e+01
1.664519999999999911e+01
1.655684799999999868e+01
1.711846399999999946e+01
1.698435200000000123e+01
1.664502399999999938e+01
1.640548799999999829e+01
1.678635200000000083e+01
1.667547199999999918e+01
1.649401599999999846e+01
1.661369600000000091e+01
1.695795199999999880e+01
1.679110400000000070e+01
1.676312000000000069e+01
1.682243199999999916e+01
1.710544000000000153e+01
1.692574400000000168e+01
1.687417599999999851e+01
1.714046400000000148e+01
1.691500800000000027e+01
1.698611199999999855e+01
1.689881600000000006e+01
1.674675200000000075e+01
1.676329600000000042e+01
1.682419200000000004e+01
1.655086400000000069e+01
1.678688000000000002e+01
1.663904000000000138e+01
1.714345600000000047e+01
1.695830399999999827e+01
1.705070399999999964e+01
1.657163200000000103e+01
1.676769600000000082e+01
1.683404799999999923e+01
1.660999999999999943e+01
1.702483199999999997e+01
1.652534400000000048e+01
1.673073600000000027e+01
1.702271999999999963e+01
1.670204800000000134e+01
1.670345599999999919e+01
1.686942399999999864e+01
1.678723199999999949e+01
1.714415999999999940e+01
1.653572799999999887e+01
1.664502399999999938e+01
1.661334400000000144e+01
1.678371200000000130e+01
1.677561599999999942e+01
1.694299200000000027e+01
1.676505600000000129e+01
1.669800000000000040e+01
1.690233599999999825e+01
1.696323200000000142e+01
1.679110400000000070e+01
1.670380799999999866e+01
1.671524799999999900e+01
1.674481600000000014e+01
1.696287999999999840e+01
1.680729600000000090e+01
1.674727999999999994e+01
1.649753600000000020e+01
1.670803199999999933e+01
1.679655999999999949e+01
1.693190399999999940e+01
1.670644800000000174e+01
1.669694399999999845e+01
1.663147199999999870e+01
1.696428799999999981e+01
1.722512000000000043e+01
1.677420800000000156e+01
1.680940800000000124e+01
1.648134399999999999e+01
1.653132799999999847e+01
1.723779199999999889e+01
1.709241600000000005e+01
1.665153600000000012e+01
1.715577599999999947e+01
1.675572800000000129e+01
1.695126399999999833e+01
1.681979199999999963e+01
1.661140800000000084e+01
1.689494399999999885e+01
1.647817600000000127e+01
1.661052799999999863e+01
1.687822399999999945e+01
1.680641599999999869e+01
1.650985599999999920e+01
1.666720000000000113e+01
1.669940799999999825e+01
1.690198399999999879e+01
1.662777600000000078e+01
1.683915199999999857e+01
1.725644799999999890e+01
1.652182399999999873e+01
1.680359999999999943e+01
1.672140800000000027e+01
1.664695999999999998e+01
1.695936000000000021e+01
1.660278399999999976e+01
1.698875200000000163e+01
1.679955199999999849e+01
1.666262400000000099e+01
1.683105600000000024e+01
1.675379200000000068e+01
1.698347199999999901e+01
1.697291200000000089e+01
1.675097600000000142e+01
1.657268799999999942e+01
1.701655999999999835e+01
1.687963200000000086e+01
1.610223999999999833e+01
1.665276799999999824e+01
1.664836800000000139e+01
1.701216000000000150e+01
1.673971200000000081e+01
1.691060799999999986e+01
1.687259200000000092e+01
1.658518400000000170e+01
1.678811200000000170e+01
1.679902399999999929e+01
1.672070400000000134e+01
1.705897600000000125e+01
1.670380799999999866e+01
1.667265599999999992e+01
1.685129600000000138e+01
1.705422400000000138e+01
1.688913600000000059e+01
1.676083200000000062e+01
1.676171199999999928e+01
1.693929599999999880e+01
1.675044799999999867e+01
1.636711999999999989e+01
1.670908800000000127e+01
1.630446399999999940e+01
1.665241599999999877e+01
1.689740799999999865e+01
1.654065599999999847e+01
1.648116800000000026e+01
1.697379199999999955e+01
1.680976000000000070e+01
1.704296000000000078e+01
1.691940800000000067e+01
1.674868800000000135e+01
1.687417599999999851e+01
1.691043200000000013e+01
1.688737599999999972e+01
1.698769599999999969e+01
1.646374399999999838e+01
1.668532799999999838e+01
1.671929599999999994e+01
1.643734399999999951e+01
1.688403200000000126e+01
1.672792000000000101e+01
1.666209599999999824e+01
1.701216000000000150e+01
1.687822399999999945e+01
1.671577600000000174e+01
1.678758399999999895e+01
1.662760000000000105e+01
1.657585600000000170e+01
1.685675200000000018e+01
1.671049599999999913e+01
1.665945599999999871e+01
1.678881600000000063e+01
1.703204799999999963e+01
1.685041599999999917e+01
1.709769599999999912e+01
1.674692800000000048e+01
1.693560000000000088e+01
1.677297599999999989e+01
1.701251200000000097e+01
1.682683199999999957e+01
1.684108799999999917e+01
1.685710399999999964e+01
1.686854399999999998e+01
1.674340799999999874e+01
1.671665600000000040e+01
1.669571200000000033e+01
1.701567999999999969e+01
1.672879999999999967e+01
1.692556799999999839e+01
1.654664000000000001e+01
1.690444799999999859e+01
1.667142399999999824e+01
1.673971200000000081e+01
1.662143999999999977e+01
1.700600000000000023e+01
1.658782400000000123e+01
1.671243199999999973e+01
1.680166399999999882e+01
1.674481600000000014e+01
1.695179200000000108e+01
1.702588799999999836e+01
1.662320000000000064e+01
1.689740799999999865e+01
1.675801600000000136e+01
1.658219199999999915e+01
1.673689600000000155e+01
1.691113599999999906e+01
1.711212799999999845e+01
1.653748799999999974e+01
1.668198399999999992e+01
1.669729600000000147e+01
1.670926400000000100e+01
1.684883200000000159e+01
1.686379200000000012e+01
1.668515199999999865e+01
1.660243200000000030e+01
1.696463999999999928e+01
1.679251199999999855e+01
1.691835199999999872e+01
1.681556799999999896e+01
1.705281599999999997e+01
1.657779199999999875e+01
1.678071999999999875e+01
1.651196799999999953e+01
1.665030399999999844e+01
1.679321600000000103e+01
1.656248000000000076e+01
1.705193600000000131e+01
1.659644799999999876e+01
1.714539200000000108e+01
1.662671999999999883e+01
1.689916799999999952e+01
1.680289600000000050e+01
1.685904000000000025e+01
1.660542399999999930e+01
1.633491199999999921e+01
1.671067199999999886e+01
1.667494399999999999e+01
1.667177600000000126e+01
1.674287999999999954e+01
1.661228799999999950e+01
1.735183999999999926e+01
1.702430400000000077e+01
1.665223999999999904e+01
1.709681600000000046e+01
1.672211199999999920e+01
1.711353599999999986e+01
1.642256000000000071e+01
1.669113600000000019e+01
1.665505599999999831e+01
1.681996799999999936e+01
1.688332799999999878e+01
1.674411200000000122e+01
1.666825599999999952e+01
1.708871999999999858e+01
1.697220799999999841e+01
1.659363199999999949e+01
1.681697600000000037e+01
1.678951999999999956e+01
1.695179200000000108e+01
1.704577600000000004e+01
1.659803199999999990e+01
1.681468800000000030e+01
1.711512000000000100e+01
1.672528000000000148e+01
1.676998400000000089e+01
1.663094399999999951e+01
1.692574400000000168e+01
1.672281600000000168e+01
1.659715200000000124e+01
1.695372800000000169e+01
1.692187200000000047e+01
1.681169600000000131e+01
1.694264000000000081e+01
1.679321600000000103e+01
1.696745599999999854e+01
1.688931200000000032e+01
1.684988799999999998e+01
1.675695999999999941e+01
1.677702400000000083e+01
1.690849599999999953e+01
1.695144000000000162e+01
1.700635199999999969e+01
1.676857599999999948e+01
1.665646399999999971e+01
1.669817600000000013e+01
1.683879999999999910e+01
1.640724799999999917e+01
1.647500799999999899e+01
1.632875200000000149e+01
1.675643200000000022e+01
1.698382399999999848e+01
1.656406399999999834e+01
1.660507199999999983e+01
1.682049599999999856e+01
1.697960000000000136e+01
1.667934400000000039e+01
