1.713652826246839922e+01
1.692087373660224259e+01
1.690024862730765776e+01
1.668036386550199168e+01
1.694259200168633939e+01
1.687125464070548375e+01
1.688057157589680202e+01
1.655509243620908322e+01
1.696499910653921006e+01
1.707813411494061384e+01
1.668000792492492934e+01
1.608506060218939027e+01
1.679220952496263664e+01
1.677786968327623995e+01
1.681166230518161697e+01
1.707402987995164878e+01
1.694275413365564020e+01
1.700252460626370521e+01
1.688824914702279045e+01
1.661948047329333633e+01
1.707412489893479801e+01
1.726702360309173301e+01
1.699909311347501983e+01
1.648398958399009473e+01
1.691416105123257196e+01
1.656960092519831207e+01
1.637618845439545012e+01
1.666437422094897158e+01
1.670973916619824706e+01
1.675696153774642738e+01
1.661230110463045762e+01
1.702099602739311024e+01
1.680158516273308322e+01
1.716861278188949314e+01
1.670313560107828010e+01
1.654149794757498881e+01
1.702996474369501811e+01
1.709239618909673553e+01
1.697603250726153234e+01
1.719021355088389313e+01
1.701757829662835420e+01
1.696329562339231956e+01
1.716798188360374056e+01
1.682046683404485066e+01
1.681745113467069075e+01
1.660541379719233390e+01
1.677497798449144639e+01
1.690148940334501759e+01
1.653288291152341927e+01
1.677717811200985665e+01
1.665764682859893142e+01
1.711830843397370572e+01
1.643898625544581549e+01
1.699118003941269350e+01
1.621676319095505292e+01
1.670111341098098734e+01
1.711323839390644252e+01
1.688527421451481203e+01
1.700358130978959181e+01
1.745827199191385759e+01
1.667197805329752924e+01
1.647408839343045273e+01
1.672959387695309630e+01
1.657042694995676868e+01
1.648218233382668885e+01
1.676590950542964720e+01
1.677960868262639593e+01
1.651386923542159124e+01
1.688469776806397249e+01
1.678677582882774288e+01
1.710502508281060585e+01
1.659221387388392799e+01
1.667917550995996123e+01
1.686273529470037147e+01
1.705945631648525307e+01
1.628247775323231394e+01
1.669576313939629486e+01
1.710159046594063526e+01
1.689027586697186223e+01
1.652965200882212926e+01
1.698345085738230509e+01
1.658378194251755389e+01
1.675774638440596931e+01
1.676252910817997588e+01
1.670181362400316871e+01
1.720450978599414071e+01
1.677724893696196418e+01
1.682637725134677353e+01
1.690757463180084486e+01
1.686295490136541630e+01
1.685988181227422800e+01
1.701182476561638168e+01
1.655291152531270882e+01
1.685372781705635248e+01
1.673604689692119862e+01
1.655983231410432666e+01
1.676116674739786916e+01
1.674517356853376171e+01
1.711453952481432239e+01
1.717006728028957951e+01
1.712677250848078714e+01
1.641345125830922669e+01
1.681079174661446274e+01
1.653660844902049476e+01
1.633455616080014394e+01
1.706746366031034867e+01
1.659759600338797370e+01
1.675074327534384722e+01
1.709836989364077198e+01
1.681958974228205861e+01
1.699859325419133782e+01
1.682816747979880390e+01
1.679461361438133338e+01
1.654498196998222781e+01
1.692519274075935698e+01
1.656443626331031993e+01
1.703386147947522389e+01
1.662588542295103622e+01
1.666652838421273941e+01
1.658306266367769055e+01
1.713366476673711603e+01
1.716993018657879233e+01
1.676178057902918539e+01
1.685623839804695479e+01
1.692168594828912376e+01
1.687611897548479334e+01
1.723940653372005016e+01
1.683414010101354918e+01
1.666748147537698443e+01
1.647065356883348386e+01
1.648136412391108507e+01
1.699313985015300332e+01
1.705144268614702696e+01
1.696852384782768297e+01
1.668683916690128299e+01
1.674579851696785582e+01
1.697474455047375486e+01
1.725869878253213230e+01
1.652126394628537653e+01
1.666729212155670581e+01
1.680929541756081136e+01
1.674950823730085503e+01
1.673442412739158769e+01
1.702204084101894210e+01
1.694340731261045008e+01
1.667165094836765959e+01
1.689983836426523567e+01
1.681438195703365679e+01
1.692613216064831860e+01
1.736665440605899846e+01
1.699691400524745077e+01
1.673900485602987587e+01
1.662661844805645828e+01
1.669995075077510194e+01
1.696942195225048522e+01
1.738571221461575433e+01
1.678123618256123351e+01
1.696189930842020033e+01
1.662465933173134047e+01
1.677847183354797878e+01
1.726882505139921165e+01
1.663098434400930259e+01
1.661973519580303105e+01
1.684659037901571921e+01
1.683104652806748192e+01
1.714187188458526379e+01
1.663346564509690140e+01
1.659813712047279566e+01
1.678857037883295078e+01
1.679149909896217707e+01
1.682954568054228162e+01
1.703248102090158511e+01
1.655289031487600582e+01
1.703360041979955142e+01
1.688623579266497643e+01
1.675326319142998344e+01
1.639502693128383370e+01
1.681744374574882883e+01
1.698142461256075109e+01
1.694772142869608800e+01
1.694233365897213162e+01
1.672303236686853012e+01
1.688707966587740827e+01
1.648829182723427067e+01
1.675381594520872852e+01
1.719530738145717308e+01
1.668454975513171945e+01
1.640537071562919991e+01
1.701280471925810289e+01
1.672175309760195105e+01
1.696147804413329396e+01
1.708290584825009617e+01
1.662912341816040751e+01
1.654591225659506293e+01
1.665961254422253290e+01
1.713163886459285834e+01
1.658324137231662121e+01
1.651841951490528615e+01
1.679929497798772786e+01
1.674308469796263310e+01
1.687585547007432751e+01
1.684892114685628073e+01
1.715565568742195879e+01
1.646403014435404799e+01
1.707223253867748980e+01
1.646316601103473687e+01
1.693429840421848454e+01
1.686407003953766548e+01
1.696732934157246575e+01
1.656624152607099987e+01
1.710514458443596908e+01
1.678885850447075967e+01
1.687742164047545401e+01
1.678071700266300681e+01
1.689360491752319504e+01
1.690586248358520294e+01
1.727190364187873683e+01
1.665647885935385020e+01
1.686285455648509313e+01
1.662303014390506561e+01
1.646514989058564282e+01
1.673070397845180679e+01
1.651519863702222679e+01
1.686085142587504038e+01
1.669998763809766729e+01
1.638145021343916241e+01
1.626207989576090185e+01
1.709579876610502680e+01
1.624635108446777565e+01
1.681552583427940206e+01
1.691960480528236843e+01
1.689689551500829268e+01
1.657783223652802462e+01
1.703773334732946054e+01
1.719070086569935540e+01
1.650177825143525823e+01
1.706627586467259050e+01
1.697609018616776311e+01
1.663381091832854963e+01
1.695766276704176434e+01
1.661600370944135463e+01
1.679226687777855531e+01
1.656585715641953271e+01
1.672029776716743399e+01
1.699689013346227640e+01
1.682992694080033758e+01
1.691627790466405301e+01
1.646597219276895530e+01
1.661031665528802037e+01
1.683172028711819834e+01
1.617214082848484580e+01
1.704981296180174510e+01
1.674555666117067076e+01
1.671140691676261625e+01
1.685832998950592199e+01
1.692327291128372124e+01
1.686803908552975528e+01
1.688016396674792219e+01
1.695837221595933286e+01
1.638555541209384003e+01
1.696291394484705961e+01
1.672937949384862932e+01
1.704207592064729937e+01
1.705628068477912862e+01
1.680172335864478583e+01
1.676064022734723480e+01
1.679890153250671503e+01
1.665976932444726089e+01
1.694268430805394843e+01
1.656871786798260970e+01
1.644226501814465635e+01
1.675247734720698389e+01
1.727210985293380574e+01
1.696318194191984219e+01
1.641075352746406679e+01
1.699339668718813812e+01
1.721137629635813227e+01
1.710618116340307893e+01
1.690331935952141507e+01
1.691001788591938393e+01
1.660978048700435394e+01
1.660793538231175859e+01
1.692673579488404201e+01
1.664186520365447919e+01
1.640602102266802476e+01
1.655928641806832147e+01
1.679879428749327275e+01
1.682680811799520626e+01
1.690572938976254846e+01
1.646927015076420986e+01
1.656235489086210322e+01
1.716266404283857838e+01
1.658167027789211545e+01
1.648550151727687307e+01
1.611420821620243871e+01
1.707172377849817835e+01
1.682159920588944146e+01
1.640235739909678614e+01
1.660847143508609136e+01
1.697559890494256507e+01
1.645963730925749502e+01
1.695173999045452362e+01
1.691921429137246946e+01
1.725278842215508845e+01
1.718255314453471883e+01
1.667855943501325555e+01
1.728406013587602175e+01
1.692107360849542630e+01
1.681457585368059426e+01
1.669717999562877253e+01
1.686064200328321050e+01
1.711265168466211506e+01
1.678572110560974195e+01
1.643661719442794222e+01
1.682624638735670075e+01
1.650918667760108960e+01
1.720655119753381967e+01
1.677904538679482016e+01
1.698042366226319189e+01
1.663331890166647753e+01
1.673229062543701673e+01
1.664348615629334915e+01
1.650169827589573401e+01
1.704829446935582382e+01
1.646887658654726394e+01
1.684293462882184755e+01
1.689073446729489092e+01
1.660314251760614468e+01
1.665232130495917318e+01
1.693541577584142743e+01
1.683359856904025165e+01
1.740322313147220967e+01
1.642483510400826319e+01
1.662602589440927048e+01
1.670920964471043391e+01
1.696765360655091115e+01
1.674065552362317888e+01
1.701585403499564109e+01
1.691361674619582800e+01
1.659144870871341482e+01
1.682624811133980103e+01
1.694002941105189208e+01
1.663572055490762835e+01
1.661475605615011020e+01
1.679897922391764808e+01
1.664872242198359231e+01
1.689603490034129862e+01
1.699071945601487954e+01
1.662026760884408105e+01
1.643276747681388628e+01
1.682787767104010968e+01
1.675404074884267303e+01
1.683160071683914438e+01
1.661126432022218324e+01
1.661288915380669451e+01
1.672872600806763543e+01
1.693825696777914303e+01
1.722727416591255789e+01
1.671978015931140504e+01
1.658007707529714736e+01
1.643334766279291159e+01
1.659056143076291434e+01
1.725251688585862198e+01
1.705048924011918032e+01
1.665403292428798210e+01
1.695364044204186627e+01
1.692984344788263584e+01
1.716570611090839549e+01
1.688065589932302402e+01
1.679671213768632398e+01
1.684878773459757895e+01
1.648892839767635721e+01
1.668621254978653923e+01
1.684174980410298161e+01
1.691772206611895513e+01
1.641917738108549329e+01
1.664748904141679375e+01
1.699383351509085216e+01
1.673175876023972819e+01
1.652898573665445170e+01
1.690597173092104555e+01
1.732790975770098996e+01
1.644769975492218705e+01
1.668311545732735723e+01
1.677374609999380439e+01
1.677749719999483347e+01
1.670568781498014843e+01
1.658376680672985515e+01
1.678619278623031974e+01
1.685853914948575394e+01
1.651983089878709876e+01
1.674442290659644783e+01
1.677163375796191858e+01
1.691240029062519312e+01
1.682741147237189239e+01
1.685154042814028585e+01
1.660841281900949795e+01
1.714076049840497973e+01
1.677278260706383151e+01
1.615006934914993764e+01
1.658846564475690499e+01
1.670193782952000205e+01
1.707822813103447501e+01
1.660923637189782198e+01
1.696922586352414442e+01
1.703826744896698386e+01
1.654647399229001437e+01
1.662587787875840917e+01
1.691749633103012584e+01
1.677148127660114696e+01
1.720777400362908338e+01
1.653731308560576707e+01
1.678042157595941575e+01
1.680683316547379036e+01
1.717711446919734541e+01
1.683845953867361445e+01
1.671512199939638776e+01
1.662079170003320172e+01
1.694795800769247762e+01
1.675359736392154986e+01
1.640742760235554343e+01
1.658368839893879709e+01
1.627779330562601245e+01
1.660726564605312561e+01
1.684055536619969828e+01
1.627453440599019885e+01
1.640096597290250102e+01
1.699500379467891875e+01
1.708927438000952392e+01
1.699844009924091637e+01
1.704983621557615692e+01
1.683268381735755881e+01
1.679134032506218688e+01
1.699946365371086898e+01
1.683020988621407099e+01
1.701425053493775152e+01
1.628837633516135952e+01
1.667450070518679439e+01
1.684920163591044684e+01
1.644380802547066267e+01
1.709418585241515842e+01
1.666649206670649974e+01
1.653368205146785286e+01
1.701499901320637420e+01
1.700409573154420784e+01
1.658800501499384694e+01
1.693128182348567634e+01
1.631276973846674494e+01
1.654795865364809160e+01
1.682515878604871773e+01
1.679217309856099760e+01
1.661900723152199078e+01
1.686947606964228896e+01
1.715431601037131770e+01
1.706744427402336584e+01
1.704903385302741725e+01
1.679298843097822669e+01
1.686082356869646048e+01
1.669414654584631208e+01
1.691974435375263752e+01
1.688496052635846212e+01
1.680378715205192464e+01
1.696524785029681937e+01
1.661701755616955012e+01
1.665846604696092115e+01
1.655380090675461346e+01
1.663604708808589194e+01
1.709462695258500986e+01
1.663483365756793120e+01
1.694137835597447861e+01
1.635281509474058836e+01
1.693153330944204882e+01
1.680801750844014109e+01
1.705874063279734187e+01
1.659656077526083706e+01
1.690382353319982300e+01
1.670205428155171745e+01
1.692121363647171961e+01
1.684226793324967986e+01
1.683623622829543365e+01
1.692757447893940892e+01
1.698701734151458709e+01
1.642262583558706979e+01
1.688346470249947728e+01
1.666748368296435601e+01
1.663134263629729759e+01
1.673734726545437823e+01
1.680335521681382005e+01
1.699814434126238538e+01
1.671098899263252235e+01
1.683329580139359294e+01
1.657499324607515589e+01
1.647099991726640411e+01
1.689032965449393231e+01
1.676356724307256840e+01
1.668412841442133754e+01
1.661505208730603655e+01
1.701811607430715512e+01
1.678858247988966923e+01
1.692756854753809037e+01
1.685488775551347373e+01
1.692710033331960418e+01
1.637966909003677074e+01
1.677425871950038427e+01
1.639761940813612995e+01
1.670519799263195182e+01
1.688211524208776027e+01
1.667029348632807029e+01
1.685547441665417168e+01
1.661435930340425315e+01
1.735583684138693528e+01
1.658387800974636761e+01
1.678347591608214628e+01
1.688383028578029865e+01
1.685667816609246117e+01
1.652629615534984708e+01
1.631184757332261626e+01
1.646472524830912221e+01
1.674764685638568906e+01
1.687589356896716808e+01
1.666285581422178552e+01
1.665906347798105358e+01
1.731580224152853731e+01
1.705608113889399746e+01
1.650286590586003399e+01
1.704901058897676691e+01
1.680689973613802835e+01
1.718673863689157244e+01
1.605527323680180984e+01
1.668092818270842059e+01
1.670728924518702030e+01
1.673536721938247140e+01
1.661136132336669036e+01
1.641110417537767319e+01
1.645066105038867832e+01
1.727075197545115159e+01
1.670256802987377043e+01
1.680472487449489805e+01
1.701868198888764283e+01
1.687575955544900452e+01
1.697543816382823678e+01
1.705460925788154469e+01
1.663446051857805585e+01
1.701084526979618161e+01
1.709726902566585238e+01
1.688336277632406279e+01
1.694602251151534134e+01
1.674200891224675658e+01
1.687745866203385248e+01
1.664632746095894689e+01
1.656944557167790322e+01
1.690537855299001180e+01
1.696799061337778625e+01
1.674144339789715019e+01
1.701036435631858978e+01
1.679927757488525586e+01
1.665035911524396184e+01
1.673764094650592327e+01
1.686473626809581106e+01
1.679935470788729646e+01
1.670179863070604398e+01
1.682657719633740712e+01
1.663811352359013185e+01
1.687614984693863818e+01
1.703879523568726739e+01
1.662508303721306646e+01
1.654121379248799784e+01
1.681534779548838543e+01
1.653649816020844554e+01
1.665814271616501685e+01
1.632265473273393042e+01
1.682997849979305727e+01
1.694041337794162416e+01
1.641677304654896474e+01
1.653537613653179505e+01
1.665692825470313565e+01
1.667523035487624838e+01
1.659978696847418433e+01
