1.824983776934616486e+01
1.892550364547944497e+01
1.835926851847641217e+01
1.804797763037089808e+01
1.853195204882069902e+01
1.867083358367694501e+01
1.805301900869261544e+01
1.845006945917253205e+01
1.878026452548535730e+01
1.845487824302758639e+01
1.851865947743122476e+01
1.821657157837925567e+01
1.898211528486968547e+01
1.903688833081706022e+01
1.851217375453180125e+01
1.874129767579704975e+01
1.858457480352080182e+01
1.917939958029623071e+01
1.887468198152836862e+01
1.903699316503865901e+01
1.877933073301469591e+01
1.869916362727393278e+01
1.872219472568943743e+01
1.874687603742373199e+01
1.860832850218789858e+01
1.859244194207932210e+01
1.871746805043631312e+01
1.855029808068985986e+01
1.863186452914620261e+01
1.838425503856084831e+01
1.884464428480183074e+01
1.868109980550067917e+01
1.834434616370064575e+01
1.854436052734999052e+01
1.893236418585850345e+01
1.829723703190857265e+01
1.852004139495029023e+01
1.849515414936055890e+01
1.856479254182716332e+01
1.832768108679300667e+01
1.887889131238951634e+01
1.912099111400419460e+01
1.842194265601554193e+01
1.864167896670739566e+01
1.843351559972876430e+01
1.861620923655004489e+01
1.804950338281601674e+01
1.845736365506833820e+01
1.866866676135493464e+01
1.850611916543367741e+01
1.818122223708987306e+01
1.834309376829249771e+01
1.842517111335740765e+01
1.838161984725538289e+01
1.887372669719489693e+01
1.842342256204004869e+01
1.859408067609673409e+01
1.834635868642677181e+01
1.878344354099750291e+01
1.821621756222251065e+01
1.865249471939526060e+01
1.868210483202197381e+01
1.897950652057219045e+01
1.873643595193261646e+01
1.812852131504915576e+01
1.856978217961004418e+01
1.860105737423232242e+01
1.872253650228219968e+01
1.856465035289041765e+01
1.839608197175461513e+01
1.878742124037804828e+01
1.834100202799744395e+01
1.878181203454044024e+01
1.825391158710423056e+01
1.886610973170945726e+01
1.831647920714851097e+01
1.868221891737000817e+01
1.884175999800950052e+01
1.870690130167761112e+01
1.854641702031815242e+01
1.860657577479199887e+01
1.831266066825957139e+01
1.852941419793457811e+01
1.891565082028991540e+01
1.813481261777226550e+01
1.899455362267885761e+01
1.839781433265205735e+01
1.855810538700680823e+01
1.859992591964733322e+01
1.823484247635429512e+01
1.858562807147185936e+01
1.895122343948839116e+01
1.839922439546717925e+01
1.848721686452120494e+01
1.856316796258225565e+01
1.888641976023492575e+01
1.873570817787911835e+01
1.862258923836416713e+01
1.844943123799397355e+01
1.835445222563517120e+01
1.875141974601049810e+01
1.856420054641528594e+01
1.865915837429708191e+01
1.840063053454473874e+01
1.878789885872292587e+01
1.822334057377854322e+01
1.851224588664369364e+01
1.847178668424789549e+01
1.865124675901673257e+01
1.862301795370672508e+01
1.915037604630164836e+01
1.887405861476885605e+01
1.890549102556914818e+01
1.809871215857443616e+01
1.882859306058479376e+01
1.848551854311837062e+01
1.857630791804781367e+01
1.876511903751064736e+01
1.840510863166166899e+01
1.831643376452356264e+01
1.895621686317915788e+01
1.893206264554770968e+01
1.832257106057938500e+01
1.881811172986901326e+01
1.856709662614556322e+01
1.832398741973770484e+01
1.856689571527770610e+01
1.851012744882011063e+01
1.842583438819033148e+01
1.884774569196192218e+01
1.835071276962348819e+01
1.838723820548986865e+01
1.874375232821833848e+01
1.860300344579770382e+01
1.867661127154005030e+01
1.859877013872204543e+01
1.828704505771147026e+01
1.861482531458632650e+01
1.828542487439939990e+01
1.895023656012580915e+01
1.836402399756977744e+01
1.871916599982628426e+01
1.845378175966376944e+01
1.900485284322669344e+01
1.857083923201383158e+01
1.826651921305486326e+01
1.860207535181970329e+01
1.857916820682413217e+01
1.884307307846961521e+01
1.851350668963262436e+01
1.808670405890125110e+01
1.878974829670696067e+01
1.867980604616399987e+01
1.855079730597509879e+01
1.866319131546440602e+01
1.838435735618580935e+01
1.850735727064650504e+01
1.886121945475973050e+01
1.830293730652061512e+01
1.839781082107645460e+01
1.859931730538696470e+01
1.866427797024938684e+01
1.864570245606735455e+01
1.863636234681665371e+01
1.814750977166329804e+01
1.854124246436224155e+01
1.895027408081787357e+01
1.848861748566029917e+01
1.877228403917773747e+01
1.855793615189750057e+01
1.816053298035069119e+01
1.874425309189195588e+01
1.892129492168725591e+01
1.838478573090316459e+01
1.861110014542590108e+01
1.897472903436661085e+01
1.832571072785287924e+01
1.829754748770741557e+01
1.876888389675062285e+01
1.924504703736588596e+01
1.817153392031661596e+01
1.847744172954017117e+01
1.852698640492440418e+01
1.880118186743521136e+01
1.863655967632451294e+01
1.850261788565507004e+01
1.818124966401709131e+01
1.834123191614200366e+01
1.874474619672096054e+01
1.867911968443410231e+01
1.850167337300831250e+01
1.862490870889237726e+01
1.886516050978034187e+01
1.874669032573001459e+01
1.912409478004769170e+01
1.856204400045093905e+01
1.836228188413254259e+01
1.899332335168352515e+01
1.906032595101464722e+01
1.869986536828168866e+01
1.890386773829343525e+01
1.880235629913698503e+01
1.844046162844454528e+01
1.907993369036499587e+01
1.833678137379635231e+01
1.887371297466154729e+01
1.901187705794948357e+01
1.860644215524035161e+01
1.889852018477493090e+01
1.869025880813092044e+01
1.887842851556415624e+01
1.815554448256185793e+01
1.885857526647587434e+01
1.829534430194088301e+01
1.861549232062174042e+01
1.847562378930243554e+01
1.882503779231564423e+01
1.849809741586015122e+01
1.875818047446384185e+01
1.830211791583487724e+01
1.896929577533580868e+01
1.820853508616094629e+01
1.894251450257553060e+01
1.901539412162907183e+01
1.851148689314919338e+01
1.849235235554805712e+01
1.902894781979486183e+01
1.916114647552884165e+01
1.785539454091919254e+01
1.875132991831867457e+01
1.789553102845945887e+01
1.887032607056794475e+01
1.782781809173171084e+01
1.814576016253768742e+01
1.794277849057943897e+01
1.844686315397088805e+01
1.875511764315000818e+01
1.833966330071957884e+01
1.869762014830949326e+01
1.844658176864510679e+01
1.838380806805447065e+01
1.906756783941744970e+01
1.891507912400441427e+01
1.891252234724188597e+01
1.870407448201102696e+01
1.862655446778001078e+01
1.867078514019977931e+01
1.910451144753217889e+01
1.852812664030218315e+01
1.808558618222178183e+01
1.847001268292892107e+01
1.888997869145017461e+01
1.849152304238579347e+01
1.885205064374988382e+01
1.852361734337700838e+01
1.869096100824210893e+01
1.864253555610786961e+01
1.820932926942464292e+01
1.885229535988025873e+01
1.900280078299637765e+01
1.852504885802100887e+01
1.893498265496075561e+01
1.841581857589636328e+01
1.921130611117304454e+01
1.892695673326264938e+01
1.852494209303405270e+01
1.854579681970384186e+01
1.855573495216011537e+01
1.874101262669013224e+01
1.870395338916372197e+01
1.892168240230904175e+01
1.850323011774814219e+01
1.865056354586779364e+01
1.859986960557013447e+01
1.843848671584585119e+01
1.888203522748928620e+01
1.875014657548626218e+01
1.866895538443682057e+01
1.883074490837228154e+01
1.856967637326936682e+01
1.919508617989904309e+01
1.814724625656744550e+01
1.852020343073967723e+01
1.831720332740136215e+01
1.860767678517521873e+01
1.836877813939741344e+01
1.850929382119765165e+01
1.847183595949358548e+01
1.841520975869335430e+01
1.839938452468392782e+01
1.868344598700429771e+01
1.875529289839605340e+01
1.848167420242380032e+01
1.853937873230931288e+01
1.831480570066453950e+01
1.882968145719116748e+01
1.887626756212822698e+01
1.885819788588295864e+01
1.847148342331167825e+01
1.866364796912638369e+01
1.869297219222231732e+01
1.836825194809875939e+01
1.849729580763452219e+01
1.834595336960385481e+01
1.857750792611760104e+01
1.874536515607419318e+01
1.859666638575046704e+01
1.806460554328291224e+01
1.856027906133039096e+01
1.817300639551619312e+01
1.816225515963126469e+01
1.873550963366214006e+01
1.853273171760191929e+01
1.861522030113267334e+01
1.847429048692469777e+01
1.871932391833619747e+01
1.842836968780407503e+01
1.854211900826368975e+01
1.846392408352002690e+01
1.838818883175997243e+01
1.845098966643535832e+01
1.841725011038868942e+01
1.834411146302939599e+01
1.845847736233056935e+01
1.859267140248157446e+01
1.853152291325489642e+01
1.853431859349741728e+01
1.875307854880145442e+01
1.865547993456642217e+01
1.873541428797158304e+01
1.832964939482525324e+01
1.863243716989460452e+01
1.863720902413819402e+01
1.838520195780314737e+01
1.837857818399317011e+01
1.808372430637634665e+01
1.878879467318772711e+01
1.909350091377094216e+01
1.831738775564031840e+01
1.838339578525522100e+01
1.912980641396866233e+01
1.845250920678341444e+01
1.866064847498073576e+01
1.809565279355177836e+01
1.878522675100018446e+01
1.853206975708280169e+01
1.865770484694350628e+01
1.927477266165814029e+01
1.883648234489626105e+01
1.849232436208046693e+01
1.851405257077440325e+01
1.862185797947394050e+01
1.852000946624754363e+01
1.863542472879928269e+01
1.868869936909963769e+01
1.866944941627704324e+01
1.909125813314973996e+01
1.865638846235597015e+01
1.852561519196753537e+01
1.805143626653957867e+01
1.836470871101193225e+01
1.824714483548254407e+01
1.849423065214821804e+01
1.866701138955821904e+01
1.857273741449020932e+01
1.823813477787225423e+01
1.838165279488868009e+01
1.851983755918363883e+01
1.861522638211415526e+01
1.873919878189799704e+01
1.861903906152165789e+01
1.852297743280135833e+01
1.854921349933492891e+01
1.841640911087213439e+01
1.893130453772491606e+01
1.855240096151933571e+01
1.907446271550321626e+01
1.852614395768764055e+01
1.846829469488246289e+01
1.898784385396147201e+01
1.849481731541525420e+01
1.855592887057277096e+01
1.815098248689034932e+01
1.819434787949234078e+01
1.836243561312472750e+01
1.864789326155832327e+01
1.860081651748071252e+01
1.868210789287997997e+01
1.885226113563972916e+01
1.868504315759662049e+01
1.903592571977341308e+01
1.882253847763186982e+01
1.848653994524994459e+01
1.887927812288527818e+01
1.939707090088782593e+01
1.852578619779849234e+01
1.912295631048183253e+01
1.878580852195161910e+01
1.823678210566768954e+01
1.873645654155694018e+01
1.817553762148088481e+01
1.847623171498281636e+01
1.830428113352346742e+01
1.873149434665422319e+01
1.897609080638587287e+01
1.857578349023474473e+01
1.844292748589203157e+01
1.844032808313853877e+01
1.829333816371473631e+01
1.886215920159946080e+01
1.882562709531062239e+01
1.832277222605004852e+01
1.885823985295713001e+01
1.871130018171715292e+01
1.899311400462854493e+01
1.896870166883140030e+01
1.856505914261645529e+01
1.814496016245048082e+01
1.855288660619374852e+01
1.891482168680434839e+01
1.887332624564644590e+01
1.867032260927950205e+01
1.848371798852883430e+01
1.892755991172018071e+01
1.889087612293832308e+01
1.826548809233990056e+01
1.854128455352578442e+01
1.790983446727589978e+01
1.857057377157400424e+01
1.886654241562037626e+01
1.836431473844180928e+01
1.830946178294870919e+01
1.874339591656071136e+01
1.808593298532345273e+01
1.854572860714952753e+01
1.849265503307680447e+01
1.876791525921235149e+01
1.877494807470868210e+01
1.819841840973163372e+01
1.818117790472113882e+01
1.886258752610483214e+01
1.868821346809831851e+01
1.872311931194700207e+01
1.854830733791884967e+01
1.838303003810873193e+01
1.903453112345131260e+01
1.872920163988554165e+01
1.860148830831189315e+01
1.854831044212637536e+01
1.888460008835720672e+01
1.840441738943956196e+01
1.877401648547946067e+01
1.866077232071518566e+01
1.823292207111322583e+01
1.875954480346762665e+01
1.905492175750617179e+01
1.873173867180251406e+01
1.890830979168735126e+01
1.869537068168205352e+01
1.939934350776462324e+01
1.880147707865214457e+01
1.847853371892833607e+01
1.868933718680923306e+01
1.885855755719274640e+01
1.868970571577119699e+01
1.846529735800031347e+01
1.869179940332475809e+01
1.878555531959500868e+01
1.908891508395742065e+01
1.884956581714380519e+01
1.875800043108741733e+01
1.848791925156000104e+01
1.863820919462929027e+01
1.860305502089535068e+01
1.831448595568397764e+01
1.883275910052339341e+01
1.888452164986054171e+01
1.838403209700017982e+01
1.855794529069698129e+01
1.881774722701612745e+01
1.865473834577255374e+01
1.861486760963857634e+01
1.810314109968700080e+01
1.851759067806612435e+01
1.812651239647334833e+01
1.860938357792234044e+01
1.840869703773573463e+01
1.877504348884765051e+01
1.831304921734274416e+01
1.868453596526215321e+01
1.872349770828112980e+01
1.882322023852738369e+01
1.852294232322609702e+01
1.856458987464663224e+01
1.846639524193798465e+01
1.876091459517292392e+01
1.834778825700271554e+01
1.831974605996865790e+01
1.856381510353272546e+01
1.891664434703507780e+01
1.849987869828746767e+01
1.867191042241252319e+01
1.870929585471886725e+01
1.878624651862219608e+01
1.846090005737107376e+01
1.887202678748037954e+01
1.843452874277726394e+01
1.858172339979076426e+01
1.864948125058955242e+01
1.904008365166338024e+01
1.878916266654135114e+01
1.889789091122683473e+01
1.835040112473151908e+01
1.829783583865804530e+01
1.843491111249900527e+01
1.824479722513217084e+01
1.864737021714988074e+01
1.844383087777911001e+01
1.837874948243193884e+01
1.863268038559382589e+01
1.852018836476046459e+01
1.879931202960047187e+01
1.861266866976634660e+01
1.842778425798735498e+01
1.850142695477121535e+01
1.867188236387426059e+01
1.865198149832187369e+01
1.870271759676757739e+01
1.853860352094288899e+01
1.885783309204607860e+01
1.836901874843299254e+01
1.902341952506856515e+01
1.904202263770126535e+01
1.872754272135551545e+01
1.841419460425448662e+01
1.881924591849530515e+01
1.883241831621914386e+01
1.803301629414084317e+01
1.931703830779298769e+01
1.893123152644543694e+01
1.855203143650926378e+01
1.870293839768198652e+01
1.896129166083449746e+01
1.819178409294615051e+01
1.809577605585354831e+01
1.825322204346149491e+01
1.874338318655096103e+01
1.836462674952582930e+01
1.901240970501833161e+01
1.958084769951392445e+01
1.890357267204653624e+01
1.844656868210148559e+01
1.821868744397536233e+01
1.828854793735525774e+01
1.838577737131350887e+01
1.823883618752275737e+01
1.856008273338747472e+01
1.872705646488674702e+01
1.850902673927406994e+01
1.829159101564992440e+01
1.883575262132542960e+01
1.874956392130465588e+01
1.850022047566745087e+01
1.909664441790422629e+01
1.860831293886365145e+01
1.895105723130034647e+01
1.866114221306214560e+01
1.866725736228467980e+01
1.893116060531781031e+01
1.860499959201852249e+01
1.914543624331379590e+01
1.872946952792486641e+01
1.846980849364237898e+01
1.833004093095317799e+01
1.862778851746915620e+01
1.904828367212172324e+01
1.826979445873620733e+01
1.843833761885647604e+01
1.878630897479929374e+01
1.849832796259123668e+01
1.868010738961659811e+01
1.878070035845050256e+01
1.884942578455396855e+01
1.854660191773689704e+01
1.864114939045795438e+01
1.826776820159969361e+01
1.855950123542450925e+01
1.850621533354539849e+01
1.893657281096373879e+01
1.867065000506890371e+01
1.869708929336039915e+01
1.834856452851066067e+01
1.869954811639396652e+01
1.860635128317895948e+01
1.823204882349687850e+01
1.861866113725484695e+01
1.903035537417516565e+01
1.883959728033293146e+01
1.837947951234132304e+01
1.873136277322247523e+01
1.824867439095693911e+01
1.854638776769862574e+01
1.844514364283406849e+01
1.895966934909474944e+01
1.858726253060985201e+01
1.845482151797662240e+01
1.833007521201504630e+01
1.866711867186509721e+01
1.865606333970040254e+01
1.833751237202763917e+01
1.850416017746862352e+01
1.825706896515221445e+01
1.881938021789217075e+01
1.806215212737582476e+01
1.893229916480516195e+01
1.838426914800108847e+01
1.881677484076845275e+01
1.833983719901132758e+01
1.875515116494472068e+01
1.845020193934566421e+01
1.894749745586689116e+01
1.874197282234067785e+01
1.909948826608643913e+01
1.891147956648485717e+01
1.841033482359681273e+01
1.849248527785878693e+01
1.839166758769003351e+01
1.879857237215347965e+01
1.847240108183655494e+01
1.803440511441854710e+01
1.810033783739109126e+01
1.851141924706154640e+01
1.902613539455292724e+01
1.880439875763977398e+01
1.865008025036140893e+01
1.856421564472129759e+01
1.890695459450856575e+01
1.846722231558701566e+01
1.872061958002477056e+01
1.867481733939175825e+01
1.888777813433410913e+01
1.878168380639181123e+01
1.832938541227743912e+01
1.849145157407410167e+01
1.882781070156240588e+01
1.876905790793023954e+01
1.857835947555765799e+01
1.878609223582271426e+01
1.843210257290600751e+01
1.892203188283211190e+01
1.879552607446035850e+01
1.820506807016042572e+01
1.871832242761622211e+01
1.815376270208992082e+01
1.828149213674504026e+01
1.844969065955170251e+01
1.883014673980557774e+01
1.883265772226411627e+01
1.879740028792810236e+01
1.875320338477010296e+01
1.839044798580945539e+01
1.815538233471197671e+01
1.835097629386033802e+01
1.875588414873224963e+01
1.879084544530924461e+01
1.873312918323326315e+01
1.861738592328594777e+01
1.863451945071113158e+01
1.887801506802458817e+01
1.795038578520358641e+01
1.840457980484837819e+01
1.814719888488280830e+01
1.834166394592536165e+01
1.863738454637792685e+01
1.871526344190238333e+01
1.879976240477388316e+01
1.893922639784086925e+01
1.889335643094267425e+01
1.862191030734551589e+01
1.838620104442576420e+01
1.842962159986007720e+01
1.858837233142552847e+01
1.853148456426337276e+01
1.859295986050922878e+01
1.821612062560986445e+01
1.862616401058431492e+01
1.884087842726244588e+01
1.840569123039369259e+01
1.874667707014590690e+01
1.886251964532344871e+01
1.860192073383018041e+01
1.887184379681569979e+01
1.829902865151152724e+01
1.867758390743957975e+01
1.874072440480444257e+01
1.875281789855900882e+01
1.851212882217064504e+01
1.871232002390708615e+01
1.879400095331151732e+01
1.872689749557087069e+01
1.836022750292411843e+01
1.848932031942967313e+01
1.875219140727991629e+01
1.843001454315836440e+01
1.888509023031510381e+01
1.826533670457871139e+01
1.884615603867934652e+01
1.862928732921513486e+01
1.874112305182512017e+01
1.867034448569223315e+01
1.842819107972463044e+01
1.861023238528702350e+01
1.888532895199419670e+01
1.834478476410683712e+01
1.851603722412931674e+01
1.836098855833615318e+01
1.842351017081416842e+01
1.906197484514817120e+01
1.858421798861356322e+01
1.880910477793704771e+01
1.822691090035046813e+01
1.828828339343271736e+01
1.868859748522566377e+01
1.921116398790781687e+01
1.849200737666322070e+01
1.890252397831724096e+01
1.857363735808958083e+01
1.891923575844047534e+01
1.860445431195496369e+01
1.859029200483951172e+01
1.905155217718906613e+01
1.848767450563615000e+01
1.848591993810708445e+01
1.851887289226485578e+01
1.819014596619083335e+01
1.899581866120607643e+01
1.824749796086920739e+01
1.847326346237075256e+01
1.866696269060292934e+01
1.926541260232407282e+01
1.840030256759693472e+01
1.850844293594938961e+01
1.854688183849365046e+01
1.868273563316718366e+01
1.865482508452813093e+01
1.943316501133991991e+01
1.832084816268857708e+01
1.869003301691469687e+01
1.849973205102108054e+01
1.884233650918011094e+01
1.878841186352514114e+01
1.861621309425658310e+01
1.877176026656388075e+01
1.843664650776462821e+01
1.844032104517566495e+01
1.855375986768622099e+01
1.823553320689742563e+01
1.821833086348027209e+01
1.859170621237054633e+01
1.869894839023981348e+01
1.868584636753879380e+01
1.842773352809530962e+01
1.851503609996302657e+01
1.868665480258065870e+01
1.860842986050700176e+01
1.883534673045623720e+01
1.846733006083841744e+01
1.854527676378383916e+01
1.830039704545792034e+01
1.898261045630846411e+01
1.857843400614250484e+01
1.832975318737091897e+01
1.877559314086730780e+01
1.851047284976770158e+01
1.821286755647878408e+01
1.852748999842389921e+01
1.869446912667120841e+01
1.865339976834818358e+01
1.850729541594877503e+01
1.843056587729413920e+01
1.923707398955665226e+01
1.834715918087493236e+01
1.889284949769363919e+01
1.890337802978647375e+01
1.847319149523033488e+01
1.800489966271419462e+01
1.846581940741348049e+01
1.817998941663909207e+01
1.890287554142452819e+01
1.827122446199931005e+01
1.866604287926135086e+01
1.826421182652611463e+01
1.891688881488417451e+01
1.849450652380727433e+01
1.896859413734958721e+01
1.846520122410260001e+01
1.840063341994680357e+01
1.877678462175855856e+01
1.878805579228987810e+01
1.896299584447591613e+01
1.852417623896422327e+01
1.813740121686837625e+01
1.895440947314545355e+01
1.882126531613036136e+01
1.831719354113261389e+01
1.891647583419504031e+01
1.854784362344685889e+01
1.879089469120263445e+01
1.837425408334459220e+01
1.823290575008853764e+01
1.830207044925866811e+01
1.814822221999000718e+01
1.863965063388792487e+01
1.792681124637603673e+01
1.832444770606061368e+01
1.844520101615405139e+01
1.818374553141696026e+01
1.815226531490192130e+01
1.888214556857423787e+01
1.916409598854106378e+01
1.903232948530304469e+01
1.893051757120799650e+01
1.871318395935150036e+01
1.868084807096973776e+01
1.903137546855789353e+01
1.887452753373313996e+01
1.857487385964923376e+01
1.857239259950941701e+01
1.905510788220552598e+01
1.877069812955085482e+01
1.831252568975598649e+01
1.875627670117978596e+01
1.827753416555239951e+01
1.886881281240959041e+01
1.854658767820341225e+01
1.840565043122180811e+01
1.888654422848747672e+01
1.902299908471723811e+01
1.878193243945997182e+01
1.844774518093035809e+01
1.856703911123174322e+01
1.872889891096097870e+01
1.828538453288057397e+01
1.849385419511708406e+01
1.841210095517650558e+01
1.888601025083309537e+01
1.872405172065449364e+01
1.873391058208269300e+01
1.864660801187326555e+01
1.858201015730351813e+01
1.852851472367857966e+01
1.872291808309619654e+01
1.866681135466529540e+01
1.912294187811073343e+01
1.883419743292143522e+01
1.858433578116963858e+01
1.876613108606963465e+01
1.858342846362772249e+01
1.885443037843289460e+01
1.865474409975288594e+01
1.835995565132232699e+01
1.874557473637671734e+01
1.844842015180362083e+01
1.860880569096718062e+01
1.839270660185388806e+01
1.828116653752770304e+01
1.859788242687519144e+01
1.927962774891221187e+01
1.875440633445224492e+01
1.844685011502926741e+01
1.871744848257282712e+01
1.879610872902237517e+01
1.880716799768871539e+01
1.825139388961122933e+01
