1.926724799999999860e+01
1.963983999999999952e+01
1.934433599999999842e+01
1.906836799999999954e+01
1.949675200000000075e+01
1.891841600000000057e+01
1.913982400000000084e+01
1.912820800000000077e+01
1.960534399999999877e+01
1.919051199999999824e+01
1.916199999999999903e+01
1.907628800000000169e+01
1.930209599999999881e+01
1.900254400000000032e+01
1.925316799999999873e+01
1.943972799999999879e+01
1.906431999999999860e+01
1.886244800000000055e+01
1.913841599999999943e+01
1.917871999999999844e+01
1.904425600000000074e+01
1.921127999999999858e+01
1.901979199999999892e+01
1.892246400000000150e+01
1.904232000000000014e+01
1.940681599999999918e+01
1.922483199999999925e+01
1.912856000000000023e+01
1.909247999999999834e+01
1.926724799999999860e+01
1.914387200000000178e+01
1.941631999999999891e+01
1.967820800000000148e+01
1.921515199999999979e+01
1.927464000000000155e+01
1.931740800000000036e+01
1.945627199999999846e+01
1.916446399999999883e+01
1.926584000000000074e+01
1.898600000000000065e+01
1.959619199999999850e+01
1.928819199999999867e+01
1.948531200000000041e+01
1.905727999999999867e+01
1.901468799999999959e+01
1.917467200000000105e+01
1.880753599999999892e+01
1.955131199999999936e+01
1.893971200000000010e+01
1.931723200000000062e+01
1.909899199999999908e+01
1.937478399999999823e+01
1.936123200000000111e+01
1.965409599999999912e+01
1.890451200000000043e+01
1.929875200000000035e+01
1.909459199999999868e+01
1.924559999999999960e+01
1.926707199999999887e+01
1.951752000000000109e+01
1.928027200000000008e+01
1.955131199999999936e+01
1.890627200000000130e+01
1.955113599999999963e+01
1.934521600000000063e+01
1.930139199999999988e+01
1.918136000000000152e+01
1.910374399999999895e+01
1.968278400000000161e+01
1.911606400000000150e+01
1.884942399999999907e+01
1.934275200000000083e+01
1.969299200000000027e+01
1.894939199999999957e+01
1.904707200000000000e+01
1.951188799999999901e+01
1.959267200000000031e+01
1.869243200000000016e+01
1.890591999999999828e+01
1.942318399999999912e+01
1.924137599999999892e+01
1.910075199999999995e+01
1.930860799999999955e+01
1.950291199999999847e+01
1.939924800000000005e+01
1.932444800000000029e+01
1.935401600000000144e+01
1.925756799999999913e+01
1.927833599999999947e+01
1.928203200000000095e+01
1.875667199999999823e+01
1.925035199999999946e+01
1.925299199999999900e+01
1.919104000000000099e+01
1.927587199999999967e+01
1.927164799999999900e+01
1.885963200000000128e+01
1.941720000000000113e+01
1.946700799999999987e+01
1.878148799999999952e+01
1.921039999999999992e+01
1.906590399999999974e+01
1.938041600000000031e+01
1.955536000000000030e+01
1.897262399999999971e+01
1.929188800000000015e+01
1.916639999999999944e+01
1.922500799999999899e+01
1.932726399999999956e+01
1.935929600000000050e+01
1.903334399999999960e+01
1.919755200000000173e+01
1.910304000000000002e+01
1.895695999999999870e+01
1.930755200000000116e+01
1.863118400000000108e+01
1.895784000000000091e+01
1.924436800000000147e+01
1.940857600000000005e+01
1.940734399999999837e+01
1.941139199999999931e+01
1.933271999999999835e+01
1.918047999999999931e+01
1.930526400000000109e+01
1.910374399999999895e+01
1.912345600000000090e+01
1.942388800000000160e+01
1.941526400000000052e+01
1.936932799999999943e+01
1.911500799999999956e+01
1.943268799999999885e+01
1.917871999999999844e+01
1.896030400000000071e+01
1.962048000000000059e+01
1.932092799999999855e+01
1.913436799999999849e+01
1.933307200000000137e+01
1.932708799999999982e+01
1.939995199999999897e+01
1.926073600000000141e+01
1.914193600000000117e+01
1.892545600000000050e+01
1.943057599999999852e+01
1.895185599999999937e+01
1.902630399999999966e+01
1.936193600000000004e+01
1.941473600000000133e+01
1.895467199999999863e+01
1.922360000000000113e+01
1.912750399999999829e+01
1.952033600000000035e+01
1.922624000000000066e+01
1.877814400000000106e+01
1.936263999999999896e+01
1.926478399999999880e+01
1.932656000000000063e+01
1.875456000000000145e+01
1.903809599999999946e+01
1.941807999999999979e+01
1.918928000000000011e+01
1.903475200000000100e+01
1.908983999999999881e+01
1.934838399999999936e+01
1.926460799999999907e+01
1.944377599999999973e+01
1.892580799999999996e+01
1.901838400000000107e+01
1.881616000000000000e+01
1.924823999999999913e+01
1.921532799999999952e+01
1.918840000000000146e+01
1.965779200000000060e+01
1.882636799999999866e+01
1.916569600000000051e+01
1.943268799999999885e+01
1.933395200000000003e+01
1.959795199999999937e+01
1.986547200000000046e+01
1.904055999999999926e+01
1.939308799999999877e+01
1.917907200000000145e+01
1.908543999999999841e+01
1.911060799999999915e+01
1.935436800000000090e+01
1.938252800000000065e+01
1.903105599999999953e+01
1.892633599999999916e+01
1.945363199999999892e+01
1.926108800000000087e+01
1.913524800000000070e+01
1.954972800000000177e+01
1.906977600000000095e+01
1.936862400000000051e+01
1.939203200000000038e+01
1.929435199999999995e+01
1.917889600000000172e+01
1.926619200000000021e+01
1.883111999999999853e+01
1.928396800000000155e+01
1.934398399999999896e+01
1.926584000000000074e+01
1.939009599999999978e+01
1.936967999999999890e+01
1.948566399999999987e+01
1.941033600000000092e+01
1.941878399999999871e+01
1.959619199999999850e+01
1.930895999999999901e+01
1.939977599999999924e+01
1.934310400000000030e+01
1.934926400000000157e+01
1.940769600000000139e+01
1.897878400000000099e+01
1.933500799999999842e+01
1.931582399999999922e+01
1.926513599999999826e+01
1.936352000000000118e+01
1.903158399999999872e+01
1.961748800000000159e+01
1.927833599999999947e+01
1.888814400000000049e+01
1.926302400000000148e+01
1.921796799999999905e+01
1.939432000000000045e+01
1.933307200000000137e+01
1.940100800000000092e+01
1.925527999999999906e+01
1.930508800000000136e+01
1.884572800000000115e+01
1.924753600000000020e+01
1.877039999999999864e+01
1.932374400000000136e+01
1.936897599999999997e+01
1.921567999999999898e+01
1.923415999999999926e+01
1.932550399999999868e+01
1.926513599999999826e+01
1.962646399999999858e+01
1.897156800000000132e+01
1.923292800000000113e+01
1.930455999999999861e+01
1.950713599999999914e+01
1.931599999999999895e+01
1.907558399999999921e+01
1.930209599999999881e+01
1.890222400000000036e+01
1.879292799999999986e+01
1.942177600000000126e+01
1.906660799999999867e+01
1.951593599999999995e+01
1.943902399999999986e+01
1.937548800000000071e+01
1.927076800000000034e+01
1.894780799999999843e+01
1.897966399999999965e+01
1.970654400000000095e+01
1.946982399999999913e+01
1.885857599999999934e+01
1.951329600000000042e+01
1.920969600000000099e+01
1.941913600000000173e+01
1.916270400000000151e+01
1.931758400000000009e+01
1.928343999999999880e+01
1.929047999999999874e+01
1.929329600000000156e+01
1.967574400000000168e+01
1.917203200000000152e+01
1.897491199999999978e+01
1.952297599999999989e+01
1.909969600000000156e+01
1.923926399999999859e+01
1.911342399999999841e+01
1.912556800000000123e+01
1.926865600000000001e+01
1.893583999999999889e+01
1.887547199999999847e+01
1.945680000000000121e+01
1.943937599999999932e+01
1.928766399999999948e+01
1.939484799999999964e+01
1.928185600000000122e+01
1.873344000000000165e+01
1.880542399999999859e+01
1.946999999999999886e+01
1.950291199999999847e+01
1.927340799999999987e+01
1.917326399999999964e+01
1.940910399999999925e+01
1.927059200000000061e+01
1.942248000000000019e+01
1.927552000000000021e+01
1.885663999999999874e+01
1.931916800000000123e+01
1.932743999999999929e+01
1.897174400000000105e+01
1.926883199999999974e+01
1.926390400000000014e+01
1.930367999999999995e+01
1.946313599999999866e+01
1.912046399999999835e+01
1.914422400000000124e+01
1.939889600000000058e+01
1.934803199999999990e+01
1.904478399999999993e+01
1.898846400000000045e+01
1.914545599999999936e+01
1.930191999999999908e+01
1.931036800000000042e+01
1.950854400000000055e+01
1.927481600000000128e+01
1.907259200000000021e+01
1.931705600000000089e+01
1.930544000000000082e+01
1.919297600000000159e+01
1.937091200000000057e+01
1.942089599999999905e+01
1.900500800000000012e+01
1.909793600000000069e+01
1.907435200000000108e+01
1.936176000000000030e+01
1.891911999999999949e+01
1.882425599999999832e+01
1.921444800000000086e+01
1.940804800000000085e+01
1.924032000000000053e+01
1.902401599999999959e+01
1.900148799999999838e+01
1.915249599999999930e+01
1.910550399999999982e+01
1.897508799999999951e+01
1.918329599999999857e+01
1.901028799999999919e+01
1.893143999999999849e+01
1.917044800000000038e+01
1.916903999999999897e+01
1.933360000000000056e+01
1.907804799999999901e+01
1.863030399999999887e+01
1.915390400000000071e+01
1.907452800000000082e+01
1.924841599999999886e+01
1.906607999999999947e+01
1.946102399999999832e+01
1.957735999999999876e+01
1.884255999999999887e+01
1.941737600000000086e+01
1.972027200000000136e+01
1.922870400000000046e+01
1.899145599999999945e+01
1.912433599999999956e+01
1.931723200000000062e+01
1.915003199999999950e+01
1.908104000000000156e+01
1.920652799999999871e+01
1.953864000000000090e+01
1.934275200000000083e+01
1.920652799999999871e+01
1.947862399999999994e+01
1.906625599999999920e+01
1.895115200000000044e+01
1.947879999999999967e+01
1.946964799999999940e+01
1.906555200000000028e+01
1.897508799999999951e+01
1.946824000000000154e+01
1.926214399999999927e+01
1.956961599999999990e+01
1.910462400000000116e+01
1.914844799999999836e+01
1.990190399999999826e+01
1.935700800000000044e+01
1.890028799999999976e+01
1.924208000000000141e+01
1.905147200000000041e+01
1.877832000000000079e+01
1.955923200000000151e+01
1.899620799999999932e+01
1.936052799999999863e+01
1.910163199999999861e+01
1.902366400000000013e+01
1.917009600000000091e+01
1.952420800000000156e+01
1.915249599999999930e+01
1.910110399999999942e+01
1.930086400000000069e+01
1.912169600000000003e+01
1.934099199999999996e+01
1.925263999999999953e+01
1.951135999999999981e+01
1.925703999999999994e+01
1.894640000000000057e+01
1.915900800000000004e+01
1.940030399999999844e+01
1.925633600000000101e+01
1.930473599999999834e+01
1.908931199999999961e+01
1.904232000000000014e+01
1.932708799999999982e+01
1.949904000000000082e+01
1.947211199999999920e+01
1.927657599999999860e+01
1.933905599999999936e+01
1.936756799999999856e+01
1.931195200000000156e+01
1.947739199999999826e+01
1.956011200000000017e+01
1.894692799999999977e+01
1.946137600000000134e+01
1.901486399999999932e+01
1.957278399999999863e+01
1.926372800000000041e+01
1.952473600000000076e+01
1.890046399999999949e+01
1.895379199999999997e+01
1.920406399999999891e+01
1.945961600000000047e+01
1.931283200000000022e+01
1.928889600000000115e+01
1.910110399999999942e+01
1.915531199999999856e+01
1.911184000000000083e+01
1.930297600000000102e+01
1.919420799999999971e+01
1.944536000000000087e+01
1.928995199999999954e+01
1.898776000000000153e+01
1.927675199999999833e+01
1.926548800000000128e+01
1.899638399999999905e+01
1.895080000000000098e+01
1.953758399999999895e+01
1.890732799999999969e+01
1.921022400000000019e+01
1.944447999999999865e+01
1.921092799999999912e+01
1.978081600000000151e+01
1.944342400000000026e+01
1.928819199999999867e+01
1.927710400000000135e+01
1.925563199999999853e+01
1.953881600000000063e+01
1.926214399999999927e+01
1.913419199999999876e+01
1.910550399999999982e+01
1.894323199999999829e+01
1.905569600000000108e+01
1.969017600000000101e+01
1.914527999999999963e+01
1.943779200000000174e+01
1.928801599999999894e+01
1.930367999999999995e+01
1.921057599999999965e+01
1.953705599999999976e+01
1.953424000000000049e+01
1.959566399999999931e+01
1.933764800000000150e+01
1.931476800000000082e+01
1.946806399999999826e+01
1.902841600000000000e+01
1.910075199999999995e+01
1.926056000000000168e+01
1.935190400000000110e+01
1.913331200000000010e+01
1.925052799999999920e+01
1.946172800000000080e+01
1.931212800000000129e+01
1.944887999999999906e+01
1.920723200000000119e+01
1.885223999999999833e+01
1.961431999999999931e+01
1.916534400000000105e+01
1.935683200000000070e+01
1.922271999999999892e+01
1.927375999999999934e+01
1.908790400000000176e+01
1.951312000000000069e+01
1.902190399999999926e+01
1.922624000000000066e+01
1.882020800000000094e+01
1.940171199999999985e+01
1.926566400000000101e+01
1.923627199999999959e+01
1.927024000000000115e+01
1.905851200000000034e+01
1.891524799999999829e+01
1.930684799999999868e+01
1.915654400000000024e+01
1.957295999999999836e+01
1.943057599999999852e+01
1.928960000000000008e+01
1.930631999999999948e+01
1.920547200000000032e+01
1.905076800000000148e+01
1.921075199999999938e+01
1.947809600000000074e+01
1.930596800000000002e+01
1.920353599999999972e+01
1.891647999999999996e+01
1.911078399999999888e+01
1.885364799999999974e+01
1.960463999999999984e+01
1.855708800000000025e+01
1.920212799999999831e+01
1.913049600000000083e+01
1.961414399999999958e+01
1.934680000000000177e+01
1.893038400000000010e+01
1.949411200000000122e+01
1.935119999999999862e+01
1.944606399999999979e+01
