1.726534386021294765e+01
1.681016807970166482e+01
1.722357742411730541e+01
1.627446483245451958e+01
1.669330127537722674e+01
1.606272083760878644e+01
1.649257744073306142e+01
1.684044328544402447e+01
1.600765528487283618e+01
1.657998451923286964e+01
1.551156923884333771e+01
1.656522234816769412e+01
1.690535456510370693e+01
1.644446501423411533e+01
1.655533952693593847e+01
1.711863105049753386e+01
1.681148483214557032e+01
1.701291623601913372e+01
1.716259712067324017e+01
1.760917057483676373e+01
1.625470816041520905e+01
1.776148855600184717e+01
1.721019033781042751e+01
1.595847452941141142e+01
1.743880810467784670e+01
1.647546556356380165e+01
1.727447336719714244e+01
1.641641615961159673e+01
1.635959172123744310e+01
1.750659404282247067e+01
1.646006167824230815e+01
1.567420965244283337e+01
1.600746749044685302e+01
1.636765666846173772e+01
1.689999182845110326e+01
1.673023520029860123e+01
1.721429092775648328e+01
1.744031041585773778e+01
1.559053548002293610e+01
1.631271873465301070e+01
1.613478647243719521e+01
1.677623579598595427e+01
1.718779851586446838e+01
1.695335384741455442e+01
1.719707891106968489e+01
1.609295746121185999e+01
1.734304446069707595e+01
1.731647623912559908e+01
1.623747136217564702e+01
1.741353840013479015e+01
1.607174621125934166e+01
1.655657341508594627e+01
1.730400138029322576e+01
1.670590386882176404e+01
1.684948502455180730e+01
1.742209849790339860e+01
1.723045999972452691e+01
1.690938745825033962e+01
1.682946160591904672e+01
1.731937311033509985e+01
1.563941174180504134e+01
1.658391675357518480e+01
1.679468934425496940e+01
1.633656975614384166e+01
1.635434422558555312e+01
1.646626450859452717e+01
1.669208927503639828e+01
1.565070706871363804e+01
1.674874087663674871e+01
1.779293285718138762e+01
1.714376729378951580e+01
1.626522229658038299e+01
1.652643910169882346e+01
1.729769425740205335e+01
1.632455005165274997e+01
1.710994472843484715e+01
1.636493949999639952e+01
1.683897924902174026e+01
1.655421109164604587e+01
1.706227296115105219e+01
1.586603473201106063e+01
1.695826934137958375e+01
1.734868482568493064e+01
1.701371799684869401e+01
1.655408855260137813e+01
1.632663557215537864e+01
1.668559766559464563e+01
1.754191313212871961e+01
1.680463020844928934e+01
1.691142171783575066e+01
1.739821177309246636e+01
1.736955997690282061e+01
1.644782142811886416e+01
1.605813308135057227e+01
1.688970161118906788e+01
1.663956060669801218e+01
1.646535929614228877e+01
1.668078520588695568e+01
1.657018973758059843e+01
1.630730428836553259e+01
1.749512402760728591e+01
1.622305062961479294e+01
1.695454413992816001e+01
1.745095297380196442e+01
1.682638571903160596e+01
1.638312623432755544e+01
1.700947079826065078e+01
1.768238310136496949e+01
1.661097105400993001e+01
1.519677217761979016e+01
1.675094332935516306e+01
1.721051454041383977e+01
1.593072008222081593e+01
1.645876475204771694e+01
1.687021506067337029e+01
1.626493035463004233e+01
1.698831805777116699e+01
1.616892150455241506e+01
1.744942798542387408e+01
1.554869739082715441e+01
1.550039307818125600e+01
1.706801181624874886e+01
1.650317915149086900e+01
1.802711236583938259e+01
1.726987516407622181e+01
1.674346136356117754e+01
1.721781863716404359e+01
1.771707058448737371e+01
1.719823914785504115e+01
1.559487666198602973e+01
1.669941410687929562e+01
1.663145471326107483e+01
1.732749072729313156e+01
1.674284091529699836e+01
1.820870563030898026e+01
1.714100801620526937e+01
1.679770776560386736e+01
1.724092419373832996e+01
1.637512643627258058e+01
1.694993679314872992e+01
1.676795627755805995e+01
1.681843802423205503e+01
1.639514418634043835e+01
1.619953411308647162e+01
1.737274004057782761e+01
1.655868995030075297e+01
1.743728193359457634e+01
1.632043748542779227e+01
1.649538265950584304e+01
1.637950980314516158e+01
1.632641057366733506e+01
1.566703875728026674e+01
1.697954203444076882e+01
1.683528130785241217e+01
1.713563588070057975e+01
1.697120260127623581e+01
1.719043662742663869e+01
1.762856906990796801e+01
1.716410102931408943e+01
1.697008188664394979e+01
1.739894543351222822e+01
1.652939671996093551e+01
1.624260726477023198e+01
1.760136881708125856e+01
1.684494781423106247e+01
1.687819975444636000e+01
1.673958489333305621e+01
1.718221552367367266e+01
1.566910067061116685e+01
1.665212180436482825e+01
1.710736285615127628e+01
1.632488982183593151e+01
1.692281120132109606e+01
1.691524533545666031e+01
1.716966184563275988e+01
1.796949877529240780e+01
1.648578686620306044e+01
1.604412524343726787e+01
1.678419061057688921e+01
1.644269024893970155e+01
1.680045902618406828e+01
1.687356317190203825e+01
1.698009036973696695e+01
1.633808017326035156e+01
1.680432626375083416e+01
1.723455898125483188e+01
1.623713500674735855e+01
1.666154295074399982e+01
1.756117499288596662e+01
1.706511724403383568e+01
1.627724869229434645e+01
1.737483619347396413e+01
1.750045536457281870e+01
1.655353989717533025e+01
1.758902553197221152e+01
1.577938017582900976e+01
1.654562386142320207e+01
1.799527813802726683e+01
1.725703241497795659e+01
1.616548337547034109e+01
1.665163319673554199e+01
1.713058820257049675e+01
1.640383489321666488e+01
1.672766649635473613e+01
1.529976981150292481e+01
1.654029716437670672e+01
1.765558718609246114e+01
1.663805554007441856e+01
1.744305517763157809e+01
1.684682877828923253e+01
1.764967270108879660e+01
1.720707250369126484e+01
1.698062537767660629e+01
1.556447424939931423e+01
1.586536165835528323e+01
1.686560709265707203e+01
1.673446155798268720e+01
1.678447405192354935e+01
1.745608224289380672e+01
1.674683534654456096e+01
1.683912480234216957e+01
1.570671700179210717e+01
1.727904289772472168e+01
1.666605669306150972e+01
1.657863182060413720e+01
1.702757001481232990e+01
1.606294557456543970e+01
1.701916596660310788e+01
1.605258868663159078e+01
1.645691465961161271e+01
1.693135048245015639e+01
1.581263352675966338e+01
1.650640504536847075e+01
1.666880662796595303e+01
1.688399105700987946e+01
1.682967732895231805e+01
1.622585139436588264e+01
1.661894833595424004e+01
1.679866043196799197e+01
1.775882274228013102e+01
1.600553396632186676e+01
1.743508606954371842e+01
1.604912953881986581e+01
1.658185079332939083e+01
1.661066466419869769e+01
1.630008672214406928e+01
1.653767784915623551e+01
1.658318788274208089e+01
1.684431774723345754e+01
1.689840513799560284e+01
1.713392545381639920e+01
1.727297301121146234e+01
1.709779791361522783e+01
1.650865507073094207e+01
1.709852013185192021e+01
1.716973480897316406e+01
1.651562090892317158e+01
1.611728257257390595e+01
1.676935097532617291e+01
1.670289165890915584e+01
1.676708389822287515e+01
1.633367540727385148e+01
1.660409069423054618e+01
1.634974462621367053e+01
1.756897643967494105e+01
1.643260838506369481e+01
1.662842914847102094e+01
1.742259376663559323e+01
1.588196754407064226e+01
1.695273576681358918e+01
1.692071771863622232e+01
1.654085306076555284e+01
1.695916655518704275e+01
1.608462087504955207e+01
1.599805381666126181e+01
1.689780252220357326e+01
1.654599589009399097e+01
1.680901768227746729e+01
1.700396144328997039e+01
1.697463282115616678e+01
1.721093439085196053e+01
1.635032518183466976e+01
1.697525654715116872e+01
1.648608540793554056e+01
1.679976362644253030e+01
1.644368238252027936e+01
1.702909751732072507e+01
1.673211982007350329e+01
1.635906262246920306e+01
1.659715785533058963e+01
1.654176778743054399e+01
1.680516512789815309e+01
1.712900802675510548e+01
1.727997965272385272e+01
1.566148566046075175e+01
1.730166253803077581e+01
1.746322896924831980e+01
1.663875192668654535e+01
1.693311549974551156e+01
1.615771832530973029e+01
1.726145635383149468e+01
1.704686046347767459e+01
1.701493245425214340e+01
1.702779045920559042e+01
1.748990376421917148e+01
1.701043504526845140e+01
1.584545249499882047e+01
1.662704306951297184e+01
1.666574523915869221e+01
1.750033925600974527e+01
1.636548831768303813e+01
1.617343274910250983e+01
1.741143842504815353e+01
1.705922331762696587e+01
1.565356910764864828e+01
1.630479380910912113e+01
1.690742154238212080e+01
1.670914396026893201e+01
1.764119289721179484e+01
1.684613249239284016e+01
1.707476302900057874e+01
1.630203773656238653e+01
1.684785266983500307e+01
1.689631756413542263e+01
1.735858874606326196e+01
1.736074208983873035e+01
1.683821665001538292e+01
1.719695836562755531e+01
1.649313176992760788e+01
1.680565009077851713e+01
1.662351603054331406e+01
1.682357194989750582e+01
1.586244824442890788e+01
1.597278322324354782e+01
1.703867912141369700e+01
1.698352385211309468e+01
1.671671842938577868e+01
1.726515788118516426e+01
1.725158620188451408e+01
1.666155561379635586e+01
1.668616450610200630e+01
1.704850338101593010e+01
1.684161753523708782e+01
1.568695498977280067e+01
1.703489341721377670e+01
1.634593354008303479e+01
1.717570501457503340e+01
1.728671725897668665e+01
1.614695215169771458e+01
1.660950169487047745e+01
1.699878592845643510e+01
1.720890254201897207e+01
1.696357876843798707e+01
1.616971570704754058e+01
1.633635200718446967e+01
1.678226741824730794e+01
1.685668013563490675e+01
1.751834075613895081e+01
1.611296749966631126e+01
1.661772649531133084e+01
1.628231990142369057e+01
1.516669879121024067e+01
1.664432057762680017e+01
1.639597391839526708e+01
1.722147019825457903e+01
1.681113822634456412e+01
1.527947228054674511e+01
1.591341128229466939e+01
1.656299834049498187e+01
1.739245044751254454e+01
1.728686495849633076e+01
1.636412969317122545e+01
1.628219091096323368e+01
1.644184738647323130e+01
1.713485387998072795e+01
1.643293254267284809e+01
1.574299136536727417e+01
1.628463781810443933e+01
1.657523463444960754e+01
1.706867886177115778e+01
1.619500786471169107e+01
1.672982011647176037e+01
1.680787312153967861e+01
1.660986583333873412e+01
1.705610591587457847e+01
1.695564307610046484e+01
1.554469340066657423e+01
1.613255593345292738e+01
1.754994879734775992e+01
1.604262474410627348e+01
1.670814380078530448e+01
1.659863112739438051e+01
1.660361321710946569e+01
1.645833654209566888e+01
1.625544822177627680e+01
1.726396014115580613e+01
1.684860912664932187e+01
1.832886942064391533e+01
1.581391062101096345e+01
1.659244905353171973e+01
1.666664545268749009e+01
1.659593139435510523e+01
1.689911887418968206e+01
1.713566755297517830e+01
1.719767217712447760e+01
1.608770363555249361e+01
1.654629073700591846e+01
1.598595794594961284e+01
1.765239735803227461e+01
1.696315123378898093e+01
1.662701014500274965e+01
1.663377888969562690e+01
1.649697998342269045e+01
1.691846351704093010e+01
1.785543310168788267e+01
1.628417886941160830e+01
1.664142491065099350e+01
1.692348702921538006e+01
1.700088493014024138e+01
1.658909350222561940e+01
1.699359645282013176e+01
1.677714047114891116e+01
1.666966463124053277e+01
1.632050548397843315e+01
1.669468388753516308e+01
1.590195802474418230e+01
1.733157332990906596e+01
1.672817922345664243e+01
1.616758107046846504e+01
1.675139303313142491e+01
1.629327985985345961e+01
1.761755224617422400e+01
1.675614567998591653e+01
1.622859001738559925e+01
1.567210493881413313e+01
1.726217605652151121e+01
1.727883959613371445e+01
1.691788304660978781e+01
1.694089113367216726e+01
1.676091182015480285e+01
1.721594540203633983e+01
1.721655224254207539e+01
1.692747091707811791e+01
1.662654652662678956e+01
1.668558487159677028e+01
1.661947947602345366e+01
1.666352096621200474e+01
1.693698708389140961e+01
1.665504667120178439e+01
1.656184963357883788e+01
1.700374741733733330e+01
1.661109663745503440e+01
1.699252906304154820e+01
1.666238643532933850e+01
1.717942929226003201e+01
1.846630581357842260e+01
1.709119028328280621e+01
1.710898786239792457e+01
1.709752476926684039e+01
1.675329559661257051e+01
1.623026434327617551e+01
1.707657488715597793e+01
1.672430085834177049e+01
1.598083620122859649e+01
1.605940692480216114e+01
1.633285404882342817e+01
1.720609070284364250e+01
1.699956063037598142e+01
1.665505569818798648e+01
1.667425887738425061e+01
1.603490100472558666e+01
1.607516891127025715e+01
1.709048521035730062e+01
1.702292271643757360e+01
1.639140055537013296e+01
1.679460573640430709e+01
1.726154289038061052e+01
1.755078734787679196e+01
1.656877784642345830e+01
1.664941666093016437e+01
1.755775194805992712e+01
1.794929212350487902e+01
1.707982589221776948e+01
1.637861483392239137e+01
1.715019553446383327e+01
1.627742546826476655e+01
1.729081023107999826e+01
1.692813304058555346e+01
1.671096898070121739e+01
1.650096396202593851e+01
1.672795749058752790e+01
1.689551799225995410e+01
1.649037486648086670e+01
1.723289169651038577e+01
1.580140848911149298e+01
1.728237816767922652e+01
1.689669645798981534e+01
1.701484044862850808e+01
1.696331015048154711e+01
1.751682699579022184e+01
1.727525052244158488e+01
1.797084752438090760e+01
1.743379904690853976e+01
1.680418194646204100e+01
1.601719076471950842e+01
1.587383935328889173e+01
1.666350817593384903e+01
1.716849395701736825e+01
1.586069837750033962e+01
1.679737802120139278e+01
1.749906435275292793e+01
1.684608085485769635e+01
1.726425152978209709e+01
1.798200522109705446e+01
1.604919828973185858e+01
1.709305076266871737e+01
1.688463353671328804e+01
1.741791477296876067e+01
1.776640683788117769e+01
1.710712748264870342e+01
1.728943412900137844e+01
1.735756068909813621e+01
1.706618646964341224e+01
1.688603243948927357e+01
1.656044656444687391e+01
1.643895891775196105e+01
1.674809346002537325e+01
1.698182837619840413e+01
1.611785033000051826e+01
1.657256283406768205e+01
1.597080045919928182e+01
1.652564477734317094e+01
1.674785081865594094e+01
1.701143389761069358e+01
1.626731590695407803e+01
1.597810317901110722e+01
1.680440172851930214e+01
1.689367463115917545e+01
1.626259731421799870e+01
1.655350639949105229e+01
1.635871233524192192e+01
1.715127385875805999e+01
1.713411519625811863e+01
1.709497137920797272e+01
1.680994399096815783e+01
1.640982995428254299e+01
1.701281771461874825e+01
1.627458761769283413e+01
1.649895631464628565e+01
1.749196766381720991e+01
1.626169310701974169e+01
1.719038198143199736e+01
1.694919578861010834e+01
1.650362310972167634e+01
