1.927482906606040558e+01
1.947413882872538693e+01
1.913378453644084587e+01
1.896690270965800806e+01
1.962198698895629789e+01
1.903366462752782695e+01
1.912077159762990064e+01
1.894057845433540521e+01
1.970061647440038399e+01
1.904615340469045393e+01
1.925877846648953451e+01
1.892991337673923624e+01
1.920408352170346689e+01
1.894307222152929526e+01
1.913562624264947232e+01
1.913716669976818707e+01
1.905417362527178327e+01
1.915670928030270304e+01
1.905543689091208037e+01
1.939139956133767484e+01
1.921698841435287264e+01
1.911815562178581374e+01
1.905148829375359298e+01
1.876553755972675930e+01
1.897752835210323852e+01
1.931640491037079954e+01
1.896053076565748086e+01
1.942844565512007549e+01
1.906096768164041322e+01
1.925135911543198475e+01
1.905522087771122841e+01
1.926648496020911949e+01
1.934859805413023537e+01
1.936606557868518408e+01
1.949270188156634376e+01
1.922869465559963231e+01
1.935188512346499579e+01
1.953708793434286761e+01
1.922034539493004246e+01
1.884201292537345296e+01
1.950271403184617114e+01
1.947987158547605446e+01
1.946709257761753165e+01
1.910599125647485153e+01
1.916089905190512965e+01
1.884945690713501421e+01
1.859618740173450036e+01
1.946310244360232389e+01
1.900579322939495697e+01
1.933691792720521363e+01
1.886136557860955065e+01
1.947057932737216035e+01
1.956229489860177395e+01
1.953496784818564436e+01
1.893742637505830473e+01
1.894045799411821207e+01
1.932113088182985194e+01
1.923507551605713672e+01
1.938846655019589349e+01
1.935349634396160212e+01
1.911735239087371951e+01
1.929980084113947569e+01
1.895842405776236106e+01
1.972922069188657446e+01
1.909967837868356355e+01
1.937320822583804159e+01
1.905745456194989629e+01
1.909805680935735950e+01
1.967653676614475700e+01
1.893539725114811390e+01
1.876625128991467406e+01
1.914210525756907089e+01
1.997861405193869544e+01
1.919541416582469751e+01
1.903023532694401965e+01
1.948202446637484897e+01
2.001526664569808034e+01
1.861185382203596461e+01
1.888329367203677833e+01
1.933077752134121496e+01
1.939002204169793231e+01
1.889497074948044997e+01
1.920055510460062109e+01
1.976210640568201526e+01
1.931497495136601827e+01
1.940836260250301493e+01
1.943362170133624289e+01
1.922893681238378250e+01
1.926809220358983765e+01
1.942586054698721298e+01
1.859707032527166959e+01
1.930668325478792369e+01
1.905396219374319955e+01
1.906129736356091442e+01
1.940066528345426278e+01
1.926352042206168846e+01
1.880791777762131289e+01
1.960183198509639624e+01
1.952705076900084080e+01
1.863541587991172932e+01
1.907796977996802923e+01
1.915554808754358973e+01
1.934878164908878162e+01
1.934452332564401189e+01
1.868632537928791137e+01
1.933593317652163890e+01
1.899292863143904597e+01
1.904714151851072401e+01
1.948661271854825117e+01
1.924973997566902639e+01
1.917565028615058154e+01
1.902085764440225546e+01
1.922126205379207420e+01
1.891858526446250011e+01
1.904275107628247099e+01
1.890920910368148000e+01
1.903155716889328275e+01
1.946309929627762259e+01
1.906804918534669824e+01
1.937430578831125061e+01
1.945112879102385151e+01
1.950831137414210659e+01
1.921377277016400242e+01
1.927523331110563376e+01
1.905890121220755873e+01
1.911775813269226276e+01
1.912650878164998147e+01
1.933714038885584685e+01
1.955489142995117646e+01
1.903998003114853077e+01
1.954472268572720139e+01
1.916931744421675887e+01
1.911227709275757647e+01
1.952391944278591041e+01
1.907661600164369986e+01
1.924748104607526855e+01
1.920310379870933204e+01
1.943190609086849818e+01
1.951187350888064032e+01
1.919259520637715966e+01
1.933324070433976516e+01
1.897211077638695897e+01
1.962079503117794843e+01
1.929861768417665147e+01
1.916656424267653591e+01
1.927497700639599287e+01
1.961227209897202073e+01
1.895200291836293616e+01
1.927637276746210304e+01
1.917775037197261412e+01
1.963845554140523575e+01
1.921137479817481974e+01
1.884435708132638609e+01
1.927594329034593201e+01
1.929690765139191555e+01
1.941032076324139766e+01
1.873099807159374564e+01
1.899988677035659279e+01
1.954121657567182879e+01
1.918679710214579615e+01
1.898397213979600906e+01
1.902577873732964875e+01
1.931647805185982136e+01
1.928196114693665564e+01
1.949746628925761982e+01
1.872889414882630987e+01
1.899001739515009746e+01
1.873225931216751761e+01
1.920750091226945244e+01
1.938496166489348482e+01
1.921035188789780435e+01
1.988958799940920130e+01
1.898540790419388813e+01
1.903859179324596695e+01
1.944300598251906820e+01
1.949878229402603225e+01
1.964022257370794122e+01
1.999325459625899271e+01
1.911867891186138735e+01
1.944373511854636760e+01
1.914578395045722914e+01
1.898597453057949025e+01
1.899623005765657879e+01
1.943540925962203403e+01
1.966683844972437356e+01
1.924634214846095048e+01
1.876893730474269617e+01
1.951029150077060947e+01
1.961120093368119655e+01
1.897923116372997754e+01
1.944937929951449007e+01
1.901707893550243256e+01
1.960997255121341709e+01
1.947798511881576644e+01
1.934924609198400347e+01
1.924973820453617179e+01
1.910588465883229148e+01
1.861120391174014088e+01
1.940537181010544643e+01
1.941046622760504192e+01
1.933374368646234132e+01
1.947598759277293823e+01
1.951415663367741260e+01
1.966758011762545877e+01
1.938515424065048265e+01
1.939644570027932602e+01
1.965439546973148666e+01
1.924536399878102344e+01
1.942401808636379812e+01
1.945885207022852370e+01
1.944152774239505277e+01
1.934619483186630973e+01
1.896568093524074783e+01
1.948701705283021468e+01
1.936459971208751085e+01
1.936126430251039920e+01
1.946529372790396906e+01
1.893643225638689032e+01
1.961358489688424456e+01
1.945933891332364496e+01
1.879436792454537652e+01
1.917007758902608572e+01
1.919337819091357034e+01
1.942402157895264025e+01
1.912823292401694886e+01
1.936377487739319392e+01
1.898854456099876131e+01
1.950215079376569705e+01
1.892545897971567115e+01
1.909584080916093285e+01
1.910320917346698621e+01
1.905302980801403123e+01
1.913717820412260906e+01
1.920052448109838750e+01
1.906977332939567660e+01
1.906428670136442349e+01
1.906814415362976334e+01
1.918920434528097019e+01
1.918648853816326749e+01
1.943377523512855731e+01
1.925263292638161516e+01
1.942853522918939646e+01
1.923314636029319402e+01
1.894946484123491004e+01
1.906895664424935788e+01
1.898349013682025088e+01
1.879701779468547329e+01
1.931807413960122943e+01
1.891065023559282210e+01
1.937060462075316991e+01
1.917602947467447549e+01
1.905625316886532161e+01
1.943203361345177171e+01
1.882947027679091789e+01
1.891068761902983297e+01
1.977373507867705626e+01
1.966567390266975224e+01
1.882697877723885327e+01
1.951284799173287610e+01
1.928853941032831187e+01
1.911025005700462387e+01
1.908986805439415235e+01
1.929658778966020094e+01
1.904174334731625962e+01
1.925550668485974271e+01
1.925140769435431309e+01
1.975607287834127135e+01
1.925568923531062282e+01
1.895695206159773250e+01
1.964101638555759521e+01
1.916242389562308901e+01
1.913328798746273662e+01
1.921676678293834684e+01
1.902791546442080417e+01
1.910605242949794658e+01
1.890551822171427077e+01
1.891662831905723152e+01
1.944630317012826737e+01
1.946054590814762264e+01
1.936462988925277173e+01
1.941042233049677534e+01
1.929660086109151607e+01
1.884161282391599457e+01
1.875243445381779495e+01
1.938859495172598457e+01
1.927578566853831887e+01
1.916111444822139731e+01
1.917582023745555020e+01
1.943940643083650954e+01
1.903532140907883630e+01
1.947032066466084643e+01
1.904689207949127550e+01
1.887810147708245267e+01
1.936868125380165395e+01
1.930312973600857518e+01
1.924446673629105220e+01
1.917182839106678216e+01
1.911250313853525284e+01
1.917371021526801655e+01
1.943461830589438577e+01
1.907829588270590193e+01
1.916375678744619293e+01
1.951999099651305514e+01
1.907561260452833096e+01
1.897569105534887868e+01
1.904273363942865771e+01
1.932656141815405348e+01
1.943675301168477887e+01
1.895688119370764468e+01
1.974812415777927299e+01
1.917951971695005042e+01
1.908009432567935804e+01
1.918740680011711675e+01
1.939999779594829832e+01
1.924156318587801096e+01
1.961814743865304678e+01
1.964077857950718098e+01
1.935541415555194789e+01
1.942622875241001523e+01
1.911560595032110754e+01
1.943458990144653242e+01
1.902713714333604855e+01
1.926921908456163024e+01
1.908487293268893836e+01
1.944728773221964602e+01
1.925057959757724646e+01
1.914404488958061279e+01
1.871999634796352652e+01
1.934081298995576503e+01
1.907744226033547719e+01
1.903413723390368517e+01
1.918594674515520282e+01
1.875851937197874975e+01
1.884864556407077174e+01
1.929914915870084613e+01
1.925957951555049164e+01
1.936403687956204678e+01
1.897884673485653551e+01
1.856010877464158781e+01
1.888016448955783488e+01
1.907754081379623301e+01
1.934780654999243055e+01
1.916284504416272938e+01
1.952526448456299235e+01
1.945578130313783660e+01
1.879023775304642285e+01
1.931378780790735661e+01
1.983016514955508924e+01
1.922671881937759153e+01
1.911685804010597067e+01
1.929847664577255983e+01
1.953333647170476794e+01
1.920839084191830537e+01
1.903251882558656050e+01
1.920048240285578700e+01
1.979094712169929693e+01
1.952907615896756255e+01
1.931693000472801458e+01
1.973819829504445877e+01
1.920844024804382144e+01
1.904717078129195329e+01
1.936051654461750005e+01
1.952828667898197779e+01
1.888078628355620125e+01
1.880185790583822580e+01
1.972226168259334500e+01
1.930421082857141712e+01
1.937834613370317882e+01
1.889969585431800780e+01
1.907722714150797216e+01
1.986087571836566923e+01
1.895697564625507070e+01
1.887299153595896684e+01
1.930694662147501717e+01
1.900394825186110381e+01
1.902872130565392084e+01
1.963281484761213136e+01
1.908585817708598498e+01
1.907156465262396239e+01
1.904937792349857872e+01
1.924104967308459990e+01
1.917695880671277919e+01
1.964924908109568591e+01
1.943576569127650799e+01
1.932086750785547835e+01
1.929529800661859795e+01
1.912805552418553390e+01
1.914911181961388209e+01
1.921885052744899269e+01
1.942129339460027282e+01
1.939800529642675642e+01
1.896400833760552018e+01
1.917503318066486528e+01
1.915733713973898489e+01
1.955504606690497837e+01
1.942308819746709148e+01
1.888835642887707067e+01
1.903282426241293379e+01
1.922627373252331395e+01
1.937544789296513414e+01
1.944607562345142071e+01
1.924297230362493849e+01
1.939479214984604383e+01
1.925063844122230705e+01
1.900441430016243061e+01
1.968495136489880792e+01
1.943743058309621219e+01
1.887132834844185325e+01
1.952270543463818697e+01
1.903339447986384414e+01
1.934962546335130540e+01
1.921838780659264501e+01
1.958075435516093421e+01
1.893276116547270860e+01
1.902061827518330972e+01
1.908061028405837689e+01
1.935910955058841409e+01
1.932556101219914524e+01
1.924843689680518466e+01
1.896446604523761792e+01
1.911085870906238071e+01
1.903825120114358427e+01
1.929893850515377807e+01
1.889959344078944170e+01
1.955553549878358766e+01
1.940606088240317462e+01
1.896209329222732265e+01
1.924794165245829447e+01
1.948629887677200401e+01
1.910319212113201104e+01
1.857029615768540509e+01
1.966242239818857840e+01
1.889189022683021335e+01
1.926525682130683848e+01
1.960121796858222609e+01
1.914218035938692708e+01
1.969629332228184992e+01
1.934029246242927158e+01
1.928343687526021810e+01
1.920161027296801848e+01
1.926684026809514805e+01
1.956289262799633022e+01
1.938226432875570993e+01
1.906408191040331346e+01
1.937816552187815944e+01
1.903436630951248532e+01
1.901391991153158401e+01
1.974712869919009250e+01
1.935703337234400934e+01
1.959667795480133634e+01
1.955318493059585094e+01
1.956427426908505041e+01
1.944765923679792863e+01
1.969806172236975783e+01
1.977565484067726587e+01
1.989793214947781053e+01
1.963033867722723258e+01
1.964799549487741714e+01
1.933100472858662044e+01
1.920875199037354619e+01
1.921682337739921209e+01
1.928137422764365283e+01
1.930859692734552979e+01
1.919118396168085994e+01
1.944138634021311063e+01
1.934735327653674730e+01
1.923053112541569121e+01
1.935340243416010608e+01
1.903088006808943433e+01
1.865264085928417259e+01
1.972620369142245522e+01
1.924860718554897332e+01
1.904046261790474404e+01
1.914073194418980961e+01
1.944650860930823200e+01
1.875587044594587027e+01
1.928310642268586861e+01
1.930669141706859548e+01
1.901619196433529169e+01
1.875464089755386254e+01
1.934024366205541412e+01
1.925045746793788837e+01
1.897487446706634273e+01
1.920975263153756529e+01
1.895267392672142748e+01
1.906696679419679796e+01
1.940893837214949613e+01
1.903268782701196571e+01
1.985364460142095311e+01
1.940570664545490587e+01
1.940916437457455501e+01
1.922428350136649655e+01
1.916381732075123878e+01
1.915118976795984551e+01
1.903647680003323828e+01
1.950586310134087853e+01
1.943190143794299729e+01
1.904538774181873251e+01
1.906149878016831778e+01
1.908444370957446523e+01
1.901370616823439974e+01
1.963604048726189433e+01
1.881502933515262299e+01
1.921809585626804662e+01
1.917389004005859832e+01
1.955910269791969469e+01
1.939536721458052781e+01
1.886604849313427579e+01
1.941959629192126258e+01
1.939287205582135343e+01
1.919285391366153704e+01
