1.927425443586783160e+01
1.902638554565767137e+01
1.930722066859399888e+01
1.835945872762508913e+01
1.786564929535942525e+01
1.841463070495752774e+01
1.966858124737803237e+01
2.098673495886210461e+01
1.949116491722197253e+01
1.985720275551786784e+01
1.985882232713498752e+01
2.014364080660961065e+01
1.893499108642779660e+01
1.815925769433290782e+01
1.924956119620458850e+01
1.892503470047502390e+01
1.969024057897482649e+01
1.911475737691666410e+01
1.880239332604676505e+01
2.017666809433032782e+01
1.890208072970651898e+01
1.925209105289915357e+01
1.946855746795714381e+01
1.912519175307600605e+01
1.944522310923247588e+01
1.922071976413969452e+01
1.949230609142787429e+01
1.910760604183614930e+01
1.885748904253388858e+01
1.952603842075734164e+01
1.947270304987176459e+01
1.966577003696597004e+01
1.889591284133124915e+01
2.006903749199218367e+01
1.950012369123729528e+01
1.931975894308366648e+01
1.896690310217661235e+01
1.929056128084295807e+01
1.878480806890344468e+01
1.879644790034921087e+01
1.895649759298860104e+01
1.945869746157765690e+01
1.885329055231431994e+01
1.901176360289532496e+01
1.895439977350879346e+01
1.986588488562560784e+01
1.940084220258821546e+01
1.963430675133060532e+01
1.897327204516544086e+01
1.906290496209271268e+01
1.939423267441229370e+01
1.961949859470949065e+01
1.879661270390061034e+01
1.993306901781045681e+01
1.860783772191739516e+01
2.004670234687099750e+01
1.875130944163839430e+01
1.995445331553700541e+01
1.971758532028459499e+01
1.985300532115285321e+01
2.012390235683596984e+01
1.885574150942172977e+01
1.914521430786214395e+01
1.863826845801244403e+01
1.981482722391707796e+01
1.993397690954160595e+01
1.949914967854796544e+01
1.935142083282992687e+01
1.903219839556874504e+01
1.898418493904448212e+01
1.936029647430371980e+01
1.858661435030608544e+01
1.990512932595731144e+01
1.854764827451441178e+01
1.903898575472858212e+01
1.907382212210313455e+01
1.854851093702293952e+01
2.045871191759063379e+01
1.779265066695881714e+01
1.935599095018730509e+01
1.911618899006123584e+01
1.915551028419969271e+01
2.036835374422252443e+01
1.912525939099211314e+01
1.853899371413883301e+01
2.087097668403491824e+01
1.903682921250429416e+01
1.952300872000466470e+01
1.946245168172595541e+01
2.053501409011944290e+01
1.932883910234777858e+01
1.948405591120038949e+01
1.849246589548040376e+01
1.890296550691071786e+01
1.872264061461216755e+01
1.986902972285296087e+01
1.983729789451108516e+01
1.937740321631464724e+01
2.040425862662100087e+01
1.815750498912630206e+01
1.914373122289391205e+01
1.966210320627468633e+01
1.855449205127627721e+01
2.001553704464416583e+01
2.049535672201774972e+01
1.983922643460006441e+01
1.973317015680182251e+01
1.896206430745534988e+01
1.896288280752577649e+01
1.957570068763966020e+01
1.928783475026243366e+01
1.920779455985658402e+01
2.088904201412885442e+01
1.893171154330380546e+01
1.954614751982334298e+01
1.967801849739073461e+01
2.034189801316357560e+01
1.817574204499499047e+01
1.928205607904807550e+01
1.871382602633206815e+01
1.977992058863176084e+01
1.934945364062656381e+01
1.967962539484675943e+01
1.848884444897493751e+01
1.991391864358848451e+01
1.834340349930075220e+01
1.891411198724939169e+01
1.834971094859164609e+01
2.009944924708585390e+01
1.957412386381495750e+01
1.830160415239160443e+01
1.942431218282787242e+01
1.921749475089270121e+01
1.979098603404968060e+01
1.943236257890334429e+01
1.944591311153220303e+01
1.985642618635230150e+01
1.830910972434462280e+01
1.854177155529579579e+01
1.900193509566152628e+01
1.941651030300515401e+01
1.834405403464502271e+01
1.974746737356013426e+01
1.943516673231891190e+01
1.924164721140205359e+01
1.869007441588748364e+01
1.924254460508559106e+01
2.006050911871872344e+01
1.895259747094244673e+01
1.984238906833382643e+01
1.979422535846406817e+01
1.902653941127553239e+01
1.911951408011247366e+01
1.942933432032077690e+01
2.052829133718111621e+01
1.848688413079202775e+01
1.904882862742309868e+01
1.926213871505749609e+01
1.849537218562149476e+01
1.822753744376667839e+01
1.962013995630938368e+01
1.942346091101376615e+01
1.956873619900230565e+01
1.826907839764643171e+01
1.923481530203813605e+01
1.916815131312052145e+01
1.806436639627236218e+01
1.853798500224327128e+01
1.981187770059895215e+01
1.936732360793454077e+01
1.937084635832574619e+01
2.020324035891041703e+01
1.949766528027567247e+01
1.969210267217690102e+01
1.859740570466283671e+01
1.935113091492250703e+01
2.036849648320295714e+01
1.866205744833447611e+01
1.862844948769375719e+01
1.864757654064726111e+01
2.002956555186210252e+01
1.853171109673393957e+01
1.891774979760646858e+01
1.896728501546882484e+01
1.967254518497388460e+01
1.915979489569123118e+01
1.996007375427974750e+01
1.967164352818952366e+01
1.947341340896690909e+01
1.869991519346210040e+01
1.963187598769358644e+01
1.850264752257868395e+01
1.986611437894899623e+01
1.895023894564531020e+01
1.824300578540486129e+01
1.915540560284330951e+01
1.995534475115050199e+01
1.900228886502829440e+01
1.890706204360763820e+01
2.003086138663321591e+01
1.998676029731749182e+01
1.960743465792548079e+01
1.950322462888669861e+01
1.913553355273618450e+01
1.904767626994219043e+01
1.901589971921173827e+01
1.868092953305051296e+01
2.038329894301748624e+01
1.830495854284581014e+01
1.947076332601383442e+01
1.998874467500987961e+01
1.889826204425882139e+01
1.905764977070484534e+01
1.982329474696477689e+01
1.954670404286464702e+01
1.791771097086399323e+01
1.880938420677456335e+01
1.921204102171848760e+01
1.923313285684135820e+01
1.932422833702985088e+01
1.882919415144634812e+01
1.938010340586310676e+01
1.914757367675114352e+01
1.909456144336060035e+01
1.936297514008677823e+01
1.882451264398765289e+01
1.937909073724251385e+01
2.051819848702510640e+01
1.834630649924958234e+01
1.880955865690208739e+01
1.941236063023416136e+01
1.843595625826049655e+01
1.980941810106550705e+01
1.836221577124198845e+01
1.987987789349904233e+01
1.927873431374113977e+01
1.964556126409413039e+01
1.850540194425953899e+01
1.927238774461271831e+01
1.940825249689817866e+01
1.971446879508107131e+01
1.941044558021578226e+01
1.866708411755276131e+01
1.938513993000654878e+01
2.017755577812751611e+01
1.861302670555126326e+01
1.972018990988220821e+01
1.869152062836256079e+01
1.993791408163244583e+01
1.976741719224616389e+01
1.894973169875336438e+01
1.874767431484877989e+01
1.842279966613028108e+01
1.968450313786583905e+01
1.896949010180474104e+01
1.898800317843873486e+01
1.957563043984168161e+01
1.921473198061583432e+01
1.934198119557664342e+01
1.884544766877506561e+01
1.933402463536054583e+01
1.999505025095737309e+01
1.933836135184325400e+01
1.907812154945018435e+01
2.029427296337422248e+01
1.962987950499091028e+01
1.969102690761529573e+01
1.851295961332792928e+01
1.977683149272468555e+01
1.889194031498971427e+01
1.857524854849966900e+01
1.882704619817383573e+01
1.891779884859850469e+01
1.921147488407705595e+01
1.956060667357324334e+01
1.925829164503074153e+01
1.978780698699164731e+01
1.797632159825070985e+01
2.004771253846321244e+01
1.946377981630971732e+01
1.952073731255035938e+01
1.843253114291779582e+01
2.011072733905995946e+01
1.963768649543287381e+01
2.014045856470652751e+01
1.936353715617534732e+01
1.947910300282443430e+01
1.740017774872957546e+01
1.902182689238941649e+01
1.826928509469648176e+01
1.971536221332353378e+01
1.899818158803789103e+01
1.956575857471905877e+01
2.016299845383668554e+01
1.937068822955938785e+01
1.956495633076508156e+01
1.884269271985128213e+01
1.896624692900202191e+01
2.019132455614629151e+01
1.908266406292748130e+01
1.962133932134215542e+01
1.910705625269675778e+01
1.886212276207340111e+01
1.887789384742985632e+01
1.855013655912284776e+01
1.957701766913486807e+01
1.984979895184763166e+01
1.922698671174351404e+01
1.958697003882480914e+01
1.999989367513483174e+01
1.909100671210696376e+01
1.959955897799776636e+01
1.857110487414860955e+01
1.951961178797599672e+01
1.841364442478355201e+01
1.879301603303883539e+01
2.057650157108361100e+01
1.872340864332296206e+01
1.885518648713937040e+01
1.950619694104348767e+01
1.943917322603377684e+01
1.877058285269013282e+01
1.887712748749929048e+01
1.908279468471092599e+01
1.971724763588780149e+01
1.900858952317796735e+01
1.861380175856597319e+01
1.923108332998358350e+01
1.992969356442833018e+01
1.912103642442426832e+01
1.907975947905320169e+01
1.954310838263088357e+01
1.953285584898216243e+01
1.866484262248505743e+01
2.021108355696990344e+01
1.962228975198375025e+01
2.011252818028978240e+01
2.067164714511516266e+01
1.944644324830365179e+01
1.749988618838688126e+01
1.855635272779333533e+01
1.843720600633853834e+01
2.070476373161671901e+01
1.771713112516970057e+01
1.974166868876725900e+01
1.941976789972907724e+01
1.862765533729188050e+01
2.046664059969476313e+01
2.060033085369810735e+01
1.936852793475297574e+01
1.947382855970986881e+01
1.953262233879270227e+01
1.876214930871895703e+01
1.920939857696277642e+01
1.819741764901363013e+01
1.916628820207541750e+01
2.033095087048090122e+01
1.974860215383134587e+01
2.008875615487117727e+01
1.834471323347832694e+01
1.908707401202572385e+01
1.967542480276526362e+01
1.783907607902793302e+01
1.899346853901952770e+01
1.880938736160227265e+01
1.914253997628427584e+01
1.929101526650929443e+01
1.958308080540799523e+01
1.983219306496700440e+01
1.990085727361954682e+01
1.833960913896168066e+01
1.916577000927512131e+01
1.869992658359211291e+01
1.879045502769797338e+01
1.907624995486825625e+01
1.895207740896009696e+01
2.044889533190050201e+01
1.907872736431356842e+01
1.939911768760997646e+01
1.996266652357284244e+01
1.985663508889591000e+01
1.977716328937531998e+01
1.840024627794277379e+01
2.075565369491095069e+01
1.938114141830196502e+01
1.986077040657028547e+01
1.915083361604022372e+01
1.945020801927046605e+01
1.938067860479936044e+01
1.868937477855592633e+01
1.904480915867616631e+01
1.932702635139547453e+01
1.965770450295747906e+01
1.878352296263214782e+01
1.846293814639947328e+01
1.877113459763942060e+01
1.933871943323046239e+01
1.983966801056764595e+01
1.909575395659163988e+01
1.924592226192209665e+01
1.828952038911654299e+01
1.876661136408046460e+01
2.055173967895976972e+01
1.968032971013350263e+01
1.919846425838171200e+01
1.934771647408532758e+01
1.939990547141172428e+01
1.826873153505609082e+01
1.911189701480943626e+01
1.888860246730107306e+01
1.917300044205995491e+01
2.028573657739415026e+01
1.870861009473710723e+01
1.895677850907117801e+01
1.867850316026632740e+01
1.920189578101045313e+01
1.863583972357198348e+01
1.861982210642269564e+01
1.895129522482114837e+01
1.933974765356859749e+01
1.861605466321865521e+01
1.925727656696853174e+01
1.944354429056908273e+01
1.888352426750479296e+01
1.954758613142069734e+01
1.917864387321398212e+01
1.894635415003275369e+01
1.848728728883201100e+01
1.846692557183816774e+01
1.876573796576214193e+01
1.848986769117627915e+01
1.886193458791301936e+01
1.896300024843931809e+01
1.861100235138479064e+01
1.904554041907707429e+01
1.886896064934582284e+01
1.792929750693256352e+01
1.869527705372266269e+01
2.051321943296747818e+01
1.909051908345066551e+01
1.983850277432007303e+01
1.984731905197189050e+01
1.969611832570805987e+01
1.955779955285643368e+01
1.995288752390329989e+01
1.962305015044607970e+01
1.923291207708430051e+01
1.948630523901629630e+01
1.983914647993061919e+01
1.936085144490666821e+01
1.950497962919441619e+01
1.948130600680709179e+01
2.013717595603804966e+01
1.876264874764729740e+01
1.961754373807173124e+01
1.935187024483643725e+01
1.855882911969091964e+01
1.778242884996949158e+01
1.898976434744592723e+01
2.007164779696006107e+01
1.883915353534794690e+01
1.942919834002579549e+01
1.819113021467640934e+01
1.900315596630505510e+01
1.838956854603143753e+01
1.842559090853390202e+01
2.073858572228740016e+01
1.879157041160429031e+01
1.957083619685232279e+01
1.962327661326867201e+01
1.895591568393861337e+01
1.911281974918608384e+01
1.881542619633392022e+01
2.019385729332282864e+01
1.824330590465233115e+01
1.929114581999707667e+01
1.958190576923628257e+01
1.845533908975098214e+01
1.840105352409423034e+01
1.918187769712550406e+01
2.059106636085066455e+01
1.950541107526538198e+01
1.924380259057550191e+01
1.782939294934595509e+01
1.867924605441267616e+01
1.881670280261101880e+01
1.899338755265035417e+01
1.838886581833691380e+01
2.032395540133707001e+01
1.946918769760497980e+01
1.952673388903112794e+01
1.965636365367262073e+01
1.911144475031516876e+01
2.002853649516034196e+01
2.066323547750167933e+01
