1.636757645754251556e+01
1.655263541900351143e+01
1.581830509689520881e+01
1.590141206325828627e+01
1.581701058597380261e+01
1.635017211884477106e+01
1.633866413833322184e+01
1.615219331453577212e+01
1.571417311655542193e+01
1.615003539903885255e+01
1.646023354450156262e+01
1.612264674991273949e+01
1.603624559512057601e+01
1.575956818499242296e+01
1.636214159458518935e+01
1.612516214637859235e+01
1.638971745502651345e+01
1.618297829277515021e+01
1.643619709609744106e+01
1.589119470154716041e+01
1.624290640547534892e+01
1.659207656953230980e+01
1.608140872141435196e+01
1.610175940357676083e+01
1.652958732349479121e+01
1.690991087414718663e+01
1.630545356028554593e+01
1.645604275994619670e+01
1.607105657669710297e+01
1.590701912486621339e+01
1.633379308072845504e+01
1.631675412837906336e+01
1.658930151475404458e+01
1.600453593223991788e+01
1.633499014378832825e+01
1.612127634386547825e+01
1.597095697988845053e+01
1.657375608598696104e+01
1.649705166808833212e+01
1.614575157815340845e+01
1.641244529724968615e+01
1.596673033834061251e+01
1.578072878042787863e+01
1.609382752522855498e+01
1.640169386203623603e+01
1.631122222741368688e+01
1.625965423275077626e+01
1.637078558667703732e+01
1.621740728968310208e+01
1.619687468520808693e+01
1.599696455977980314e+01
1.610253358924126488e+01
1.680353008444796359e+01
1.659247886155381480e+01
1.594450818794019220e+01
1.633580424165517186e+01
1.628649127114531581e+01
1.612926950756153488e+01
1.667669863242236516e+01
1.616258093946528618e+01
1.628748342240792013e+01
1.617167867132975800e+01
1.594289575455887942e+01
1.611559873869506987e+01
1.665912377377572184e+01
1.592318717376310033e+01
1.625599870874043518e+01
1.603865908922029959e+01
1.620544290250327890e+01
1.598409555758510869e+01
1.634690770521049785e+01
1.619581926920754711e+01
1.621459000111409665e+01
1.616961190417871563e+01
1.622336466742873284e+01
1.633096944207258616e+01
1.612433064956825035e+01
1.634523149927993302e+01
1.596923270131984118e+01
1.641284463999633303e+01
1.631419795701085462e+01
1.612937473417443712e+01
1.642062351613303761e+01
1.641237202778105697e+01
1.611648153301664266e+01
1.533004313924115714e+01
1.621461893779245855e+01
1.622100564939793443e+01
1.645043522855760187e+01
1.621777903994008341e+01
1.599213885511406197e+01
1.609349090688896311e+01
1.635283348077075516e+01
1.606716741427221251e+01
1.640531349366322544e+01
1.636791114446559448e+01
1.660897060852677498e+01
1.633736973917668678e+01
1.563373780049653661e+01
1.641635364919003948e+01
1.560646020086950791e+01
1.608398007215146208e+01
1.625917649161310763e+01
1.657181893663994288e+01
1.644610132108310196e+01
1.613378903425229538e+01
1.617375461703148432e+01
1.649483419090853431e+01
1.627005023600445810e+01
1.631651236239013514e+01
1.650923297189585526e+01
1.660908396302075829e+01
1.648344132189717470e+01
1.631413702533385646e+01
1.609701096599568970e+01
1.614031269671474789e+01
1.632060041431349262e+01
1.634736128122270671e+01
1.613749473473349028e+01
1.618138013012805843e+01
1.639156017223531947e+01
1.645605301748860327e+01
1.631707617941733801e+01
1.629312801614498696e+01
1.638251170898587006e+01
1.652643755231129319e+01
1.597687475118426015e+01
1.693685308360954522e+01
1.667190730851750047e+01
1.618725411797034042e+01
1.618140522642087120e+01
1.615980067458288261e+01
1.644279000098978827e+01
1.613722285051665040e+01
1.655236003902336961e+01
1.625686129373893962e+01
1.627915740856806437e+01
1.647330744967744565e+01
1.621605341028541503e+01
1.657135958064533199e+01
1.609357415092001276e+01
1.593787048584003685e+01
1.604425054315474597e+01
1.647530944552972798e+01
1.622859940490743114e+01
1.593587768839571162e+01
1.639587795819791083e+01
1.605682932251705708e+01
1.604473097315248253e+01
1.586306612482555956e+01
1.622991232031017006e+01
1.654423071794540689e+01
1.602422484923410195e+01
1.651987630057896439e+01
1.668668056783812759e+01
1.673771430272717353e+01
1.610253761900019143e+01
1.606564077407124458e+01
1.624846288091350033e+01
1.649349956873629353e+01
1.639061242736670465e+01
1.632734712549063971e+01
1.594997586479483331e+01
1.626655668011113320e+01
1.629340460855064521e+01
1.612035695378353495e+01
1.637619951608072810e+01
1.626856163499836683e+01
1.683491963279982784e+01
1.623700468733827407e+01
1.661774420351044768e+01
1.646808511651778417e+01
1.644733852720785094e+01
1.646227480659402787e+01
1.599855745718562616e+01
1.611046559289189162e+01
1.599506220826726377e+01
1.602283620386262797e+01
1.634679208592620014e+01
1.627278333281147482e+01
1.630089787250948419e+01
1.617048124106232621e+01
1.603482235457023464e+01
1.631723180473915846e+01
1.577807705279272277e+01
1.652137616734691150e+01
1.602248264232116526e+01
1.631448848666900275e+01
1.661816217130755291e+01
1.659749976786266856e+01
1.578115600469741331e+01
1.652006148913928030e+01
1.668495472762712240e+01
1.627869651090244574e+01
1.633493990546034880e+01
1.661191466184943621e+01
1.646702795759420823e+01
1.604402020931909334e+01
1.617651900146709920e+01
1.598433520771242655e+01
1.593488075831630191e+01
1.600734102402894266e+01
1.613086922916413357e+01
1.626629291716758274e+01
1.654927064441005413e+01
1.625306944379962104e+01
1.594169140288139097e+01
1.626279488805743867e+01
1.610333924931892469e+01
1.660380477013113065e+01
1.608611939967682858e+01
1.655565818703783521e+01
1.609097381228156820e+01
1.631193585101167542e+01
1.615627726883408144e+01
1.616772357114406233e+01
1.623823595656017460e+01
1.619361322244346013e+01
1.613878808977120372e+01
1.624050303058114508e+01
1.632410541591486108e+01
1.618200993020315792e+01
1.639820577180111272e+01
1.681048644998195840e+01
1.632686896878083971e+01
1.590629291689233149e+01
1.623268130672299137e+01
1.607885709119090123e+01
1.615003060184812611e+01
1.570001039616394500e+01
1.623488002679202680e+01
1.619681854266920595e+01
1.643180552719544352e+01
1.623409020982410667e+01
1.644057186172051033e+01
1.629052643835133907e+01
1.632306971056951639e+01
1.633448643928434407e+01
1.639789168489297211e+01
1.657241808352421941e+01
1.644086215029386722e+01
1.675720974345676240e+01
1.667026034407507495e+01
1.614535217973375936e+01
1.605523250499925680e+01
1.645757534376986797e+01
1.595309276301627577e+01
1.664473065765678328e+01
1.573581632154456855e+01
1.610468664761860680e+01
1.582972622625976378e+01
1.570103095485310263e+01
1.619092303274812039e+01
1.606314961555709431e+01
1.561493291918630355e+01
1.654599972649036133e+01
1.630691303038403817e+01
1.654331250614137261e+01
1.608294508679972168e+01
1.641226250641622642e+01
1.570962293294364898e+01
1.626277343758940575e+01
1.609019872662037542e+01
1.623366787826580904e+01
1.578183980915443207e+01
1.632514471802625877e+01
1.622386452947286983e+01
1.658361756610290172e+01
1.627117869616101231e+01
1.619113211162611776e+01
1.638727312743873910e+01
1.593415073170598362e+01
1.627191972182475865e+01
1.576509836045621604e+01
1.588413415298051490e+01
1.611755517864136777e+01
1.617522362121605539e+01
1.611935969701262295e+01
1.632807160793919365e+01
1.612857689010773043e+01
1.642143597762609986e+01
1.610544288456453188e+01
1.655473874351827490e+01
1.612149125822678286e+01
1.610491175331781832e+01
1.584503256162058982e+01
1.646808810584039406e+01
1.644057644626736092e+01
1.623805759987331498e+01
1.620552650390921556e+01
1.628857045847463070e+01
1.606413663429998451e+01
1.660396580988810555e+01
1.643234185657995283e+01
1.592825505723729052e+01
1.616025852743593205e+01
1.646703443722776683e+01
1.632526705915610066e+01
1.650991514542599248e+01
1.599047971836760063e+01
1.611819396242796287e+01
1.646810057409213712e+01
1.633104331998091752e+01
1.618235384729999282e+01
1.616758739746625295e+01
1.668673873480111070e+01
1.666250739789863999e+01
1.621457366799432620e+01
1.628531942122059917e+01
1.655145821414251373e+01
1.625326547841453717e+01
1.669170077819752862e+01
1.614840644083964705e+01
1.651986768968891539e+01
1.605176177915652147e+01
1.651207578479968063e+01
1.666331021840922588e+01
1.660810914771762725e+01
1.682448944928200163e+01
1.583291060016598983e+01
1.599824091819552763e+01
1.639273673627345573e+01
1.624590173724308428e+01
1.649583266051512709e+01
1.662736657391900508e+01
1.641158406374427869e+01
1.662929303843974438e+01
1.598435098545420452e+01
1.619425070772657094e+01
1.630425040397890513e+01
1.637229358082996811e+01
1.656407745026015377e+01
1.604081643808435231e+01
1.617837189916827612e+01
1.614806877457825252e+01
1.653267061606011268e+01
1.582777425325446607e+01
1.657084285293575476e+01
1.613104156007528189e+01
1.633504264394980154e+01
1.634967028937140299e+01
1.642792208783093955e+01
1.582993897681446782e+01
1.633576250108525585e+01
1.641451026256924806e+01
1.634449040012679433e+01
1.637566611301919295e+01
1.650621296778222202e+01
1.638870335958982238e+01
1.598818408112828138e+01
1.607253364436848386e+01
1.608747957338123058e+01
1.592545217061135254e+01
1.655031686847429384e+01
1.637173121242950558e+01
1.618595340430819718e+01
1.617540278704634460e+01
1.653024710593658853e+01
1.633686166727072475e+01
1.577125864721386783e+01
1.622310711920625081e+01
1.599796350734723482e+01
1.646667459450261006e+01
1.635014949409015017e+01
1.650748265715829888e+01
1.647671792445562389e+01
1.635400230264969679e+01
1.629841034333562177e+01
1.623044810943013516e+01
1.621209112881920689e+01
1.600426256333587816e+01
1.640441137823642137e+01
1.607187786101939864e+01
1.630558637039334613e+01
1.642923698597903837e+01
1.587943873858529287e+01
1.644180469595729832e+01
1.616203272081232001e+01
1.632767840126576431e+01
1.620708909406977583e+01
1.617207697996689930e+01
1.655127011272754345e+01
1.639649017395455743e+01
1.640789367913484398e+01
1.620951796686434676e+01
1.632718892774882491e+01
1.627637741777489566e+01
1.648962981058921429e+01
1.629641686082051777e+01
1.636858811418737858e+01
1.612968100415562844e+01
1.597046977589517702e+01
1.596283110607417655e+01
1.580562937754219455e+01
1.625433402465294819e+01
1.629722799898649299e+01
1.612243358913174163e+01
1.627926013853788234e+01
1.639155742115443104e+01
1.671548236503424434e+01
1.647798939880806302e+01
1.631543857651130836e+01
1.631786344133671207e+01
1.657401077449752691e+01
1.657109141854370549e+01
1.637382568706080477e+01
1.643870622677974680e+01
1.670945348799813246e+01
1.648672055715025664e+01
1.609628146501581725e+01
1.664163930000677283e+01
1.608256877115325167e+01
1.646720662737506302e+01
1.642289722888994064e+01
1.622762507798848119e+01
1.657696409996208686e+01
1.594906542092249424e+01
1.623229804863451520e+01
1.597074873555021135e+01
1.602811074908653666e+01
1.645877847695627949e+01
1.609151229414337791e+01
1.620343504439654225e+01
1.636307007834481553e+01
1.645624500846143690e+01
1.612636710122513861e+01
1.599513706244706768e+01
1.592325256312085280e+01
1.592006976305168386e+01
1.609698120051906756e+01
1.640647531756428279e+01
1.655178885751389473e+01
1.602737142331123721e+01
1.567252273670498930e+01
1.624281358462307878e+01
1.648953998135467103e+01
1.642563142151361077e+01
1.666576079869896887e+01
1.636428648393274443e+01
1.635875640867302394e+01
1.623627647689679065e+01
1.604129003154497113e+01
1.630092000883554704e+01
1.627021164183720714e+01
1.667341393545499173e+01
1.678338480078442529e+01
1.661585827167077767e+01
1.621801121436783788e+01
1.613199397341420038e+01
1.626265731693579397e+01
1.657632917533912220e+01
1.647498614423008689e+01
1.629780449356425009e+01
1.633308448321592721e+01
1.631217210187129396e+01
1.616043774730447424e+01
1.644701432376864147e+01
1.625942161421580323e+01
1.584348015910687124e+01
1.612861150957099454e+01
1.591732012005857655e+01
1.616882493283027955e+01
1.667959241892479128e+01
1.610454802207906866e+01
1.605137742217005936e+01
1.629212981555216899e+01
1.647846261631593734e+01
1.601740773222005743e+01
1.646227281123949382e+01
1.669666812872939943e+01
1.635485598306956945e+01
1.613079956207263876e+01
1.654377797518327142e+01
1.657699432836981757e+01
1.609614064052990656e+01
1.584561395107975557e+01
1.632382961684140099e+01
1.623435731837250984e+01
1.626704015202657772e+01
1.644681214508590372e+01
1.633872217255079562e+01
1.618634042021939834e+01
1.599597375863626958e+01
1.665289076280452107e+01
1.625610525901264580e+01
1.595392736725191618e+01
1.676424544415884554e+01
1.649848887564416700e+01
1.669343321708811700e+01
1.653156176643018327e+01
1.593793467986145629e+01
1.656826288717847007e+01
1.616625682718914092e+01
1.591547563748438954e+01
1.646299190726306705e+01
1.628166545554448419e+01
1.660328981862542008e+01
1.629504290909448017e+01
1.655483330486666560e+01
1.643491001167589616e+01
1.609359788733007690e+01
1.652609566980985534e+01
1.614551946758032486e+01
1.628975437099958157e+01
1.651800724401119780e+01
1.599311699834951384e+01
1.620757946191916332e+01
1.626087469959036014e+01
1.612228452233868126e+01
1.631397041335065978e+01
1.614767284987051355e+01
1.678307295006719002e+01
1.609176892283614535e+01
1.609326688630403979e+01
1.660743692459278620e+01
1.590699657579041215e+01
1.611629195269433978e+01
1.592586048867894988e+01
1.602986572236568463e+01
1.632176149734301163e+01
1.583748202514840031e+01
1.603509857992820287e+01
1.599131366144093391e+01
1.654338284667614900e+01
1.644257693305052470e+01
1.583009520408828408e+01
1.631752952527534717e+01
1.652469130316650947e+01
1.638795286556027264e+01
1.650264344222211932e+01
1.642114033171959520e+01
1.652989983133376839e+01
1.644484475776622290e+01
1.630258333584875530e+01
1.628430396610540143e+01
1.615661109131869821e+01
1.622537115853110024e+01
1.612535431499791017e+01
1.627448616500139522e+01
1.616506718837194256e+01
1.588889724132801184e+01
1.662093965668559647e+01
1.629694912389610550e+01
1.604742412220321413e+01
1.660448769254660206e+01
1.634351878404924108e+01
1.603636055789932158e+01
1.643129699902077334e+01
1.667715135517892122e+01
1.613583318857468285e+01
1.601604737015698987e+01
1.624106408542781921e+01
1.593946516723964812e+01
1.634024420944827227e+01
1.632772656908476350e+01
1.627917854881061643e+01
1.644822934847836748e+01
1.607254615169830458e+01
1.669867814238575932e+01
1.646665305938523360e+01
1.617611088353119442e+01
1.657576255225700024e+01
1.648558712704393514e+01
1.668945527406260609e+01
1.654992578273448700e+01
1.614134744457432546e+01
1.623995917598713135e+01
1.634939727520577790e+01
1.624841641773301859e+01
1.612272690547629850e+01
1.601814283248775084e+01
1.659608128329518095e+01
1.563192770184866731e+01
1.633807009605243366e+01
1.638289020038590138e+01
1.606821363556166915e+01
1.654782283125944886e+01
1.614773636052377981e+01
1.616639587337063588e+01
1.604069768029057741e+01
1.620988117073502011e+01
1.661925282722929964e+01
1.656923269114718167e+01
1.575387464303002893e+01
1.607800524554698640e+01
1.640041450053791650e+01
1.623702130193407100e+01
1.638186931584494133e+01
1.614055488551853657e+01
1.612083009918653431e+01
1.629910299197296908e+01
1.621798000393862438e+01
1.571954787825592170e+01
1.612807375933465437e+01
1.570954770598089567e+01
1.616019529072929828e+01
1.606572583413220912e+01
1.653462903077745239e+01
1.628529152735223562e+01
1.641581062339411190e+01
1.601929559635522438e+01
1.631605184636408623e+01
1.615681194802959197e+01
1.595380933177154681e+01
1.670321725135502788e+01
1.651998270032416727e+01
1.606229763613768924e+01
1.631540659808966254e+01
1.598023071564053765e+01
1.647863457424919176e+01
1.652779162141722580e+01
1.636218613017653212e+01
1.655698208416176698e+01
1.659102883166808340e+01
1.609909025876633137e+01
1.626791224910326150e+01
1.611711622139018374e+01
1.664485415232561394e+01
1.641866356209733979e+01
1.617158977490229432e+01
1.626101792596155704e+01
1.586183035702785382e+01
1.590196658366245686e+01
1.612630917588067092e+01
1.624581586794938914e+01
1.635163963593641512e+01
1.652856285083688093e+01
1.633251277548649227e+01
1.630932975019020148e+01
1.627294339894277542e+01
1.609916729812911029e+01
1.641836010121645373e+01
1.591446923632661559e+01
1.662590723373668311e+01
1.611342495762154670e+01
1.625177454655302967e+01
1.589607759728278680e+01
1.618144727105440595e+01
1.610267607625859654e+01
1.597582931179755938e+01
1.653641757399575241e+01
1.655985872943501391e+01
1.590336859795699631e+01
1.632416513595699570e+01
1.640879525259371619e+01
1.609563720998035663e+01
1.595752389037240349e+01
1.580047136266080088e+01
1.604798021736750258e+01
1.598981347401722353e+01
1.638194717112936516e+01
1.621148433709625536e+01
1.652209961190315823e+01
1.618633131049761076e+01
1.609303530264449833e+01
1.605212866711687880e+01
1.625442207149708906e+01
1.613526267342608733e+01
1.619682675992572740e+01
1.624292057060800332e+01
1.604942562394802508e+01
1.636245816825454469e+01
1.643034138388745546e+01
1.654209710763275964e+01
1.696183722770171443e+01
1.597477336528512559e+01
1.639184171833127479e+01
1.648461002067840653e+01
1.631892631679740902e+01
1.604372846974619549e+01
1.625550215326746084e+01
1.659481835521233606e+01
1.627900964739095713e+01
1.636750471811180674e+01
1.632799587453645529e+01
1.655794062687828117e+01
1.600825258459178002e+01
1.641187667673434802e+01
1.651311979630548876e+01
1.628036830650940914e+01
1.630965321306288018e+01
1.623763845464690547e+01
1.658073757955673599e+01
1.625597621058105346e+01
1.633786925043655813e+01
1.616856098325680335e+01
1.654303358099339150e+01
1.604355861585355569e+01
1.634661937148531052e+01
1.610077962638923310e+01
1.588502870384462895e+01
1.617127190917071644e+01
1.619179967022996891e+01
1.675360779473585993e+01
1.583535664084607042e+01
1.639800432907544092e+01
1.624709551159464027e+01
1.635958136141024610e+01
1.624410067606167374e+01
1.570382201214507667e+01
1.582270284247027270e+01
1.649181605216925206e+01
1.597143317698586706e+01
1.632964065333801784e+01
1.602583976186330972e+01
1.611756763341892906e+01
1.613787161553537075e+01
1.631877555886074305e+01
1.632715494799384004e+01
1.589196679040404092e+01
1.636364509716062088e+01
1.577183585135456667e+01
1.622484707969298512e+01
1.679802366880734610e+01
1.634683301674128231e+01
1.624964711162919784e+01
1.682712608127078724e+01
1.615089788890315958e+01
1.587843131126010476e+01
1.633974119130067493e+01
1.653573072984528736e+01
1.624632290388438349e+01
1.673021469387298055e+01
1.627383867882122104e+01
1.597633602165256228e+01
1.578421603396857265e+01
1.637147112005369465e+01
1.602351434154175180e+01
1.644907654763269989e+01
1.581139729226156732e+01
1.637896160290409142e+01
1.623330225117527803e+01
1.657551130479675905e+01
1.591163028163448878e+01
1.614843158782770161e+01
1.606220644393447827e+01
1.619180537773670636e+01
1.596069784157644023e+01
1.653308278172589496e+01
1.623201668551198651e+01
1.626408593164266136e+01
1.642865137369548023e+01
1.614398742969725475e+01
1.672660586914743064e+01
1.598612469755406629e+01
1.655395661871642687e+01
1.646898600687997671e+01
1.667233679093692800e+01
1.620187474842448339e+01
1.615032644802485962e+01
1.643572819614561453e+01
1.691633303273399491e+01
1.639062933166758285e+01
1.638980797827794333e+01
1.627908868657442909e+01
1.663017806808622367e+01
1.593183696916200098e+01
1.607609949966180096e+01
1.638606842039670752e+01
1.653614645253868431e+01
1.601660513575209066e+01
1.607858444511218821e+01
1.626919104246488246e+01
1.628028020413027832e+01
1.604388249200058070e+01
1.641491245795732468e+01
1.589243621336351353e+01
1.595428736659985347e+01
1.612450440138242769e+01
1.645188825470653526e+01
1.540421181259961614e+01
1.620833839205343097e+01
1.638239394570545215e+01
1.652659747066134344e+01
1.586092744751213246e+01
1.625912729421959213e+01
1.567130119938162913e+01
1.640013843976573327e+01
1.605950224785570768e+01
1.600286043524459956e+01
1.657646030657093661e+01
1.611585646293250207e+01
1.639184100592031967e+01
1.628799966014622669e+01
1.566901225531902853e+01
1.580081835112551936e+01
1.617347840960555416e+01
1.636617809425606751e+01
1.639915901083273653e+01
1.624093062585838254e+01
1.632073392244675958e+01
1.586224928591922279e+01
1.610386508578740106e+01
1.624145492705339677e+01
1.623009928497535981e+01
1.618404318168391498e+01
1.624950975908960515e+01
1.642013002864350213e+01
1.632806961036787285e+01
1.623418108072264232e+01
1.631067485323498190e+01
1.595378936733464137e+01
1.635148150329511196e+01
1.612906995121159781e+01
1.618361504950495089e+01
1.627703154757161386e+01
1.641906028157962183e+01
1.669848762258152775e+01
1.661119620545228415e+01
1.611594911890076531e+01
1.629983870391561140e+01
1.632056648852934799e+01
1.626905474483809755e+01
1.616584423177475571e+01
1.655917323781018524e+01
1.587775635456144485e+01
1.622022108089743142e+01
1.623937745626503926e+01
1.638822933473884191e+01
1.654379756751987074e+01
1.653541642148537605e+01
1.637405041775894432e+01
1.651686793263643338e+01
1.640742228624601751e+01
1.600327980718607535e+01
1.605734990689999364e+01
1.641217783992279777e+01
1.641746538840538960e+01
1.654473263712033670e+01
1.618659104909005464e+01
1.635205036225656272e+01
1.590269719095015688e+01
1.619780033724727275e+01
1.652710451829517524e+01
1.660185656732226889e+01
1.661461760757725514e+01
1.616655493660966414e+01
1.653942345152831805e+01
1.626363833316935725e+01
1.648633593816911969e+01
1.662503061901848156e+01
1.630522138921971020e+01
1.606550726834414888e+01
1.628940253381563963e+01
1.613367146316908318e+01
1.632598591201250926e+01
1.648045429008177720e+01
1.601793205413118670e+01
1.643253265956184350e+01
1.636472518599384429e+01
1.636497638728326365e+01
1.616885923625413568e+01
1.649947816696199254e+01
1.649934171768918389e+01
1.633826343532184211e+01
1.659506797580245774e+01
1.624208229427852856e+01
1.629249300079720442e+01
1.623032990862308722e+01
1.612099049124034167e+01
1.637317398075545682e+01
1.618816000341391614e+01
1.629538738154451494e+01
1.632219248518479304e+01
1.625025415711321486e+01
1.650637967746759571e+01
1.606927456181362857e+01
1.630338465759011513e+01
1.663118868244998794e+01
1.621251616596727629e+01
1.630272108168039580e+01
1.623244681346558593e+01
1.669395191634493969e+01
1.642142945545523958e+01
1.584713903518045619e+01
1.646392020175921189e+01
1.635071181890122460e+01
1.608143691471455483e+01
1.626247237703897142e+01
1.657111546989311890e+01
1.633541984600588037e+01
1.639227326709806576e+01
1.628024870669420920e+01
1.609539721750964603e+01
1.636323449970000965e+01
1.624209245358440157e+01
1.632601279720858045e+01
1.625929362502214559e+01
1.646199691524309827e+01
1.658182507573536668e+01
1.588428941175214604e+01
1.621050013426128800e+01
1.641279514223734637e+01
1.637750165506566447e+01
1.610984741947293841e+01
1.618738163384983508e+01
1.624190412963126917e+01
1.610315687263048900e+01
1.665098967251107354e+01
1.618459027542023065e+01
1.611732446164840127e+01
1.584658631613601187e+01
1.628671673195848157e+01
1.641768227487365550e+01
1.641726005399983990e+01
1.611832789294768631e+01
1.619173682063443920e+01
1.605292373690140195e+01
1.611505970345634964e+01
1.610504373538809730e+01
1.633061914838542350e+01
1.686350758264130079e+01
1.668081778839036389e+01
1.634022575186963877e+01
1.655264249638173624e+01
1.599958894768027307e+01
1.573823492912844557e+01
1.680931355935228666e+01
1.587571336212012518e+01
1.694336563430806919e+01
1.605486383851425103e+01
1.639788343443949969e+01
1.651118131137879175e+01
1.606057701307836538e+01
1.623744012759535593e+01
1.610110075656550421e+01
1.626461201708011828e+01
