1.621083199999999991e+01
1.653502399999999994e+01
1.611456000000000088e+01
1.619393600000000077e+01
1.614430400000000176e+01
1.639246400000000037e+01
1.638753600000000077e+01
1.625377599999999845e+01
1.605084799999999845e+01
1.627190399999999926e+01
1.648627199999999959e+01
1.594524799999999942e+01
1.637609600000000043e+01
1.631678399999999840e+01
1.612371200000000115e+01
1.591708799999999968e+01
1.584316800000000036e+01
1.631819199999999981e+01
1.625588799999999878e+01
1.649894400000000161e+01
1.594507199999999969e+01
1.611684800000000095e+01
1.616753599999999835e+01
1.635831999999999908e+01
1.599047999999999981e+01
1.605735999999999919e+01
1.635550399999999982e+01
1.630745599999999840e+01
1.612670400000000015e+01
1.634036800000000156e+01
1.616841600000000057e+01
1.633156800000000075e+01
1.646603199999999845e+01
1.647764799999999852e+01
1.601775999999999911e+01
1.646814399999999878e+01
1.618601599999999863e+01
1.628316799999999986e+01
1.599470400000000048e+01
1.612969599999999915e+01
1.612336000000000169e+01
1.664449600000000018e+01
1.630692799999999920e+01
1.618319999999999936e+01
1.630393600000000021e+01
1.626310399999999845e+01
1.609660799999999981e+01
1.615398400000000123e+01
1.614588799999999935e+01
1.649067200000000000e+01
1.624796800000000019e+01
1.660823999999999856e+01
1.642871999999999844e+01
1.631115199999999987e+01
1.638577599999999990e+01
1.614606399999999908e+01
1.615222400000000036e+01
1.587871999999999950e+01
1.607249600000000100e+01
1.641499200000000158e+01
1.646955200000000019e+01
1.620467199999999863e+01
1.608587199999999839e+01
1.632100799999999907e+01
1.635216000000000136e+01
1.623212799999999945e+01
1.643681600000000032e+01
1.626222399999999979e+01
1.640513599999999883e+01
1.650985599999999920e+01
1.640267199999999903e+01
1.595070399999999999e+01
1.664995199999999897e+01
1.633385600000000082e+01
1.621523200000000031e+01
1.618425600000000131e+01
1.620467199999999863e+01
1.621452800000000138e+01
1.590775999999999968e+01
1.573721600000000009e+01
1.618971200000000010e+01
1.641587200000000024e+01
1.635849599999999882e+01
1.643487999999999971e+01
1.610276800000000108e+01
1.615961599999999976e+01
1.608411200000000107e+01
1.639105599999999896e+01
1.667476800000000026e+01
1.616049599999999842e+01
1.620713599999999843e+01
1.617756800000000084e+01
1.624180799999999891e+01
1.622315199999999891e+01
1.653432000000000102e+01
1.611596799999999874e+01
1.608815999999999846e+01
1.607830399999999926e+01
1.645036800000000099e+01
1.586780800000000013e+01
1.610417599999999894e+01
1.631713600000000142e+01
1.589790400000000048e+01
1.610505600000000115e+01
1.624040000000000106e+01
1.655086400000000069e+01
1.610611199999999954e+01
1.619587200000000138e+01
1.640988799999999870e+01
1.631167999999999907e+01
1.609537600000000168e+01
1.654347200000000129e+01
1.647817600000000127e+01
1.618812799999999896e+01
1.637345600000000090e+01
1.640935999999999950e+01
1.629319999999999879e+01
1.617158399999999929e+01
1.625606399999999852e+01
1.623705599999999905e+01
1.630833600000000061e+01
1.617950400000000144e+01
1.611192000000000135e+01
1.623899199999999965e+01
1.619235199999999963e+01
1.618672000000000111e+01
1.640408000000000044e+01
1.633966399999999908e+01
1.641252799999999823e+01
1.635321599999999975e+01
1.637081600000000137e+01
1.611156799999999834e+01
1.630516799999999833e+01
1.621892799999999824e+01
1.634142399999999995e+01
1.611948800000000048e+01
1.629390400000000128e+01
1.648996800000000107e+01
1.621382399999999890e+01
1.620713599999999843e+01
1.643769599999999897e+01
1.649524800000000013e+01
1.628351999999999933e+01
1.626468799999999959e+01
1.623423999999999978e+01
1.637556800000000123e+01
1.612635200000000069e+01
1.623054399999999831e+01
1.639651200000000131e+01
1.631291200000000075e+01
1.650791999999999859e+01
1.627348800000000040e+01
1.644719999999999871e+01
1.619323199999999829e+01
1.634177599999999941e+01
1.617739200000000110e+01
1.595334399999999953e+01
1.643276799999999938e+01
1.603483200000000153e+01
1.621857599999999877e+01
1.626380800000000093e+01
1.611438400000000115e+01
1.637785600000000130e+01
1.617651199999999889e+01
1.602374400000000065e+01
1.626838400000000107e+01
1.620942399999999850e+01
1.626152000000000086e+01
1.598801600000000001e+01
1.602550400000000153e+01
1.661721599999999910e+01
1.607126399999999933e+01
1.606739200000000167e+01
1.600403199999999870e+01
1.647360000000000113e+01
1.641182399999999930e+01
1.629601600000000161e+01
1.632998399999999961e+01
1.637257599999999869e+01
1.580303999999999931e+01
1.660313599999999923e+01
1.614536000000000016e+01
1.620924799999999877e+01
1.638595199999999963e+01
1.602039999999999864e+01
1.621452800000000138e+01
1.596108800000000016e+01
1.668673599999999979e+01
1.617598399999999970e+01
1.648064000000000107e+01
1.629319999999999879e+01
1.605313599999999852e+01
1.628686400000000134e+01
1.591831999999999958e+01
1.637679999999999936e+01
1.622632000000000119e+01
1.624849599999999938e+01
1.623300800000000166e+01
1.636518399999999929e+01
1.651777600000000135e+01
1.639791999999999916e+01
1.597340799999999916e+01
1.620871999999999957e+01
1.653449600000000075e+01
1.626152000000000086e+01
1.628246400000000094e+01
1.651531200000000155e+01
1.611755199999999988e+01
1.609748799999999846e+01
1.614430400000000176e+01
1.632699200000000062e+01
1.632787199999999928e+01
1.621171199999999857e+01
1.642995200000000011e+01
1.635849599999999882e+01
1.617211199999999849e+01
1.644931199999999905e+01
1.606721599999999839e+01
1.656001600000000096e+01
1.601828799999999831e+01
1.633420800000000028e+01
1.660612799999999822e+01
1.621294400000000024e+01
1.667952000000000012e+01
1.645529600000000059e+01
1.628686400000000134e+01
1.601001600000000025e+01
1.665611200000000025e+01
1.624603199999999958e+01
1.616894399999999976e+01
1.633596800000000115e+01
1.611807999999999907e+01
1.614870399999999862e+01
1.633684799999999981e+01
1.590670399999999951e+01
1.615011200000000002e+01
1.671348800000000168e+01
1.639475200000000044e+01
1.597112000000000087e+01
1.671718399999999960e+01
1.638542400000000043e+01
1.622948799999999991e+01
1.619076799999999849e+01
1.596795200000000037e+01
1.620625599999999977e+01
1.600895999999999830e+01
1.614483200000000096e+01
1.642449600000000132e+01
1.616647999999999996e+01
1.638260800000000117e+01
1.633139200000000102e+01
1.605419200000000046e+01
1.615046399999999949e+01
1.643628800000000112e+01
1.616560000000000130e+01
1.645705600000000146e+01
1.647201599999999999e+01
1.614465600000000123e+01
1.646409600000000140e+01
1.648345600000000033e+01
1.656001600000000096e+01
1.624568000000000012e+01
1.612212800000000001e+01
1.626785599999999832e+01
1.624180799999999891e+01
1.662214399999999870e+01
1.593081600000000009e+01
1.633632000000000062e+01
1.617316800000000043e+01
1.575516799999999940e+01
1.625975999999999999e+01
1.625958400000000026e+01
1.602427199999999985e+01
1.600561599999999984e+01
1.603500800000000126e+01
1.627647999999999939e+01
1.639316799999999930e+01
1.617404799999999909e+01
1.627278400000000147e+01
1.621083199999999991e+01
1.620678399999999897e+01
1.604855999999999838e+01
1.618654400000000138e+01
1.668902399999999986e+01
1.638419199999999876e+01
1.647800000000000153e+01
1.615697600000000023e+01
1.624831999999999965e+01
1.622015999999999991e+01
1.602919999999999945e+01
1.622667200000000065e+01
1.602779200000000159e+01
1.690233599999999825e+01
1.625201600000000113e+01
1.593028799999999912e+01
1.611156799999999834e+01
1.607267200000000074e+01
1.647201599999999999e+01
1.616735999999999862e+01
1.632628800000000169e+01
1.627366400000000013e+01
1.622702400000000011e+01
1.642555199999999971e+01
1.621787199999999984e+01
1.599188799999999944e+01
1.598027199999999937e+01
1.627331200000000067e+01
1.614799999999999969e+01
1.617756800000000084e+01
1.610329600000000028e+01
1.623089600000000132e+01
1.635374399999999895e+01
1.633156800000000075e+01
1.654470399999999941e+01
1.638876799999999889e+01
1.613761600000000129e+01
1.610030400000000128e+01
1.636307199999999895e+01
1.607372799999999913e+01
1.620784000000000091e+01
1.636095999999999862e+01
1.644244799999999884e+01
1.615310399999999902e+01
1.618091199999999930e+01
1.651795200000000108e+01
1.624532800000000066e+01
1.618372799999999856e+01
1.607531200000000027e+01
1.668585600000000113e+01
1.626873600000000053e+01
1.641499200000000158e+01
1.634670399999999901e+01
1.625148799999999838e+01
1.624744000000000099e+01
1.637222399999999922e+01
1.648363200000000006e+01
1.626679999999999993e+01
1.664836800000000139e+01
1.647518399999999872e+01
1.639844799999999836e+01
1.630217599999999933e+01
1.645811199999999985e+01
1.647817600000000127e+01
1.659046400000000077e+01
1.656388799999999861e+01
1.604521599999999992e+01
1.646339199999999892e+01
1.615979199999999949e+01
1.628281600000000040e+01
1.636483199999999982e+01
1.621787199999999984e+01
1.639844799999999836e+01
1.619446399999999997e+01
1.609519999999999840e+01
1.621083199999999991e+01
1.614289600000000036e+01
1.615697600000000023e+01
1.615838400000000163e+01
1.644508799999999837e+01
1.626767999999999859e+01
1.602304000000000173e+01
1.622561599999999871e+01
1.622227200000000025e+01
1.649243200000000087e+01
1.632311999999999941e+01
1.633526399999999867e+01
1.618196800000000124e+01
1.604785599999999945e+01
1.594894399999999912e+01
1.642977600000000038e+01
1.616296000000000177e+01
1.644561600000000112e+01
1.616331200000000123e+01
1.599558399999999914e+01
1.665734399999999837e+01
1.613603200000000015e+01
1.639316799999999930e+01
1.618091199999999930e+01
1.594718400000000003e+01
1.621540800000000004e+01
1.643716799999999978e+01
1.639915200000000084e+01
1.628211200000000147e+01
1.640302399999999849e+01
1.639281599999999983e+01
1.635198400000000163e+01
1.617563200000000023e+01
1.595774399999999993e+01
1.633614400000000089e+01
1.617528000000000077e+01
1.631590399999999974e+01
1.639299199999999956e+01
1.635884799999999828e+01
1.599488000000000021e+01
1.649419200000000174e+01
1.628774400000000000e+01
1.637398400000000009e+01
1.619235199999999963e+01
1.654259199999999908e+01
1.632910400000000095e+01
1.638436799999999849e+01
1.616947199999999896e+01
1.622174400000000105e+01
1.635198400000000163e+01
1.627454399999999879e+01
1.632030400000000014e+01
1.607583999999999946e+01
1.608921600000000041e+01
1.610417599999999894e+01
1.657920000000000016e+01
1.643435200000000052e+01
1.630587200000000081e+01
1.654611200000000082e+01
1.630340800000000101e+01
1.649084799999999973e+01
1.584880000000000067e+01
1.630235199999999907e+01
1.612635200000000069e+01
1.649841599999999886e+01
1.648556800000000067e+01
1.600191999999999837e+01
1.639615999999999829e+01
1.644403199999999998e+01
1.641129600000000011e+01
1.628791999999999973e+01
1.618672000000000111e+01
1.641112000000000037e+01
1.610294400000000081e+01
1.649823999999999913e+01
1.628035200000000060e+01
1.599840000000000018e+01
1.620273600000000158e+01
1.650140800000000141e+01
1.618566399999999916e+01
1.618478400000000050e+01
1.618936000000000064e+01
1.620115200000000044e+01
1.649436800000000147e+01
1.632206400000000102e+01
1.635127999999999915e+01
1.617915199999999842e+01
1.600631999999999877e+01
1.608376000000000161e+01
1.612511999999999901e+01
1.594401599999999952e+01
1.627841600000000000e+01
1.635955200000000076e+01
1.591761600000000065e+01
1.607689600000000141e+01
1.654417600000000022e+01
1.641798400000000058e+01
1.633209599999999995e+01
1.623916799999999938e+01
1.616225599999999929e+01
1.603835199999999972e+01
1.628545599999999993e+01
1.606387199999999993e+01
1.619675200000000004e+01
1.617545600000000050e+01
1.619939199999999957e+01
1.655104000000000042e+01
1.633297599999999861e+01
1.664343999999999824e+01
1.653836799999999840e+01
1.622456000000000031e+01
1.629777599999999893e+01
1.622332799999999864e+01
1.616824000000000083e+01
1.626310399999999845e+01
1.633790400000000176e+01
1.655895999999999901e+01
1.631520000000000081e+01
1.634600000000000009e+01
1.643083199999999877e+01
1.656529600000000002e+01
1.616683199999999943e+01
1.626328000000000173e+01
1.607619199999999893e+01
1.596478399999999986e+01
1.598132799999999953e+01
1.600262400000000085e+01
1.646550399999999925e+01
1.608411200000000107e+01
1.628422399999999826e+01
1.638771200000000050e+01
1.626187200000000033e+01
1.630692799999999920e+01
1.612300799999999867e+01
1.641516800000000131e+01
1.658641599999999983e+01
1.669958400000000154e+01
1.633719999999999928e+01
1.605454399999999993e+01
1.629073599999999900e+01
1.642871999999999844e+01
1.607443200000000161e+01
1.602356800000000092e+01
1.620942399999999850e+01
1.649577599999999933e+01
1.605648000000000053e+01
1.646955200000000019e+01
1.624568000000000012e+01
1.634582400000000035e+01
1.622702400000000011e+01
1.623054399999999831e+01
1.625641600000000153e+01
1.639140799999999842e+01
1.640566400000000158e+01
1.663868799999999837e+01
1.659345599999999976e+01
1.641675199999999890e+01
1.637785600000000130e+01
1.638700800000000157e+01
1.649278400000000033e+01
1.606950399999999846e+01
1.642502400000000051e+01
1.604591999999999885e+01
1.599329600000000084e+01
1.598836799999999947e+01
1.612529599999999874e+01
1.624655999999999878e+01
1.636606400000000150e+01
1.602163200000000032e+01
1.643787199999999871e+01
1.619463999999999970e+01
1.615591999999999828e+01
1.646743999999999986e+01
1.600174399999999864e+01
1.611702400000000068e+01
1.627278400000000147e+01
1.646163200000000160e+01
1.619393600000000077e+01
1.629408000000000101e+01
1.629636800000000108e+01
1.660208000000000084e+01
1.613638399999999962e+01
1.609291199999999833e+01
1.629126400000000174e+01
1.588223999999999947e+01
1.629425600000000074e+01
1.624356799999999978e+01
1.605824000000000140e+01
1.608164800000000128e+01
1.616507199999999855e+01
1.642097599999999957e+01
1.583559999999999945e+01
1.596302400000000077e+01
1.633596800000000115e+01
1.643030399999999958e+01
1.631238400000000155e+01
1.614430400000000176e+01
1.661140800000000084e+01
1.657057599999999908e+01
1.620185599999999937e+01
1.623160000000000025e+01
1.667758399999999952e+01
1.647993599999999859e+01
1.606545600000000107e+01
1.629073599999999900e+01
1.608851200000000148e+01
1.628281600000000040e+01
1.621734400000000065e+01
1.601599999999999824e+01
1.663939200000000085e+01
1.647518399999999872e+01
1.621664000000000172e+01
1.621892799999999824e+01
1.638577599999999990e+01
1.602603200000000072e+01
1.617668799999999862e+01
1.629337599999999853e+01
1.605454399999999993e+01
1.617193599999999876e+01
1.599452800000000074e+01
1.647782399999999825e+01
1.640830400000000111e+01
1.622139200000000159e+01
1.628528000000000020e+01
1.649507200000000040e+01
1.631132799999999961e+01
1.614694400000000130e+01
1.661299199999999843e+01
1.641199999999999903e+01
1.651566400000000101e+01
1.635444800000000143e+01
1.651056000000000168e+01
1.619129600000000124e+01
1.650721599999999967e+01
1.653203200000000095e+01
1.636694400000000016e+01
1.613832000000000022e+01
1.610435199999999867e+01
1.603817599999999999e+01
1.631361599999999967e+01
1.653766399999999948e+01
1.592518399999999978e+01
1.644825600000000065e+01
1.630252799999999880e+01
1.602427199999999985e+01
1.652076800000000034e+01
1.602832000000000079e+01
1.604803199999999919e+01
1.612811200000000156e+01
1.635550399999999982e+01
1.603676799999999858e+01
1.617351999999999990e+01
1.633438400000000001e+01
1.627894399999999919e+01
1.609977599999999853e+01
1.629355199999999826e+01
1.637046399999999835e+01
1.613004799999999861e+01
1.619023999999999930e+01
1.634793600000000069e+01
1.602990399999999838e+01
1.623969599999999858e+01
1.600931200000000132e+01
1.588171200000000027e+01
1.658271999999999835e+01
1.636324799999999868e+01
1.618284799999999990e+01
1.623793600000000126e+01
1.595616000000000057e+01
1.590248000000000062e+01
1.651355200000000067e+01
1.623652799999999985e+01
1.625236800000000059e+01
1.625835199999999858e+01
1.623899199999999965e+01
1.661774399999999829e+01
1.607777600000000007e+01
1.634776000000000096e+01
1.658993600000000157e+01
1.629443200000000047e+01
1.599030400000000007e+01
1.626451199999999986e+01
1.610452799999999840e+01
1.609924799999999934e+01
1.614905600000000163e+01
1.654382400000000075e+01
1.606211199999999906e+01
1.620449599999999890e+01
1.624638399999999905e+01
1.637539200000000150e+01
1.645688000000000173e+01
1.610223999999999833e+01
1.652868799999999894e+01
1.616894399999999976e+01
1.622543999999999897e+01
1.620995200000000125e+01
1.647307199999999838e+01
1.617351999999999990e+01
1.654875200000000035e+01
1.616806400000000110e+01
1.626169600000000059e+01
1.603183999999999898e+01
1.645107199999999992e+01
1.628175999999999846e+01
1.614940800000000110e+01
1.614747200000000049e+01
1.650404800000000094e+01
1.596425600000000067e+01
1.614289600000000036e+01
1.629848000000000141e+01
1.610822399999999988e+01
1.616876800000000003e+01
1.610065600000000074e+01
1.627454399999999879e+01
1.651161600000000007e+01
1.639035200000000003e+01
1.645705600000000146e+01
1.630851200000000034e+01
1.659204799999999835e+01
1.647166400000000053e+01
1.653872000000000142e+01
1.628686400000000134e+01
1.637451199999999929e+01
1.652446399999999826e+01
1.612687999999999988e+01
1.619147200000000097e+01
1.624532800000000066e+01
1.629144000000000148e+01
1.630710399999999893e+01
1.634758400000000123e+01
1.645916799999999824e+01
1.634107200000000049e+01
1.663745600000000024e+01
1.606070400000000120e+01
1.614993600000000029e+01
1.654241599999999934e+01
1.622015999999999991e+01
1.628668800000000161e+01
1.610083200000000048e+01
1.640091200000000171e+01
1.638806399999999996e+01
1.636448000000000036e+01
1.641446399999999883e+01
1.644315200000000132e+01
1.639316799999999930e+01
1.609115200000000101e+01
1.636184000000000083e+01
1.605841600000000113e+01
1.624497600000000119e+01
1.614113599999999948e+01
1.649260800000000060e+01
1.631748800000000088e+01
1.620467199999999863e+01
1.610065600000000074e+01
1.620080000000000098e+01
1.599699200000000054e+01
1.675396800000000042e+01
1.577030399999999943e+01
1.617563200000000023e+01
1.633561600000000169e+01
1.620660799999999924e+01
1.634564800000000062e+01
1.615539199999999909e+01
1.597393600000000013e+01
1.639475200000000044e+01
1.624321600000000032e+01
1.639422400000000124e+01
1.637116800000000083e+01
1.641921599999999870e+01
1.603712000000000160e+01
1.648310400000000087e+01
1.605735999999999919e+01
1.619147200000000097e+01
1.625008000000000052e+01
1.617827199999999976e+01
1.656670400000000143e+01
1.617968000000000117e+01
1.599716800000000028e+01
1.644209599999999938e+01
1.601318399999999897e+01
1.593204799999999999e+01
1.629724799999999973e+01
1.650457600000000014e+01
1.645159999999999911e+01
1.639721600000000024e+01
1.622614400000000145e+01
1.643083199999999877e+01
1.625307199999999952e+01
1.621153599999999884e+01
1.644913599999999931e+01
1.633543999999999841e+01
1.606721599999999839e+01
1.663622399999999857e+01
1.642414399999999830e+01
1.600438400000000172e+01
1.636852800000000130e+01
1.669219199999999859e+01
1.614817599999999942e+01
1.618232000000000070e+01
1.606879999999999953e+01
1.617105600000000010e+01
1.616296000000000177e+01
1.592095999999999911e+01
1.617774400000000057e+01
1.640055999999999869e+01
1.630604800000000054e+01
1.634793600000000069e+01
1.643171200000000098e+01
1.678335999999999828e+01
1.606686399999999892e+01
1.623899199999999965e+01
1.646127999999999858e+01
1.634107200000000049e+01
1.614448000000000150e+01
1.632910400000000095e+01
1.652921600000000169e+01
1.628862399999999866e+01
1.599012800000000034e+01
1.637644799999999989e+01
1.625817599999999885e+01
1.599804800000000071e+01
1.616067200000000170e+01
1.615204800000000063e+01
1.628035200000000060e+01
1.634247999999999834e+01
1.647817600000000127e+01
1.634054400000000129e+01
1.623846400000000045e+01
1.635761600000000016e+01
1.586622400000000077e+01
1.594876799999999939e+01
1.630710399999999893e+01
1.634494400000000169e+01
1.580110400000000048e+01
1.608710400000000007e+01
1.666667199999999838e+01
1.588435199999999980e+01
1.627736000000000161e+01
1.620502400000000165e+01
1.586886400000000030e+01
1.588663999999999987e+01
1.622667200000000065e+01
1.661686399999999963e+01
1.645388799999999918e+01
1.655403199999999941e+01
1.617351999999999990e+01
1.639422400000000124e+01
1.637380800000000036e+01
1.623687999999999931e+01
1.638753600000000077e+01
1.622807999999999851e+01
1.631379199999999940e+01
1.622015999999999991e+01
1.656300799999999995e+01
1.645881599999999878e+01
1.630903999999999954e+01
1.638155199999999923e+01
1.601107199999999864e+01
1.641041600000000145e+01
1.619023999999999930e+01
1.610787200000000041e+01
1.608587199999999839e+01
1.641939199999999843e+01
1.619657600000000031e+01
1.645036800000000099e+01
1.611526399999999981e+01
1.637486399999999875e+01
1.620801600000000064e+01
1.626503999999999905e+01
1.586059200000000047e+01
1.639527999999999963e+01
1.591585599999999978e+01
1.612916799999999995e+01
1.660190400000000110e+01
1.608939200000000014e+01
1.660208000000000084e+01
1.618583999999999889e+01
1.625588799999999878e+01
1.629672000000000054e+01
1.641428799999999910e+01
1.667564799999999892e+01
1.635268800000000056e+01
1.643364800000000159e+01
1.606017599999999845e+01
1.614359999999999928e+01
1.607232000000000127e+01
1.615750399999999942e+01
1.645846399999999932e+01
1.634846399999999988e+01
1.615891200000000083e+01
1.612371200000000115e+01
1.619904000000000011e+01
1.633702399999999955e+01
1.631062400000000068e+01
1.633667200000000008e+01
1.580022400000000005e+01
1.642396799999999857e+01
1.637592000000000070e+01
1.633368000000000109e+01
1.656265600000000049e+01
1.634406399999999948e+01
1.625975999999999999e+01
1.642871999999999844e+01
1.626715199999999939e+01
1.639228800000000064e+01
1.631308800000000048e+01
1.643487999999999971e+01
1.647324800000000167e+01
1.630499199999999860e+01
1.625448000000000093e+01
1.632047999999999988e+01
1.650633600000000101e+01
1.623318400000000139e+01
1.646691200000000066e+01
1.616031999999999869e+01
1.621329599999999971e+01
1.612142400000000109e+01
1.636289599999999922e+01
1.627683199999999886e+01
1.627296000000000120e+01
1.640883200000000031e+01
1.656617599999999868e+01
1.617968000000000117e+01
1.648750400000000127e+01
1.611948800000000048e+01
1.656775999999999982e+01
1.619270399999999910e+01
1.625993599999999972e+01
1.628123199999999926e+01
1.620344000000000051e+01
1.622508799999999951e+01
1.620643199999999950e+01
1.658360000000000056e+01
1.640179200000000037e+01
1.602233599999999925e+01
1.607707200000000114e+01
1.621083199999999991e+01
1.617105600000000010e+01
1.611983999999999995e+01
1.612881600000000049e+01
1.632382399999999834e+01
1.626873600000000053e+01
1.641428799999999910e+01
1.609238399999999913e+01
1.631308800000000048e+01
1.631907199999999847e+01
1.632435200000000108e+01
1.601881600000000105e+01
1.623934399999999911e+01
1.637415999999999983e+01
1.604697600000000079e+01
1.631555200000000028e+01
1.607971200000000067e+01
1.634300800000000109e+01
1.620801600000000064e+01
1.629355199999999826e+01
1.632435200000000108e+01
1.607742400000000060e+01
1.611033600000000021e+01
1.641288000000000125e+01
1.648556800000000067e+01
1.665241599999999877e+01
1.626063999999999865e+01
1.616771200000000164e+01
1.614254400000000089e+01
1.622121599999999830e+01
1.626679999999999993e+01
1.579899200000000015e+01
1.627947199999999839e+01
1.651548800000000128e+01
1.649736000000000047e+01
1.630798400000000115e+01
1.639404800000000151e+01
1.607372799999999913e+01
1.623423999999999978e+01
1.666156799999999905e+01
1.620044800000000151e+01
1.590670399999999951e+01
1.683615999999999957e+01
1.624251200000000139e+01
1.653801599999999894e+01
1.627929599999999866e+01
1.624391999999999925e+01
1.618284799999999990e+01
1.642731200000000058e+01
1.626222399999999979e+01
1.603588799999999992e+01
1.644385600000000025e+01
1.621118399999999937e+01
1.614272000000000062e+01
1.658606400000000036e+01
1.597675199999999940e+01
1.633596800000000115e+01
