1.762598165314059173e+01
1.722451759827138673e+01
1.725158302595987081e+01
1.726509600687868939e+01
1.748870178120566266e+01
1.777652754559603565e+01
1.759487905480471426e+01
1.745817634541859320e+01
1.721685503840985021e+01
1.741395538303683566e+01
1.749101745397537044e+01
1.750289548314050947e+01
1.743495214532909898e+01
1.773915731645806559e+01
1.759461638671388073e+01
1.704354423704587873e+01
1.757772766632725236e+01
1.799920971129463965e+01
1.735038838431795227e+01
1.735059325634302496e+01
1.757384415597987015e+01
1.760586152699909235e+01
1.722863949515447146e+01
1.773106806057843343e+01
1.774994056362664807e+01
1.750982686778148789e+01
1.753530114087686798e+01
1.762870243109774648e+01
1.730374931231217417e+01
1.748967458133150998e+01
1.729079167517580373e+01
1.753238150598158640e+01
1.788126629122030309e+01
1.741441463190424344e+01
1.797547435696239759e+01
1.777988434200414858e+01
1.770263463560445061e+01
1.797138910216207464e+01
1.744462458307386754e+01
1.756858546510022023e+01
1.777380309039359219e+01
1.767895021763295560e+01
1.748150457155808013e+01
1.752632668947589067e+01
1.739178004622989349e+01
1.703484165516982074e+01
1.740616275319349526e+01
1.771504980535363316e+01
1.753728771048047719e+01
1.737134989445925726e+01
1.777060475116099880e+01
1.793016247362195514e+01
1.753872619092379992e+01
1.752541696262803228e+01
1.754060890692637287e+01
1.747026343306694685e+01
1.744790751441684051e+01
1.763549386976639255e+01
1.743183315885707785e+01
1.734768795637622318e+01
1.747107863983635667e+01
1.758320865790994247e+01
1.767755431292864188e+01
1.737859012780922541e+01
1.744924864828954725e+01
1.759453917706038695e+01
1.736322967585042676e+01
1.778415885572612254e+01
1.735648308996796274e+01
1.781794363704754147e+01
1.731148016088454966e+01
1.712994056682680366e+01
1.781674360034511295e+01
1.765735429520701416e+01
1.746320777420121573e+01
1.770352011213194388e+01
1.762211430420124003e+01
1.731313960864419954e+01
1.765383548948632608e+01
1.762545011558093222e+01
1.762652172527709382e+01
1.746775244496900825e+01
1.768936141436452658e+01
1.764980552536977143e+01
1.759465602785607530e+01
1.751095051266763747e+01
1.760239286786067225e+01
1.752376594615350669e+01
1.748967253436511271e+01
1.776238923959779825e+01
1.740871699916294091e+01
1.747597335459588308e+01
1.757804963124365472e+01
1.767316371163326494e+01
1.744774415254570954e+01
1.728005189124989727e+01
1.752082710945121491e+01
1.754402319931630316e+01
1.710954858195016115e+01
1.764732110189756042e+01
1.736711485682314660e+01
1.742233523591393407e+01
1.733505231279386649e+01
1.782229809733112091e+01
1.735315239451749747e+01
1.769250733234743933e+01
1.764084321305484693e+01
1.715493337512446459e+01
1.745034004977819109e+01
1.719879264049431100e+01
1.765361089049480725e+01
1.737569806442917297e+01
1.738642940167349593e+01
1.790087462793109196e+01
1.753568304377404630e+01
1.776650762051334809e+01
1.763700516574650834e+01
1.769492504141275901e+01
1.791847017296845124e+01
1.760609966860587861e+01
1.725285433950366709e+01
1.747051911382380496e+01
1.740386623963154733e+01
1.709937652705608713e+01
1.785013927967314018e+01
1.776250239906048378e+01
1.733107598756630097e+01
1.755077024076060965e+01
1.695658201134383702e+01
1.775526441630777086e+01
1.721538890888842133e+01
1.713986930862344593e+01
1.794619191147634396e+01
1.730125647153027302e+01
1.763853807278434260e+01
1.746884379769166884e+01
1.762148754623195401e+01
1.727111279705365732e+01
1.736739468158693001e+01
1.709366986548151957e+01
1.726420581449566782e+01
1.774575704508958651e+01
1.747789857350711529e+01
1.733543023197222510e+01
1.726555239940154607e+01
1.762938503012730962e+01
1.766842859539524113e+01
1.771323613610836389e+01
1.760360390908137163e+01
1.760650892662196654e+01
1.739230097882649417e+01
1.773041475409709022e+01
1.786034916469546729e+01
1.742104615405039070e+01
1.724505624553771099e+01
1.703823762179345636e+01
1.712992815570799721e+01
1.754007464829568619e+01
1.720913592328845354e+01
1.788162081888141586e+01
1.775893294758006391e+01
1.771353542126250957e+01
1.723896491145046994e+01
1.765234987035162462e+01
1.777539423720251222e+01
1.735381523587838259e+01
1.743472510762629568e+01
1.775303615793614043e+01
1.720383264737746387e+01
1.736383454810882654e+01
1.773251959772420960e+01
1.727789422396301333e+01
1.740489150449454314e+01
1.705490998743329101e+01
1.746720364727942609e+01
1.733798930816377393e+01
1.762867260477293030e+01
1.751386870293404385e+01
1.740297466048419395e+01
1.723956869069154862e+01
1.743172361496719702e+01
1.754544129661568164e+01
1.761227766741867384e+01
1.733732101389766811e+01
1.751058983264758950e+01
1.757982408722795498e+01
1.773799682599623395e+01
1.790274142880894104e+01
1.789812014040404264e+01
1.725315187973396647e+01
1.738846278019766345e+01
1.724768317504218373e+01
1.736733149887573546e+01
1.784009998146706266e+01
1.755881972755519982e+01
1.738623767712837775e+01
1.752787721805633581e+01
1.756999301048501394e+01
1.728652774475854059e+01
1.753696950931721688e+01
1.750890793957945135e+01
1.709413650515343974e+01
1.737191317303787486e+01
1.722249009475866544e+01
1.761376915526402698e+01
1.781753936361547730e+01
1.731559064578471663e+01
1.729261950042632634e+01
1.769358298277235519e+01
1.786440236751325727e+01
1.804693217832979357e+01
1.755286393387796195e+01
1.727095983908845866e+01
1.691094408866337062e+01
1.761672188000605033e+01
1.749663616933513666e+01
1.722606880414437214e+01
1.737630637806867284e+01
1.776266258885718941e+01
1.745994203580084658e+01
1.771357917218488964e+01
1.751516867162787605e+01
1.785800878656331747e+01
1.752301362435333587e+01
1.749358848979115066e+01
1.756516077545942878e+01
1.743987008170860875e+01
1.710143746572915902e+01
1.772851090527685614e+01
1.748879053183769372e+01
1.734614161505532337e+01
1.750868455906436338e+01
1.751109088333038954e+01
1.768448529392193080e+01
1.694592410949480410e+01
1.779369204639464286e+01
1.770291068683449964e+01
1.745692249415905195e+01
1.723403982735642259e+01
1.753652542665831859e+01
1.758015497811510741e+01
1.741436986805516085e+01
1.790563625491699895e+01
1.748061088320915957e+01
1.763302461667975152e+01
1.755761087210371230e+01
1.780346493156183740e+01
1.752509218515792000e+01
1.735009251943713338e+01
1.741730533587691454e+01
1.784343133174865415e+01
1.730558198419443272e+01
1.761848518393698981e+01
1.762223206244050999e+01
1.769850781645361693e+01
1.752952168825248691e+01
1.731961423380954912e+01
1.760916775245041777e+01
1.767245420139381551e+01
1.762964536319967834e+01
1.752301150615958747e+01
1.742431022713084943e+01
1.753891641889510922e+01
1.761801129437395375e+01
1.742247775589520842e+01
1.765003692254227019e+01
1.743710556124793598e+01
1.745831441583354859e+01
1.754221935749907146e+01
1.712029533951922033e+01
1.765639584273473517e+01
1.756060716723207449e+01
1.753024799409980616e+01
1.786879281880205639e+01
1.741094483944375781e+01
1.749415020083545969e+01
1.752941455900225165e+01
1.751778830749351101e+01
1.764705622571467103e+01
1.740254394501534918e+01
1.723709633274410180e+01
1.760681494475589659e+01
1.780113382639078523e+01
1.742775488045319321e+01
1.739314414195059300e+01
1.737791463370374956e+01
1.758470329719107283e+01
1.748417256300720624e+01
1.722412698816566845e+01
1.747831144705732953e+01
1.747486104810227658e+01
1.787568462519119805e+01
1.727488867713441323e+01
1.766753018505108486e+01
1.760455028901047214e+01
1.770425826511361578e+01
1.772664755276510817e+01
1.720983127929440570e+01
1.788156787703125872e+01
1.770567440077405053e+01
1.755824570125420436e+01
1.711039948534065047e+01
1.760295002171279677e+01
1.753978192029437722e+01
1.750384736585765921e+01
1.734267217206249256e+01
1.747252666533660914e+01
1.773620980601981856e+01
1.741338385783910780e+01
1.757984044617764852e+01
1.801021206001771446e+01
1.744490683942314391e+01
1.765636446275463811e+01
1.780454832999812353e+01
1.762197842369254275e+01
1.706323214415880329e+01
1.734398087740981254e+01
1.779349035825520176e+01
1.732838602040177278e+01
1.747866071293734080e+01
1.769767550667933875e+01
1.743172939412087530e+01
1.799692391491529619e+01
1.778753031230676029e+01
1.759057979185556420e+01
1.726623489744491380e+01
1.733572908972776005e+01
1.745527737980986061e+01
1.749297041189595348e+01
1.768806928493944497e+01
1.699582057531582180e+01
1.784767014884389269e+01
1.730798350766035298e+01
1.724359470401216754e+01
1.705878829313664014e+01
1.743674448691080059e+01
1.716141986535794217e+01
1.750272334129948604e+01
1.761873852864073697e+01
1.744445819928352037e+01
1.783617053059634117e+01
1.784185780915500530e+01
1.726917963882658924e+01
1.730576367695149997e+01
1.740058016547918740e+01
1.724168477599489790e+01
1.752460477421675122e+01
1.775055464420520934e+01
1.684537026600726506e+01
1.754604691717895548e+01
1.752810560815785124e+01
1.755171509202370572e+01
1.737714861122165644e+01
1.807707455498775317e+01
1.778351694868435828e+01
1.765921487368268217e+01
1.752205741387935944e+01
1.785244020471363058e+01
1.776463834853588253e+01
1.757673189862221363e+01
1.755038529298397521e+01
1.757190670357159235e+01
1.772457432672130295e+01
1.740253428711707429e+01
1.715469830185333322e+01
1.757229880611478379e+01
1.790435807408522706e+01
1.779216474873662790e+01
1.743711014614083155e+01
1.746298044623455681e+01
1.743613400567260285e+01
1.773979954934055669e+01
1.746388903929670988e+01
1.754865836909771915e+01
1.760012792738819343e+01
1.704971361016578868e+01
1.759907936039294185e+01
1.753720790932267803e+01
1.748350149549490240e+01
1.784193913707967027e+01
1.792291557848394845e+01
1.740620878130409466e+01
1.777278931899398984e+01
1.774549697260766834e+01
1.757748025607556386e+01
1.786241087768949143e+01
1.770663867686237225e+01
1.753243350247350563e+01
1.744648751887177340e+01
1.737944566948707603e+01
1.710753625324311855e+01
1.720905369377009819e+01
1.762169474511957645e+01
1.781994489526568515e+01
1.781209618009300044e+01
1.750398538275525695e+01
1.800195783199503907e+01
1.749100932070030368e+01
1.765100423413672104e+01
1.754061220953155953e+01
1.745069730860700119e+01
1.783332446130025062e+01
1.775666058111246670e+01
1.758146215033914928e+01
1.728920135792829882e+01
1.727071559489647967e+01
1.738390334220700240e+01
1.801439967081303450e+01
1.776935081138197248e+01
1.725994433113000781e+01
1.736508105973396354e+01
1.748369904562157018e+01
1.766679600619331225e+01
1.754195202476065418e+01
1.731141975097068908e+01
1.743454382759573917e+01
1.775802052649788365e+01
1.777476581228376418e+01
1.719534982594197103e+01
1.795234027485476958e+01
1.715915152823053091e+01
1.717102281640787709e+01
1.737171055018337285e+01
1.769864357049726422e+01
1.772727019292151596e+01
1.728710301257665449e+01
1.750956242220314962e+01
1.762224632224478071e+01
1.733899248745649757e+01
1.742741688871277717e+01
1.712545182783331299e+01
1.742511044002876730e+01
1.778894453151276878e+01
1.755984426111858454e+01
1.770037711236396305e+01
1.696965736266983527e+01
1.732546962503838728e+01
1.756873748403526747e+01
1.729683888930872371e+01
1.737864065416050607e+01
1.753666148891890231e+01
1.773331745731480069e+01
1.770192720845935241e+01
1.735972490810082292e+01
1.727935471295698022e+01
1.787407961637749310e+01
1.716434016413822405e+01
1.729070991103948884e+01
1.729878493606230094e+01
1.738152212636554594e+01
1.784518051281801831e+01
1.736039824209294125e+01
1.710990994622709849e+01
1.743963844893182014e+01
1.782933231921372652e+01
1.745203943077466846e+01
1.761745313582389372e+01
1.792124155481657155e+01
1.739038038836214639e+01
1.757552301665185723e+01
1.758919912024827781e+01
1.746468298206831449e+01
1.761352363058185944e+01
1.731670284375499946e+01
1.782989468037965608e+01
1.747461541793705564e+01
1.724882925128140343e+01
1.745508322672453261e+01
1.747908534822904159e+01
1.791250671700362673e+01
1.750048953316291644e+01
1.722947999262661156e+01
1.682952093851281106e+01
1.783391075453314656e+01
1.727945888145882591e+01
1.742600732128245156e+01
1.754393736790359526e+01
1.723412026295052968e+01
1.743290012464506233e+01
1.745822957107674966e+01
1.721434617720968419e+01
1.795983779557231230e+01
1.766139133790709437e+01
1.761946861786327290e+01
1.768788280696903925e+01
1.746888413594088618e+01
1.745425604491091676e+01
1.738797054265573294e+01
1.753263383106901685e+01
1.746243731732374727e+01
1.779483718020752647e+01
1.738159146892398965e+01
1.786722206043380723e+01
1.710655615815948138e+01
1.758730138252467157e+01
1.744998763024736377e+01
1.738142969728231435e+01
1.728332890792686882e+01
1.726203715912443926e+01
1.725808883280715378e+01
1.756832109915834650e+01
1.778641113113338790e+01
1.746828120768707038e+01
1.761594371686536320e+01
1.813842528624479655e+01
1.709812255385073598e+01
1.783847714664148754e+01
1.773220792294808490e+01
1.770588881912350132e+01
1.760190484668805766e+01
1.718160177915880027e+01
1.720079279338338196e+01
1.737258619496495271e+01
1.800709315100378660e+01
1.747699188083426947e+01
1.740671366794605035e+01
1.756711235692875306e+01
1.788227832782873605e+01
1.746208636927826774e+01
1.730534333254702517e+01
1.741117368073107841e+01
1.774510457906648853e+01
1.715817701234336923e+01
1.806098309462950269e+01
1.788519637323390654e+01
1.763868994819335256e+01
1.753621966426075218e+01
1.740834981255562397e+01
1.702814305341706458e+01
1.748030402482914525e+01
1.784656903301454278e+01
1.742278983803695880e+01
1.771950790257879405e+01
1.748630490774290891e+01
1.760094503609660777e+01
1.738573036204878264e+01
1.782892120602268093e+01
1.758845601941726500e+01
1.758523654213562182e+01
1.727591699159169991e+01
1.755863961685824748e+01
1.727070233710255209e+01
1.761258458995961362e+01
1.727471066962381840e+01
1.733485941129345420e+01
1.745319822654227693e+01
1.772767384739972485e+01
1.726236641286326901e+01
1.769757683445654450e+01
1.727065831366330428e+01
1.696199747467955277e+01
1.739514278992514917e+01
1.725246197598706388e+01
1.742236326044242034e+01
1.778972387094819041e+01
1.743585133492144834e+01
1.743812149567096981e+01
1.736516317745621762e+01
1.733585713895792679e+01
1.742819367491294003e+01
1.786529625484448403e+01
1.754110926648492708e+01
1.741837878873745993e+01
1.765554451351474086e+01
1.756167932802582854e+01
1.767371005067381162e+01
1.736387233687793596e+01
1.738047796422846503e+01
1.722042460420744092e+01
1.791772083767227741e+01
1.753436010143168744e+01
1.753671764006789502e+01
1.745442708652070607e+01
1.700224551523855610e+01
1.788804553322879798e+01
1.714707554180422022e+01
1.744239393127955040e+01
1.742193426043768412e+01
1.750749861650620431e+01
1.803503120721686415e+01
1.740950199681783417e+01
1.783989378158358008e+01
1.727679194310409727e+01
1.756103891512540471e+01
1.747353204474099186e+01
1.754905800016205575e+01
1.751067054245017474e+01
1.775362101339562670e+01
1.755947970047083118e+01
1.761596561082014389e+01
1.740023359523240032e+01
1.761570381687543474e+01
1.729597554478586474e+01
1.715893308567730458e+01
1.764198067105808931e+01
1.688581657106597333e+01
1.742966421282671163e+01
1.725776652178442916e+01
1.713227689462470238e+01
1.751173153507338753e+01
1.778676096842903576e+01
1.678080632322266297e+01
1.810392428087149597e+01
1.768669651296249157e+01
1.774999518022161737e+01
1.744854213861511383e+01
1.738196458109696252e+01
1.775190102859928132e+01
1.777885068242013133e+01
1.786620455045057554e+01
1.752073644246403106e+01
1.791092184433576762e+01
1.741137939424394787e+01
1.732840654634156508e+01
1.738045350504754794e+01
1.765608114385154437e+01
1.720187226737078134e+01
1.714006458013258438e+01
1.773842334496571738e+01
1.792428206674971491e+01
1.765400059095748730e+01
1.713375402798926217e+01
1.742655725477733952e+01
1.760819993013653217e+01
1.730177685474142635e+01
1.759804419235980433e+01
1.772964139020507801e+01
1.801023709259172989e+01
1.714166372432638852e+01
1.748709220700326483e+01
1.760987365529843274e+01
1.765715375937656617e+01
1.764659904271326241e+01
1.768942510983070449e+01
1.749363921450160575e+01
1.778119975402026753e+01
1.751358116292009015e+01
1.765772720085280056e+01
1.769301243869675133e+01
1.761249110905957238e+01
1.708031801859026544e+01
1.732783437368948753e+01
1.705496146115241629e+01
1.756731326386235637e+01
1.761333556876338591e+01
1.754350207232205605e+01
1.769778794876856054e+01
1.728770780345706726e+01
1.793086799249270769e+01
1.781332981710891517e+01
1.727912360807274439e+01
1.677927417431055446e+01
1.768967588861353235e+01
1.727138669715260733e+01
1.744564417103019949e+01
1.732146266939598434e+01
1.769898290292019283e+01
1.740771356171361006e+01
1.728169823810393169e+01
1.775900947530860208e+01
1.740445049786013243e+01
1.767233784835216426e+01
1.768506893993750850e+01
1.771195958215507815e+01
1.762479801402131585e+01
1.756562120823417672e+01
1.783475806320419466e+01
1.716471522053475596e+01
1.749265409719757258e+01
1.735667173583835776e+01
1.753999991289141391e+01
1.743229835291296581e+01
1.775942096539732162e+01
1.741590102138983909e+01
1.707130518983402112e+01
1.742840603701914404e+01
1.741981514585277324e+01
1.751753774090166615e+01
1.760627643521659991e+01
1.773110727542823284e+01
1.743571539379540525e+01
1.754068587237112453e+01
1.755003832801621044e+01
1.802312677857534595e+01
1.760230905248871025e+01
1.755926873963551671e+01
1.735053432135492102e+01
1.769212598836965000e+01
1.760624239482347164e+01
1.741278904546322437e+01
1.760181776360082395e+01
1.787486861548853412e+01
1.755963850635535195e+01
1.769288229095582210e+01
1.766473219807402373e+01
1.729401783097384282e+01
1.775368636113471510e+01
1.770791505627511242e+01
1.773309927676366016e+01
1.730793815663504631e+01
1.739547467239269096e+01
1.774037086853078193e+01
1.764780904560602437e+01
1.724730810730244812e+01
1.763659325890137097e+01
1.739922239895940237e+01
1.741888304799731912e+01
1.749893363725635709e+01
1.737110201626467543e+01
1.760269241551509367e+01
1.761043286898892291e+01
1.728674584937978409e+01
1.773882048737553419e+01
1.735432407811505584e+01
1.754745993317749253e+01
1.760507039285806741e+01
1.737979198376424250e+01
1.726784252040807388e+01
1.759748099925208464e+01
1.778981649323600323e+01
1.755763081931299752e+01
1.735843533173469666e+01
1.747610546323068093e+01
1.717590929697621860e+01
1.728830312780477030e+01
1.750782790062012495e+01
1.766832559139598047e+01
1.748161558920566350e+01
1.743894418096291687e+01
1.744428249709863721e+01
1.752187459461752539e+01
1.776968361592983925e+01
1.750276789590504478e+01
1.763616300569317730e+01
1.760100351401549545e+01
1.775826209509085984e+01
1.708421686111717719e+01
1.732387722101934813e+01
1.774759167781427394e+01
1.766341569965248937e+01
1.746165370044615628e+01
1.747516248444706477e+01
1.695385458564948777e+01
1.692403532481704787e+01
1.716124039811358770e+01
1.762844478030127604e+01
1.774101810325553075e+01
1.730837399511581864e+01
1.805286543801086196e+01
1.734356545575490216e+01
1.800394149851801018e+01
1.758679046393127621e+01
1.743385686005723301e+01
1.736427553709773264e+01
1.732082493169126636e+01
1.766276294905526356e+01
1.745671970937387130e+01
1.746841200876795241e+01
1.762954996337963820e+01
1.775075296084913745e+01
1.791908487658506033e+01
1.790702801037686598e+01
1.763051216441763458e+01
1.754791191216602186e+01
1.716616868653911254e+01
1.765402693367277465e+01
1.722533193594144407e+01
1.765965705409586306e+01
1.746559656159492135e+01
1.744026976349622515e+01
1.776028453536801877e+01
1.732745215774490077e+01
1.736541491527503567e+01
1.748746462098963050e+01
1.749134719096367263e+01
1.743594553760629395e+01
1.704055358384115237e+01
1.732555616234470719e+01
1.756462804564245417e+01
1.764310758132283041e+01
1.755313535049151596e+01
1.762109541049463246e+01
1.760778183630656457e+01
1.759247148542612749e+01
1.772445260094771058e+01
1.728128498223072995e+01
1.751243586908483252e+01
1.726036701255846495e+01
1.769586028189908689e+01
1.734425831025968989e+01
1.783535542328299073e+01
1.752810894447436851e+01
1.753725066387035270e+01
1.751494332240392993e+01
1.763240357580342277e+01
1.753640772998980424e+01
1.777985649515376210e+01
1.757635034773581495e+01
1.766501319688442351e+01
1.761224130772486163e+01
1.736106319476722604e+01
1.740049383811926731e+01
1.763023914283088800e+01
1.766002564751920900e+01
1.756319601085043303e+01
1.743299763580864337e+01
1.778830695658776406e+01
1.731410440358989788e+01
1.759759415481407885e+01
1.728818292626547404e+01
1.780242858692914965e+01
1.760593344560551898e+01
1.737900822916936860e+01
1.780431199204016934e+01
1.714333637104259367e+01
1.751080329557322557e+01
1.741380798966785548e+01
1.745665522191808350e+01
1.740210387185278762e+01
1.755323692219807796e+01
1.773461441839575770e+01
1.761116008488126994e+01
1.748139165423248187e+01
1.743482382507176709e+01
1.749799333037150006e+01
1.732090588474647319e+01
1.711101185878793629e+01
1.831131433446020296e+01
1.738483697016692631e+01
1.759386755206664432e+01
1.763788869178826246e+01
1.751778236849463610e+01
1.747894936264291488e+01
1.727427026851100678e+01
1.793226578026254359e+01
1.724707382582942827e+01
1.797318365302586329e+01
1.739920285876602790e+01
1.727275058481939496e+01
1.787274490855793729e+01
1.709447103267069679e+01
1.732326625193506686e+01
1.728846467213667992e+01
1.723750141371471045e+01
1.770500928708211319e+01
1.740706591271909431e+01
1.760228848227448140e+01
1.811267284684691958e+01
1.717340357666119388e+01
1.746969636718106145e+01
1.745018028358118656e+01
1.756853564088533304e+01
1.740690709937162950e+01
1.723768732182180941e+01
1.773501254496351720e+01
1.783404496924480043e+01
1.767756299516484120e+01
1.747189249086825313e+01
1.708362341246240845e+01
1.736211386762221309e+01
1.734340421029835611e+01
1.754825442691506510e+01
1.740282605546700267e+01
1.742916635219978971e+01
1.707150813688409130e+01
1.728565930070227452e+01
1.749837313090970881e+01
1.761950174002282665e+01
1.757275609809747507e+01
1.804307072552207103e+01
1.782283123751268761e+01
1.769872521426289325e+01
1.775346410995150848e+01
1.729918742562368550e+01
1.752868558093240381e+01
1.754624452485261799e+01
1.722358238541830033e+01
1.731874494754969618e+01
1.771281967188192397e+01
1.751449791128986533e+01
1.772288572464073297e+01
1.721984267915426159e+01
1.755969512181311387e+01
1.757122389465095935e+01
1.766293129925854544e+01
1.753262631813302264e+01
1.748718536759690423e+01
1.742638208964005031e+01
1.746150778090045108e+01
1.790391495654928633e+01
1.795268167118980429e+01
1.757119301734546113e+01
1.803606377077866085e+01
1.772365982969000697e+01
1.787940903691411165e+01
1.750990656716795968e+01
1.738580276042575790e+01
1.793882179679103572e+01
1.697553031838992510e+01
1.750029310531785853e+01
1.780547041199964298e+01
1.737317208371353061e+01
1.736039394063480046e+01
1.690461850500824781e+01
1.753925632717164973e+01
1.744484901351575346e+01
1.742612789542222274e+01
1.696285904362328267e+01
1.712166178343241896e+01
1.786230037929959025e+01
1.804658440165265532e+01
1.769847859645283350e+01
1.775197483512831909e+01
1.758696382217950216e+01
1.746966156110718771e+01
1.757394284142558050e+01
1.752334632113757706e+01
1.750251710902282909e+01
1.772043402682136914e+01
1.755381010607989012e+01
1.725876948188493287e+01
1.740565256785527026e+01
1.801774799819199657e+01
1.769021573833413896e+01
1.763113947465145515e+01
1.712744773706794987e+01
1.731978318091116975e+01
1.754457090588953605e+01
1.807713517001660009e+01
1.760785372366299129e+01
1.717621371525348195e+01
1.762005662657353966e+01
1.729584751664719633e+01
1.745267179901024335e+01
1.753734662145146572e+01
1.760630691152675809e+01
1.759531747694331827e+01
1.751722376292415007e+01
1.745844499919658688e+01
1.777911000977904976e+01
1.750851602130869011e+01
1.747782630747082777e+01
1.739405340745996753e+01
1.746872887588832768e+01
1.754422773359486598e+01
1.737001536200934027e+01
1.733672807666433968e+01
1.737753996540575585e+01
1.727526639015247412e+01
1.774967137176760090e+01
1.792018320167005285e+01
1.793638020290559965e+01
1.791759936996568925e+01
1.751692630178465748e+01
1.732975970010525302e+01
1.733526862180060490e+01
1.788356850019969713e+01
1.742198554472465233e+01
1.806537753866848917e+01
1.738237592270401422e+01
1.736184308684593347e+01
1.794146528267815910e+01
1.780170270294694390e+01
1.765064521984669810e+01
1.724545388031472726e+01
1.722841723661312230e+01
1.781816998897104654e+01
1.751870882450803535e+01
1.784915441333193442e+01
1.794490322474819877e+01
1.728472818400482325e+01
1.751609218870102325e+01
1.759926752002246531e+01
1.789704958108008626e+01
1.787391449826824896e+01
1.734976893757202632e+01
1.725751418059198627e+01
1.814654758126286183e+01
1.761625395741506850e+01
1.751599576328752761e+01
1.704387250428090894e+01
1.739685063383322117e+01
1.756600347144524932e+01
1.744506872824119625e+01
1.777745979342115845e+01
1.724126460897474900e+01
1.716379242000387251e+01
1.773623704985002192e+01
1.761865479282110769e+01
1.772761011778533202e+01
1.779196432500006253e+01
1.801567245048517307e+01
1.748944753831809606e+01
1.755233599566350122e+01
