1.764664000000000144e+01
1.739583999999999975e+01
1.734004799999999946e+01
1.746025600000000111e+01
1.750900800000000146e+01
1.770647999999999911e+01
1.741959999999999908e+01
1.759542400000000129e+01
1.737700800000000001e+01
1.750760000000000005e+01
1.748401600000000045e+01
1.736222400000000121e+01
1.755353600000000114e+01
1.771932800000000086e+01
1.754543999999999926e+01
1.729094399999999965e+01
1.767849599999999910e+01
1.765755199999999903e+01
1.731927999999999912e+01
1.741819200000000123e+01
1.743420800000000170e+01
1.751023999999999958e+01
1.715595199999999920e+01
1.772495999999999938e+01
1.783320000000000149e+01
1.750619199999999864e+01
1.746395199999999903e+01
1.752291200000000160e+01
1.746852799999999917e+01
1.745180799999999977e+01
1.755371200000000087e+01
1.762956799999999902e+01
1.773112000000000066e+01
1.748436799999999991e+01
1.786892800000000037e+01
1.762463999999999942e+01
1.764347199999999916e+01
1.769767999999999830e+01
1.747908800000000085e+01
1.755635200000000040e+01
1.773164799999999985e+01
1.761055999999999955e+01
1.755388800000000060e+01
1.761619200000000163e+01
1.747785599999999917e+01
1.717971199999999854e+01
1.744424000000000063e+01
1.772337599999999824e+01
1.762604800000000083e+01
1.738598400000000055e+01
1.756092800000000054e+01
1.774819199999999952e+01
1.746307200000000037e+01
1.734708799999999940e+01
1.752695999999999898e+01
1.753558400000000006e+01
1.752062400000000153e+01
1.762956799999999902e+01
1.748806400000000139e+01
1.734303999999999846e+01
1.746483200000000124e+01
1.767391999999999896e+01
1.766600000000000037e+01
1.755300799999999839e+01
1.744353600000000171e+01
1.754456000000000060e+01
1.750496000000000052e+01
1.765033599999999936e+01
1.747767999999999944e+01
1.764241600000000076e+01
1.738862400000000008e+01
1.731188799999999972e+01
1.756691199999999853e+01
1.752273599999999831e+01
1.733406400000000147e+01
1.753734400000000093e+01
1.753822399999999959e+01
1.727598400000000112e+01
1.761443200000000076e+01
1.763871999999999929e+01
1.766670399999999930e+01
1.749510400000000132e+01
1.759084800000000115e+01
1.772460799999999992e+01
1.763607999999999976e+01
1.745814400000000077e+01
1.756163199999999946e+01
1.740375999999999834e+01
1.761108799999999874e+01
1.765896000000000043e+01
1.743033600000000050e+01
1.765420800000000057e+01
1.746958400000000111e+01
1.756462399999999846e+01
1.752660799999999952e+01
1.742312000000000083e+01
1.763520000000000110e+01
1.749703999999999837e+01
1.727686399999999978e+01
1.759542400000000129e+01
1.746641599999999883e+01
1.729921600000000126e+01
1.753628799999999899e+01
1.785836799999999869e+01
1.743315199999999976e+01
1.755160000000000053e+01
1.764452800000000110e+01
1.724447999999999936e+01
1.758187200000000061e+01
1.753171199999999885e+01
1.786787199999999842e+01
1.753065600000000046e+01
1.741115200000000129e+01
1.775980799999999959e+01
1.750601599999999891e+01
1.768764799999999937e+01
1.755758399999999853e+01
1.761971199999999982e+01
1.778620799999999846e+01
1.755336000000000141e+01
1.706231999999999971e+01
1.763326400000000049e+01
1.740622400000000169e+01
1.717284799999999834e+01
1.774889599999999845e+01
1.769503999999999877e+01
1.740499200000000002e+01
1.767515200000000064e+01
1.709153600000000139e+01
1.765579200000000171e+01
1.733353599999999872e+01
1.738633600000000001e+01
1.797030399999999872e+01
1.717108800000000102e+01
1.761848000000000170e+01
1.761161600000000149e+01
1.782739199999999968e+01
1.740728000000000009e+01
1.734796800000000161e+01
1.714187199999999933e+01
1.756673599999999880e+01
1.770366399999999985e+01
1.757060800000000000e+01
1.707552000000000092e+01
1.723920000000000030e+01
1.754297599999999946e+01
1.750760000000000005e+01
1.780046400000000162e+01
1.749879999999999924e+01
1.761443200000000076e+01
1.745110400000000084e+01
1.768359999999999843e+01
1.750372799999999884e+01
1.752608000000000033e+01
1.722758400000000023e+01
1.718340800000000002e+01
1.707903999999999911e+01
1.766846400000000017e+01
1.717566400000000115e+01
1.783777600000000163e+01
1.762411200000000022e+01
1.746025600000000111e+01
1.745691199999999910e+01
1.767902399999999830e+01
1.767603199999999930e+01
1.728003199999999850e+01
1.757553599999999960e+01
1.786611200000000110e+01
1.728636799999999951e+01
1.739425599999999861e+01
1.753628799999999899e+01
1.725908799999999843e+01
1.748067199999999843e+01
1.714539200000000108e+01
1.760334399999999988e+01
1.717531200000000169e+01
1.749668799999999891e+01
1.750108799999999931e+01
1.724148800000000037e+01
1.736785599999999974e+01
1.740604799999999841e+01
1.751886400000000066e+01
1.756022400000000161e+01
1.727052799999999877e+01
1.765244799999999969e+01
1.730062399999999911e+01
1.773622399999999999e+01
1.771791999999999945e+01
1.799670400000000114e+01
1.730079999999999885e+01
1.736627199999999860e+01
1.740164800000000156e+01
1.724025599999999869e+01
1.775787199999999899e+01
1.766388800000000003e+01
1.741854400000000069e+01
1.739601599999999948e+01
1.745374400000000037e+01
1.753699200000000147e+01
1.740921600000000069e+01
1.760211200000000176e+01
1.730555199999999871e+01
1.745532800000000151e+01
1.724817600000000084e+01
1.761971199999999982e+01
1.765702399999999983e+01
1.743772799999999989e+01
1.728707199999999844e+01
1.759049600000000169e+01
1.773745600000000167e+01
1.779219200000000001e+01
1.746976000000000084e+01
1.758222400000000007e+01
1.692873600000000067e+01
1.752555200000000113e+01
1.755459199999999953e+01
1.722424000000000177e+01
1.764399999999999835e+01
1.745902399999999943e+01
1.732772800000000046e+01
1.749369599999999991e+01
1.741291199999999861e+01
1.785555199999999942e+01
1.756286400000000114e+01
1.752608000000000033e+01
1.762199999999999989e+01
1.736046400000000034e+01
1.734832000000000107e+01
1.770207999999999871e+01
1.729428800000000166e+01
1.741678399999999982e+01
1.776332800000000134e+01
1.762094400000000149e+01
1.779676800000000014e+01
1.703063999999999822e+01
1.777828799999999987e+01
1.775875200000000120e+01
1.740815999999999875e+01
1.733476800000000040e+01
1.747556799999999910e+01
1.752361600000000053e+01
1.759031999999999840e+01
1.765015999999999963e+01
1.726806399999999897e+01
1.767620799999999903e+01
1.782545599999999908e+01
1.757747200000000021e+01
1.739689600000000169e+01
1.745092800000000111e+01
1.728900799999999904e+01
1.762305599999999828e+01
1.740059199999999962e+01
1.774678400000000167e+01
1.758767999999999887e+01
1.765966399999999936e+01
1.770683199999999857e+01
1.728548800000000085e+01
1.753699200000000147e+01
1.758380800000000121e+01
1.765051199999999909e+01
1.745075200000000137e+01
1.759401599999999988e+01
1.754227200000000053e+01
1.768148800000000165e+01
1.739302400000000048e+01
1.748806400000000139e+01
1.753470400000000140e+01
1.746588799999999964e+01
1.777459199999999839e+01
1.709030399999999972e+01
1.763520000000000110e+01
1.744969599999999943e+01
1.761372799999999827e+01
1.780891199999999941e+01
1.762446399999999969e+01
1.750390399999999858e+01
1.746395199999999903e+01
1.760915200000000169e+01
1.759454399999999907e+01
1.761636800000000136e+01
1.747609599999999830e+01
1.762199999999999989e+01
1.758063999999999893e+01
1.734814400000000134e+01
1.751587200000000166e+01
1.742611199999999982e+01
1.753329599999999999e+01
1.749862399999999951e+01
1.731716799999999878e+01
1.772460799999999992e+01
1.763731200000000143e+01
1.785414400000000157e+01
1.719414400000000143e+01
1.754614400000000174e+01
1.741766399999999848e+01
1.782932800000000029e+01
1.754931200000000047e+01
1.719995199999999969e+01
1.770894399999999891e+01
1.763185599999999909e+01
1.754755199999999959e+01
1.728689599999999871e+01
1.765244799999999969e+01
1.772495999999999938e+01
1.741027199999999908e+01
1.733599999999999852e+01
1.761812799999999868e+01
1.789286399999999944e+01
1.758767999999999887e+01
1.761759999999999948e+01
1.797312000000000154e+01
1.754983999999999966e+01
1.755036799999999886e+01
1.779271999999999920e+01
1.739689600000000169e+01
1.702342399999999856e+01
1.733124799999999865e+01
1.772654400000000052e+01
1.728531200000000112e+01
1.737841600000000142e+01
1.759577600000000075e+01
1.750337599999999938e+01
1.780961599999999834e+01
1.777670399999999873e+01
1.753558400000000006e+01
1.721860799999999969e+01
1.739636799999999894e+01
1.737366400000000155e+01
1.754456000000000060e+01
1.769715199999999911e+01
1.735324800000000067e+01
1.776931199999999933e+01
1.755230399999999946e+01
1.729815999999999931e+01
1.712796799999999919e+01
1.759278400000000175e+01
1.723990399999999923e+01
1.753892799999999852e+01
1.759225599999999901e+01
1.724553600000000131e+01
1.773164799999999985e+01
1.789321599999999890e+01
1.728953599999999824e+01
1.745251199999999869e+01
1.726155199999999823e+01
1.733177600000000140e+01
1.757184000000000168e+01
1.766054400000000157e+01
1.692592000000000141e+01
1.741432000000000002e+01
1.752062400000000153e+01
1.756603199999999987e+01
1.740604799999999841e+01
1.780803200000000075e+01
1.749932799999999844e+01
1.758662400000000048e+01
1.768694400000000044e+01
1.795288000000000039e+01
1.777318400000000054e+01
1.767040000000000077e+01
1.753382399999999919e+01
1.757835199999999887e+01
1.769239999999999924e+01
1.745532800000000151e+01
1.716545599999999894e+01
1.766564800000000091e+01
1.780715199999999854e+01
1.772759999999999891e+01
1.745479999999999876e+01
1.759824000000000055e+01
1.741220799999999969e+01
1.763660799999999895e+01
1.746518400000000071e+01
1.735254400000000174e+01
1.758398400000000095e+01
1.702694400000000030e+01
1.775822399999999845e+01
1.765649600000000063e+01
1.734145600000000087e+01
1.771615999999999858e+01
1.779747199999999907e+01
1.737630400000000108e+01
1.774713600000000113e+01
1.753822399999999959e+01
1.759120000000000061e+01
1.782633600000000129e+01
1.759595200000000048e+01
1.756568000000000040e+01
1.735254400000000174e+01
1.736521600000000021e+01
1.748894400000000005e+01
1.735289600000000121e+01
1.747416000000000125e+01
1.769310400000000172e+01
1.773129600000000039e+01
1.770859199999999944e+01
1.799441600000000108e+01
1.751657600000000059e+01
1.765385600000000110e+01
1.736187200000000175e+01
1.729516800000000032e+01
1.783671999999999969e+01
1.767831999999999937e+01
1.744459200000000010e+01
1.749809600000000032e+01
1.745919999999999916e+01
1.745867199999999997e+01
1.797980799999999846e+01
1.758134400000000142e+01
1.742223999999999862e+01
1.758574399999999827e+01
1.765843200000000124e+01
1.765121600000000157e+01
1.750724800000000059e+01
1.743720000000000070e+01
1.746887999999999863e+01
1.780099200000000081e+01
1.761724800000000002e+01
1.721368000000000009e+01
1.774115199999999959e+01
1.756092800000000054e+01
1.733142399999999839e+01
1.738545600000000135e+01
1.748665599999999998e+01
1.767920000000000158e+01
1.740375999999999834e+01
1.734919999999999973e+01
1.757307199999999980e+01
1.731699199999999905e+01
1.741273599999999888e+01
1.718956800000000129e+01
1.753822399999999959e+01
1.775980799999999959e+01
1.746606399999999937e+01
1.762323200000000156e+01
1.711388799999999932e+01
1.752273599999999831e+01
1.745304000000000144e+01
1.735236799999999846e+01
1.747785599999999917e+01
1.736187200000000175e+01
1.768131199999999836e+01
1.754103999999999886e+01
1.736011200000000088e+01
1.740815999999999875e+01
1.754385600000000167e+01
1.728619199999999978e+01
1.735395199999999960e+01
1.759084800000000115e+01
1.753505600000000086e+01
1.759595200000000048e+01
1.737999999999999901e+01
1.715401599999999860e+01
1.731382400000000032e+01
1.778321599999999947e+01
1.750566399999999945e+01
1.728425599999999918e+01
1.774220800000000153e+01
1.753716800000000120e+01
1.767391999999999896e+01
1.764822399999999902e+01
1.748911999999999978e+01
1.755265599999999893e+01
1.737542399999999887e+01
1.767990400000000051e+01
1.747222400000000064e+01
1.719995199999999969e+01
1.727668800000000005e+01
1.738598400000000055e+01
1.790148800000000051e+01
1.748366400000000098e+01
1.752537600000000140e+01
1.708871999999999858e+01
1.776156800000000047e+01
1.740851200000000176e+01
1.753716800000000120e+01
1.757553599999999960e+01
1.735360000000000014e+01
1.773147200000000012e+01
1.753699200000000147e+01
1.724676799999999943e+01
1.776966399999999879e+01
1.762552000000000163e+01
1.755283199999999866e+01
1.760985600000000062e+01
1.750302399999999992e+01
1.755670399999999987e+01
1.721631999999999962e+01
1.767462400000000144e+01
1.753839999999999932e+01
1.785942400000000063e+01
1.725240000000000151e+01
1.775681600000000060e+01
1.717320000000000135e+01
1.772513599999999911e+01
1.732526400000000066e+01
1.740516799999999975e+01
1.752062400000000153e+01
1.721015999999999835e+01
1.743121599999999916e+01
1.762516799999999861e+01
1.768729599999999991e+01
1.739249600000000129e+01
1.752308800000000133e+01
1.783988799999999841e+01
1.727897600000000011e+01
1.749862399999999951e+01
1.775980799999999959e+01
1.782475200000000015e+01
1.781032000000000082e+01
1.734919999999999973e+01
1.723937600000000003e+01
1.754420800000000114e+01
1.810529599999999917e+01
1.753505600000000086e+01
1.732561600000000013e+01
1.768659200000000098e+01
1.762094400000000149e+01
1.746676799999999830e+01
1.732790400000000020e+01
1.722670400000000157e+01
1.800180800000000048e+01
1.741660800000000009e+01
1.783003199999999921e+01
1.783654399999999995e+01
1.752080000000000126e+01
1.747134399999999843e+01
1.743086399999999969e+01
1.726295999999999964e+01
1.753012800000000126e+01
1.789339199999999863e+01
1.735588800000000020e+01
1.766687999999999903e+01
1.741150400000000076e+01
1.750742400000000032e+01
1.759647999999999968e+01
1.788406399999999863e+01
1.754702400000000040e+01
1.745902399999999943e+01
1.729252800000000079e+01
1.759190399999999954e+01
1.728707199999999844e+01
1.746078400000000030e+01
1.740851200000000176e+01
1.729252800000000079e+01
1.740569599999999895e+01
1.774995200000000040e+01
1.726401600000000158e+01
1.749422399999999911e+01
1.738844800000000035e+01
1.697256000000000142e+01
1.742681599999999875e+01
1.736803199999999947e+01
1.759366400000000041e+01
1.769134400000000085e+01
1.723937600000000003e+01
1.735588800000000020e+01
1.726806399999999897e+01
1.734092800000000167e+01
1.734796800000000161e+01
1.740710400000000035e+01
1.750636799999999837e+01
1.731118400000000079e+01
1.769574400000000125e+01
1.765649600000000063e+01
1.774784000000000006e+01
1.734444799999999987e+01
1.729833599999999905e+01
1.720576000000000150e+01
1.772038399999999925e+01
1.758908800000000028e+01
1.740024000000000015e+01
1.741977599999999882e+01
1.722072000000000003e+01
1.779923199999999994e+01
1.746588799999999964e+01
1.762147200000000069e+01
1.757236800000000088e+01
1.757324799999999954e+01
1.788159999999999883e+01
1.734550399999999826e+01
1.765878400000000070e+01
1.739760000000000062e+01
1.780838400000000021e+01
1.745075200000000137e+01
1.754315199999999919e+01
1.753540800000000033e+01
1.785132799999999875e+01
1.737735999999999947e+01
1.748031999999999897e+01
1.724958399999999870e+01
1.760404799999999881e+01
1.717320000000000135e+01
1.712163200000000174e+01
1.765843200000000124e+01
1.684196800000000138e+01
1.747011200000000031e+01
1.738299200000000155e+01
1.724360000000000070e+01
1.722547199999999989e+01
1.780204799999999921e+01
1.686695999999999884e+01
1.781929600000000136e+01
1.750724800000000059e+01
1.756040000000000134e+01
1.737489599999999967e+01
1.739249600000000129e+01
1.778198400000000134e+01
1.763396799999999942e+01
1.788740800000000064e+01
1.734919999999999973e+01
1.794144000000000005e+01
1.731699199999999905e+01
1.733952000000000027e+01
1.741537599999999841e+01
1.764065599999999989e+01
1.721631999999999962e+01
1.723937600000000003e+01
1.756955200000000161e+01
1.768500799999999984e+01
1.748964799999999897e+01
1.716492799999999974e+01
1.759419199999999961e+01
1.755212799999999973e+01
1.741009599999999935e+01
1.775452800000000053e+01
1.758433600000000041e+01
1.779060799999999887e+01
1.732139199999999946e+01
1.734532799999999853e+01
1.791627199999999931e+01
1.752608000000000033e+01
1.750777599999999978e+01
1.763801600000000036e+01
1.761443200000000076e+01
1.769926399999999944e+01
1.751041599999999931e+01
1.758732799999999941e+01
1.782263999999999982e+01
1.753171199999999885e+01
1.707992000000000132e+01
1.739654399999999868e+01
1.715947200000000095e+01
1.743491200000000063e+01
1.751147200000000126e+01
1.766846400000000017e+01
1.767550400000000010e+01
1.732966400000000107e+01
1.790131200000000078e+01
1.780627199999999988e+01
1.739020800000000122e+01
1.681292799999999943e+01
1.770032000000000139e+01
1.730995199999999912e+01
1.744388800000000117e+01
1.743561599999999956e+01
1.777881599999999906e+01
1.753382399999999919e+01
1.741555200000000170e+01
1.767180799999999863e+01
1.727404800000000051e+01
1.769063999999999837e+01
1.781243200000000115e+01
1.767022400000000104e+01
1.731452799999999925e+01
1.764030400000000043e+01
1.773569600000000079e+01
1.727263999999999911e+01
1.765456000000000003e+01
1.738862400000000008e+01
1.736838399999999893e+01
1.746993600000000058e+01
1.779007999999999967e+01
1.749792000000000058e+01
1.713975999999999900e+01
1.756867199999999940e+01
1.752537600000000140e+01
1.740815999999999875e+01
1.769152000000000058e+01
1.747591999999999857e+01
1.755160000000000053e+01
1.770577600000000018e+01
1.738580800000000082e+01
1.770718400000000159e+01
1.761918400000000062e+01
1.776508799999999866e+01
1.752520000000000167e+01
1.761337599999999881e+01
1.749510400000000132e+01
1.733811199999999886e+01
1.771633599999999831e+01
1.764224000000000103e+01
1.739742400000000089e+01
1.761513599999999968e+01
1.740305599999999941e+01
1.722846399999999889e+01
1.758627200000000101e+01
1.770207999999999871e+01
1.746887999999999863e+01
1.744071999999999889e+01
1.737295999999999907e+01
1.765843200000000124e+01
1.763924799999999848e+01
1.732280000000000086e+01
1.763819200000000009e+01
1.757535999999999987e+01
1.749756800000000112e+01
1.756462399999999846e+01
1.738510399999999834e+01
1.744406400000000090e+01
1.763238399999999828e+01
1.719590399999999875e+01
1.775047999999999959e+01
1.725768000000000058e+01
1.739056000000000068e+01
1.768307199999999924e+01
1.745603200000000044e+01
1.729587199999999925e+01
1.765667200000000037e+01
1.771035200000000032e+01
1.730625600000000119e+01
1.736556799999999967e+01
1.760175999999999874e+01
1.725662399999999863e+01
1.744793599999999856e+01
1.756550400000000067e+01
1.765684800000000010e+01
1.746483200000000124e+01
1.739513600000000082e+01
1.744424000000000063e+01
1.749739200000000139e+01
1.769204799999999977e+01
1.753435199999999838e+01
1.759260799999999847e+01
1.754667200000000093e+01
1.759595200000000048e+01
1.722248000000000090e+01
1.732737600000000100e+01
1.759524800000000155e+01
1.757993600000000001e+01
1.760422399999999854e+01
1.743121599999999916e+01
1.717284799999999834e+01
1.712057599999999979e+01
1.725908799999999843e+01
1.739654399999999868e+01
1.764488000000000056e+01
1.739443199999999834e+01
1.786294399999999882e+01
1.744177600000000083e+01
1.778057599999999994e+01
1.771000000000000085e+01
1.752766400000000147e+01
1.743720000000000070e+01
1.733107199999999892e+01
1.759560000000000102e+01
1.751235199999999992e+01
1.741115200000000129e+01
1.767761600000000044e+01
1.758433600000000041e+01
1.782545599999999908e+01
1.784939200000000170e+01
1.774167999999999878e+01
1.745585600000000071e+01
1.731505599999999845e+01
1.759929599999999894e+01
1.737683200000000028e+01
1.745955199999999863e+01
1.728214399999999884e+01
1.744195200000000057e+01
1.778022400000000047e+01
1.749739200000000139e+01
1.719097599999999915e+01
1.743174399999999835e+01
1.750425600000000159e+01
1.750865599999999844e+01
1.720611200000000096e+01
1.756215999999999866e+01
1.757166399999999840e+01
1.765632000000000090e+01
1.754315199999999919e+01
1.752027199999999851e+01
1.762023999999999901e+01
1.756919999999999860e+01
1.764329599999999942e+01
1.725926400000000172e+01
1.771897600000000139e+01
1.736504000000000048e+01
1.747204800000000091e+01
1.741132800000000103e+01
1.766336000000000084e+01
1.717848000000000042e+01
1.765526399999999896e+01
1.765860800000000097e+01
1.772443200000000019e+01
1.772249599999999958e+01
1.764998399999999990e+01
1.766811200000000071e+01
1.749968000000000146e+01
1.764928000000000097e+01
1.745867199999999997e+01
1.732051200000000080e+01
1.759278400000000175e+01
1.730379200000000139e+01
1.768624000000000152e+01
1.735219199999999873e+01
1.772531199999999885e+01
1.746254400000000118e+01
1.753663999999999845e+01
1.733740799999999993e+01
1.793739199999999911e+01
1.753575999999999979e+01
1.736028800000000061e+01
1.766089600000000104e+01
1.710649599999999992e+01
1.748806400000000139e+01
1.735659199999999913e+01
1.743790399999999963e+01
1.739196799999999854e+01
1.771985600000000005e+01
1.759859200000000001e+01
1.772900800000000032e+01
1.757976000000000028e+01
1.733107199999999892e+01
1.767462400000000144e+01
1.739988800000000069e+01
1.715806399999999954e+01
1.814771199999999851e+01
1.740516799999999975e+01
1.741678399999999982e+01
1.758609600000000128e+01
1.761936000000000035e+01
1.755212799999999973e+01
1.732984000000000080e+01
1.766635199999999983e+01
1.729904000000000153e+01
1.783108800000000116e+01
1.736169599999999846e+01
1.745251199999999869e+01
1.793105600000000166e+01
1.718516800000000089e+01
1.756990400000000108e+01
1.754807999999999879e+01
1.724096000000000117e+01
1.786259199999999936e+01
1.729182399999999831e+01
1.754508799999999979e+01
1.796519999999999939e+01
1.746183999999999870e+01
1.759102400000000088e+01
1.783795200000000136e+01
1.762393600000000049e+01
1.758961599999999947e+01
1.740692800000000062e+01
1.776649600000000007e+01
1.773446399999999912e+01
1.767831999999999937e+01
1.745884799999999970e+01
1.732966400000000107e+01
1.715401599999999860e+01
1.736240000000000094e+01
1.742347200000000029e+01
1.726612799999999837e+01
1.735606399999999994e+01
1.719801599999999908e+01
1.751604800000000139e+01
1.761460800000000049e+01
1.757359999999999900e+01
1.745251199999999869e+01
1.781612799999999908e+01
1.775963199999999986e+01
1.773463999999999885e+01
1.764822399999999902e+01
1.740675200000000089e+01
1.755758399999999853e+01
1.767198399999999836e+01
1.739232000000000156e+01
1.751727999999999952e+01
1.760633599999999888e+01
1.778216000000000108e+01
1.741854400000000069e+01
1.735606399999999994e+01
1.742452799999999868e+01
1.773657599999999945e+01
1.755054399999999859e+01
1.767427199999999843e+01
1.740640000000000143e+01
1.761214400000000069e+01
1.740851200000000176e+01
1.776966399999999879e+01
1.777617599999999953e+01
1.748366400000000098e+01
1.792155199999999837e+01
1.781155199999999894e+01
1.776895999999999987e+01
1.736240000000000094e+01
1.750654400000000166e+01
1.782545599999999908e+01
1.705440000000000111e+01
1.744951999999999970e+01
1.760017600000000115e+01
1.742347200000000029e+01
1.750126399999999904e+01
1.721209599999999895e+01
1.748366400000000098e+01
1.752889599999999959e+01
1.770454399999999850e+01
1.722688000000000130e+01
1.729217600000000132e+01
1.795358399999999932e+01
1.798068800000000067e+01
1.756462399999999846e+01
1.767550400000000010e+01
1.778708800000000068e+01
1.737964799999999954e+01
1.739865599999999901e+01
1.744001599999999996e+01
1.740587199999999868e+01
1.750003200000000092e+01
1.753558400000000006e+01
1.735553600000000074e+01
1.739196799999999854e+01
1.811198399999999964e+01
1.762534399999999835e+01
1.762340800000000129e+01
1.740041599999999988e+01
1.741044799999999881e+01
1.751270399999999938e+01
1.793721599999999938e+01
1.741748799999999875e+01
1.723673600000000050e+01
1.769363200000000091e+01
1.742699199999999848e+01
1.775804799999999872e+01
1.740235200000000049e+01
1.759524800000000155e+01
1.774625599999999892e+01
1.753241600000000133e+01
1.743755200000000016e+01
1.747803199999999890e+01
1.747204800000000091e+01
1.754297599999999946e+01
1.730836800000000153e+01
1.752167999999999992e+01
1.753787200000000013e+01
1.753083200000000019e+01
1.726366399999999857e+01
1.739636799999999894e+01
1.748225599999999957e+01
1.774854399999999899e+01
1.758187200000000061e+01
1.776895999999999987e+01
1.796308799999999906e+01
1.745286400000000171e+01
1.744617600000000124e+01
1.747574399999999883e+01
1.785696000000000083e+01
1.751129600000000153e+01
1.779870400000000075e+01
1.739443199999999834e+01
1.742012799999999828e+01
1.792295999999999978e+01
1.777476800000000168e+01
1.741414400000000029e+01
1.736363199999999907e+01
1.718499200000000116e+01
1.765403200000000083e+01
1.729692800000000119e+01
1.770771200000000078e+01
1.783425599999999989e+01
1.749844799999999978e+01
1.757817599999999914e+01
1.755547200000000174e+01
1.781419199999999847e+01
1.768624000000000152e+01
1.744318399999999869e+01
1.740815999999999875e+01
1.791011200000000159e+01
1.763097600000000043e+01
1.779060799999999887e+01
1.737155200000000121e+01
1.743720000000000070e+01
1.755670399999999987e+01
1.721227199999999868e+01
1.783953599999999895e+01
1.723268799999999956e+01
1.728689599999999871e+01
1.767620799999999903e+01
1.763977600000000123e+01
1.767374399999999923e+01
1.775963199999999986e+01
1.765843200000000124e+01
1.752678399999999925e+01
1.767092799999999997e+01
