1.762614509325986489e+01
1.748791190849859589e+01
1.730352295440082955e+01
1.743086814938265405e+01
1.744360864941782197e+01
1.773570572282213575e+01
1.748957138794105859e+01
1.752038420684831621e+01
1.759402155995630324e+01
1.713669832772566437e+01
1.755131535529169895e+01
1.734431875876824591e+01
1.759434045264568880e+01
1.722628602153735144e+01
1.722296052753963380e+01
1.755547820382084723e+01
1.772784069766938231e+01
1.765984707111073959e+01
1.751335853323340785e+01
1.793641845465309359e+01
1.759674409212470891e+01
1.745061536515430589e+01
1.732541768807522686e+01
1.712491870904242930e+01
1.748349265789372353e+01
1.746352828964112547e+01
1.741007339048424285e+01
1.701548136990811244e+01
1.749914165398765675e+01
1.763634563751629614e+01
1.732689998010128463e+01
1.759293439105658408e+01
1.735505226063402873e+01
1.742523547151232322e+01
1.733098731505513612e+01
1.813282871623468040e+01
1.769801680449703696e+01
1.747945071130321182e+01
1.777645506899901306e+01
1.764545200673374836e+01
1.760427181261424323e+01
1.769606291838184475e+01
1.794922777413258430e+01
1.735188497414620912e+01
1.745195789492145266e+01
1.763048830386884802e+01
1.794508424639780131e+01
1.750043884053817322e+01
1.734554389086994064e+01
1.748669324923030288e+01
1.731251620089492604e+01
1.713070655328631275e+01
1.774151313347170245e+01
1.776751529640087313e+01
1.724143671047208315e+01
1.764251599245627133e+01
1.796695758240524654e+01
1.737117162315426100e+01
1.743266076552043486e+01
1.786999991132709198e+01
1.728241761567376500e+01
1.746925942713832569e+01
1.763040661168244938e+01
1.763949142781153512e+01
1.693931861688107787e+01
1.771688544770200480e+01
1.801761750886237223e+01
1.727791145787985272e+01
1.760861925597941280e+01
1.760368405763266608e+01
1.767882183078745939e+01
1.751373087729509237e+01
1.737905320437710088e+01
1.756624550776732718e+01
1.740191067824877891e+01
1.763417526566554727e+01
1.764645883738558396e+01
1.733863834466534115e+01
1.744661175290724842e+01
1.730088523979373605e+01
1.744448155409659762e+01
1.745841971667871562e+01
1.731517745658382879e+01
1.719138528838276514e+01
1.748423980666321498e+01
1.774858864509362277e+01
1.757031867286501381e+01
1.727856161413392400e+01
1.796881112171794825e+01
1.771876352024508705e+01
1.725921371225802403e+01
1.735291514695353143e+01
1.739490423652896212e+01
1.749488309248699025e+01
1.738930893734702110e+01
1.767001555793276779e+01
1.752738905101255540e+01
1.776790766668738542e+01
1.752243006865193209e+01
1.757819484391028908e+01
1.767587702576205544e+01
1.757828982283330177e+01
1.743758597302399593e+01
1.724249178094792967e+01
1.735697395273135513e+01
1.733612358449398982e+01
1.760051883673665785e+01
1.752359219356648978e+01
1.742534722619439691e+01
1.785200807603391127e+01
1.773720674996767244e+01
1.787456541897808648e+01
1.748736276505688636e+01
1.742552844721181771e+01
1.808764210064738265e+01
1.768065403154652770e+01
1.748443970857987395e+01
1.746107757854370490e+01
1.777726909941213762e+01
1.756965283610514561e+01
1.756668534494355782e+01
1.739949046849917380e+01
1.804961594166895367e+01
1.778305232171083361e+01
1.728925562411293626e+01
1.736086010338792818e+01
1.756002619278407550e+01
1.758179630377534153e+01
1.755717168442276943e+01
1.723820316854870427e+01
1.796496593292868837e+01
1.712204854248312813e+01
1.721929869624974074e+01
1.727134391657555668e+01
1.818546786563523554e+01
1.793110512433124981e+01
1.720870813236753349e+01
1.789461598399993747e+01
1.725599817418364879e+01
1.715222492106653362e+01
1.750897622191814662e+01
1.750483828847415424e+01
1.762961436399920601e+01
1.734807979718761572e+01
1.763837818823026282e+01
1.765952256205406457e+01
1.773352926866376578e+01
1.762800169513726800e+01
1.798339735761079083e+01
1.749896753294566665e+01
1.709175951800271775e+01
1.765639434682365660e+01
1.755902773741481937e+01
1.762676749650282559e+01
1.761710640043941112e+01
1.723180434193647415e+01
1.714089958531236135e+01
1.728901769653827714e+01
1.739152448726988709e+01
1.776886369655462516e+01
1.730476751556345860e+01
1.723213302878030362e+01
1.754471706974994660e+01
1.760533891831834907e+01
1.764055368451792916e+01
1.731379523765483341e+01
1.725847631451813058e+01
1.738229853006635395e+01
1.745481596764573951e+01
1.777057505262035519e+01
1.732436890323638323e+01
1.728326833438685739e+01
1.742656267443810947e+01
1.742053003418823565e+01
1.734457482153557706e+01
1.733445442896497468e+01
1.720478831503776007e+01
1.762362113273433550e+01
1.773600674850796821e+01
1.719736088358616399e+01
1.767603754979026931e+01
1.786628673428724667e+01
1.780020119652083466e+01
1.733121684188767730e+01
1.760407365556977766e+01
1.748207093666791678e+01
1.752606425911443822e+01
1.720768063746787746e+01
1.748614015820839285e+01
1.716983623478115817e+01
1.722473548225845974e+01
1.735642023331684669e+01
1.753200748989009838e+01
1.765753033948531581e+01
1.749340590564687403e+01
1.753111296297263522e+01
1.724940038185838631e+01
1.742882823865447151e+01
1.710314955169852169e+01
1.726919849082790748e+01
1.807774069447823706e+01
1.706047890382649612e+01
1.764025752852426621e+01
1.729258580487282160e+01
1.749153474065817448e+01
1.779760358162865685e+01
1.749091170369256432e+01
1.740585318317058494e+01
1.715359412660971827e+01
1.755246359989962457e+01
1.739905807234557145e+01
1.734855708232484872e+01
1.767283669412066160e+01
1.774039990986160120e+01
1.727810767706798600e+01
1.704489782833233846e+01
1.707371625097048806e+01
1.731101107572089859e+01
1.807144280389774593e+01
1.760088487803893642e+01
1.740335473905409103e+01
1.764308393904575922e+01
1.755736972703206789e+01
1.740313053905671836e+01
1.735231027647756363e+01
1.759996259455916956e+01
1.709462829009707718e+01
1.741115044072786944e+01
1.790561166094058265e+01
1.779296413667691823e+01
1.743605842943446405e+01
1.714313140168623306e+01
1.736187464231878153e+01
1.782671770411402079e+01
1.826402765945412199e+01
1.759417991870843423e+01
1.793045189864954381e+01
1.787104986823608499e+01
1.726240876225929455e+01
1.721812254362268391e+01
1.724382007078072832e+01
1.736902287288022251e+01
1.774475488739919271e+01
1.744049008076141760e+01
1.767548745136188515e+01
1.761798312401807820e+01
1.739422530856182902e+01
1.779249981414832504e+01
1.745179941986275196e+01
1.751176512824204679e+01
1.751976038107320832e+01
1.790773378911783453e+01
1.745975322503540994e+01
1.760968949726510147e+01
1.723630929797241507e+01
1.714660651489933940e+01
1.750890845254286532e+01
1.797632231671076397e+01
1.752345068144885332e+01
1.751380094653935515e+01
1.761385710566483453e+01
1.756704468549823872e+01
1.716519387010519893e+01
1.740335363638488531e+01
1.762329096287140118e+01
1.741129054839914048e+01
1.747918237671918718e+01
1.772309453350446162e+01
1.758978654920254314e+01
1.726691898196259345e+01
1.814873523465600513e+01
1.739264347771363362e+01
1.713452461962051743e+01
1.755200846959874994e+01
1.706586094736190518e+01
1.764142540432273876e+01
1.758956835816110598e+01
1.763198865594721454e+01
1.773852476770187536e+01
1.791989416144149061e+01
1.785133525532494403e+01
1.757439488226966162e+01
1.756832548966756846e+01
1.741565881486019762e+01
1.780430079900698814e+01
1.765526171752043894e+01
1.747357840468692913e+01
1.767192225624829405e+01
1.705908757725210023e+01
1.764869584789577317e+01
1.735328432526171838e+01
1.774511065473083349e+01
1.756733395898374539e+01
1.766357688315367724e+01
1.781602521483929280e+01
1.729082703753460848e+01
1.801189350418867718e+01
1.711406291255263312e+01
1.783748186126453206e+01
1.720431812290559392e+01
1.714315243315140336e+01
1.814104330117431019e+01
1.767026507180257155e+01
1.724816083994478433e+01
1.724118335126892632e+01
1.796763899481056370e+01
1.734441764752905968e+01
1.735307635889452271e+01
1.778778351990029449e+01
1.813345603719610821e+01
1.700153390097637285e+01
1.776748608238156280e+01
1.752102892331036443e+01
1.762129091857685026e+01
1.809903625589156917e+01
1.737544959568319314e+01
1.713860787153255671e+01
1.786769246096118025e+01
1.793890052836810867e+01
1.741114277283323020e+01
1.748045653129156562e+01
1.728009807174458956e+01
1.736914942790945204e+01
1.761118756126888485e+01
1.734496494895136109e+01
1.724260207089202268e+01
1.779415276437129023e+01
1.763882965236665257e+01
1.768211914035105892e+01
1.757228414071350642e+01
1.735592433036655535e+01
1.725172849667396591e+01
1.744966540264734434e+01
1.737210759362772450e+01
1.750275349490797083e+01
1.752344838346658662e+01
1.730657053698202219e+01
1.734425964851447333e+01
1.662541153048801590e+01
1.756363247696857854e+01
1.750648688858582247e+01
1.768550563557046473e+01
1.713332733392100593e+01
1.732567107611751211e+01
1.802365899568287588e+01
1.778440286410213744e+01
1.789659652757300989e+01
1.688857043499471899e+01
1.718325640774568441e+01
1.745666744873063436e+01
1.768675902727378357e+01
1.777643477639153957e+01
1.727606896215691634e+01
1.771376417502040113e+01
1.764826052289888736e+01
1.769914174951351882e+01
1.749071068836907372e+01
1.778470864262022388e+01
1.743087655033859917e+01
1.774735953049161452e+01
1.779223567761654579e+01
1.778550158128805947e+01
1.767411617873020191e+01
1.764515041750826896e+01
1.749486099841032072e+01
1.755391125662336904e+01
1.731318950748036301e+01
1.786313721771044527e+01
1.764857483818402173e+01
1.770972632313234030e+01
1.713086040513514163e+01
1.766098151634981406e+01
1.686339253793137871e+01
1.769927156380285638e+01
1.770666071750713755e+01
1.779164454910986137e+01
1.751724385232220271e+01
1.771146656115035611e+01
1.733297912900302151e+01
1.718443407635459508e+01
1.756177714586903704e+01
1.752727189293289456e+01
1.761421644253039176e+01
1.766731817823818318e+01
1.783031454942191729e+01
1.781711836394682535e+01
1.754985238723431706e+01
1.743475574203315759e+01
1.750013355355017453e+01
1.761897077877165430e+01
1.742789461135074447e+01
1.739354495434056957e+01
1.774476936726475174e+01
1.744922134716226125e+01
1.795276011838237196e+01
1.796906186005587003e+01
1.787520359510020995e+01
1.741285223291080797e+01
1.747743011994274553e+01
1.772755013394743528e+01
1.790631039662421387e+01
1.709852449484537118e+01
1.767393594086957620e+01
1.735807451912612009e+01
1.730627013007605086e+01
1.737571434620739197e+01
1.790574154651831762e+01
1.754381749044159733e+01
1.750382960829558243e+01
1.772827626631346476e+01
1.802585183728243479e+01
1.744354370615244321e+01
1.718841429507252627e+01
1.756876802214693356e+01
1.737161834335394772e+01
1.737580681256927662e+01
1.744672428575951173e+01
1.752876528090420649e+01
1.696702719969890438e+01
1.750788022284036316e+01
1.787590355574434042e+01
1.743952083600655811e+01
1.758006748831124355e+01
1.741880363772897411e+01
1.777784225847929633e+01
1.731654960622108064e+01
1.728173173202336699e+01
1.753557136402818273e+01
1.763385551284451225e+01
1.777219444151638683e+01
1.733981472613083596e+01
1.757964957364470138e+01
1.758317646267747136e+01
1.729386778901547217e+01
1.743343199359058104e+01
1.770234249004895233e+01
1.737979116099397103e+01
1.740269087668438175e+01
1.727049811397896661e+01
1.734739359529710612e+01
1.724401161675805128e+01
1.782471860374057115e+01
1.732743945832375232e+01
1.786114501390446918e+01
1.770788312521680652e+01
1.770457998298882885e+01
1.722036038681073578e+01
1.736053031833598936e+01
1.773680570095873676e+01
1.805666480297506027e+01
1.729929483100015375e+01
1.747152207463782148e+01
1.749615986696806758e+01
1.744929839427619100e+01
1.762186676860568824e+01
1.761967245413452687e+01
1.779215130402472766e+01
1.719183326591819139e+01
1.725353931644403005e+01
1.763655611544612611e+01
1.783069681176668908e+01
1.727538542420662182e+01
1.759871197599866122e+01
1.775836285550808924e+01
1.703052031650111786e+01
1.745743727297384496e+01
1.787310439163429621e+01
1.761819499778738063e+01
1.732546007924132780e+01
1.808524500061612628e+01
1.735179391250279224e+01
1.751447318848746093e+01
1.725185752966597619e+01
1.760545711160164117e+01
1.751357272469267912e+01
1.764322807562803064e+01
1.726097345022580498e+01
1.795358835158399913e+01
1.770198834623964501e+01
1.760583947916636305e+01
1.755553320410107077e+01
1.769069871545303485e+01
1.794641239507153330e+01
1.790586273974529519e+01
1.725273244575845055e+01
1.752703059948623832e+01
1.784270067970744478e+01
1.734355002085382580e+01
1.744134717680069357e+01
1.792161762126503177e+01
1.762740759132134727e+01
1.748631024057896610e+01
1.751049577717252603e+01
1.758546940596794528e+01
1.754869013859446625e+01
1.725546821505927042e+01
1.718607852101677125e+01
1.746418517287963823e+01
1.773008742024589424e+01
1.716242363242949764e+01
1.793082672870183458e+01
1.766198354891432487e+01
1.839841462084832102e+01
1.765403153848122031e+01
1.742950240725909339e+01
1.748994983191056818e+01
1.772139221551295662e+01
1.723734721164769113e+01
1.710584097736204257e+01
1.788104586597074075e+01
1.707189145612532144e+01
1.762447826915101601e+01
1.765371012378386339e+01
1.762791944777121955e+01
1.734072657304391996e+01
1.739281104282608581e+01
1.749614021719065704e+01
1.747760798147368888e+01
1.720414680779528993e+01
1.764905587081298322e+01
1.792716710063245600e+01
1.770672924312108876e+01
1.791183788615483863e+01
1.772938326299276568e+01
1.712664937036057466e+01
1.741904862623173500e+01
1.741332555712662966e+01
1.728605233676242037e+01
1.713737392728851816e+01
1.770995608053892667e+01
1.753775157974276055e+01
1.771600045804329682e+01
1.798221368367428497e+01
1.761652996554563444e+01
1.712089564933993913e+01
1.736938414577586087e+01
1.686244905041532149e+01
1.733056587258676728e+01
1.763646405139040496e+01
1.750424722461083249e+01
1.778099198834310357e+01
1.751307797753315398e+01
1.741418603897767525e+01
1.727669711908880501e+01
1.792039475880689281e+01
1.756402783552329794e+01
1.710482867158590992e+01
1.725890515436027428e+01
1.757690508297642396e+01
1.778491268119671886e+01
1.761891694843423650e+01
1.714062777277728600e+01
1.759828015022207737e+01
1.779306014507082523e+01
1.730974124913032597e+01
1.754964946960236816e+01
1.719441104706147883e+01
1.776684760747613723e+01
1.721852507204213012e+01
1.740921853970772304e+01
1.721669810763426156e+01
1.743718317617020830e+01
1.732234581599376355e+01
1.747422552629216952e+01
1.790183309733665240e+01
1.787434171889222512e+01
1.790665014736459781e+01
1.753042948430906733e+01
1.766862115367230501e+01
1.769420221977522090e+01
1.752590858105083882e+01
1.751606033358559245e+01
1.755849120604803915e+01
1.763683264141281271e+01
1.716278655346775039e+01
1.742978072117105270e+01
1.775375266825734144e+01
1.745242593567678924e+01
1.759376567618944520e+01
1.734021049270900861e+01
1.687459663235315332e+01
1.762500361579094132e+01
1.803657911921129653e+01
1.758913800718864806e+01
1.661786509248395305e+01
1.744321548858920323e+01
1.722515230774254746e+01
1.743885125260862168e+01
1.784435106540535898e+01
1.775226991346855598e+01
1.664237329839094670e+01
1.736357553601892789e+01
1.785755307380006585e+01
1.743371326274465005e+01
1.753719282752414799e+01
1.755627400208165056e+01
1.774954530289045351e+01
1.718510123581356552e+01
1.740378854347754611e+01
1.744645449685075178e+01
1.760985442543423929e+01
1.795948299833837680e+01
1.732518919878770802e+01
1.802702217786379890e+01
1.784163414169504591e+01
1.725115356892174390e+01
1.748624917183961358e+01
1.767267846465746928e+01
1.756397125652131308e+01
1.750033568790243521e+01
1.720938453391316258e+01
1.746369476709024227e+01
1.778555259663261978e+01
1.770897670496413667e+01
1.768167887234429969e+01
1.700100721753205590e+01
1.765454895498676890e+01
1.734501593360086247e+01
1.801794496297637949e+01
1.766618842785053189e+01
1.773597137479476160e+01
1.769762977515948421e+01
1.744672065800451577e+01
1.768328798867067420e+01
1.729562583428206679e+01
1.740644398434165652e+01
1.766371437483970652e+01
1.783184784590009286e+01
1.810666060883372808e+01
1.753256784265319368e+01
1.704789084216143991e+01
1.764267027520982012e+01
1.736145335885658270e+01
1.793696312168955487e+01
1.779753852457139729e+01
1.773824484315291627e+01
1.733152253039203217e+01
1.800850311256900937e+01
1.822862556096264797e+01
1.707440152126329380e+01
1.731981406776723631e+01
1.739950298114997196e+01
1.793537295514144247e+01
1.750652594882551938e+01
1.745591661766209057e+01
1.772544156950622352e+01
1.771872999489244549e+01
1.705515291656322319e+01
1.795316901937981413e+01
1.818008015793977705e+01
1.739823272917958619e+01
1.731913825222751413e+01
1.749077209694954504e+01
1.736165988188080789e+01
1.712566426210084458e+01
1.751721309837878593e+01
1.729679522329323760e+01
1.728994990928884334e+01
1.768570514648417102e+01
1.726800674829281235e+01
1.705208868561628321e+01
1.766543279541701850e+01
1.708075647922553841e+01
1.691037092993654767e+01
1.796214031392458566e+01
1.742230437865915960e+01
1.758792810907211646e+01
1.748107494002126217e+01
1.774114424090328157e+01
1.751941333644708365e+01
1.753705854276264020e+01
1.755605001316200031e+01
1.776207090502725450e+01
1.743590021687054303e+01
1.748797942492495139e+01
1.699287865826700639e+01
1.732361634260878702e+01
1.737572290585719514e+01
1.747237911598599069e+01
1.747941188458759854e+01
1.763377814567298785e+01
1.717034003534142172e+01
1.746961102433242630e+01
1.765900340605987395e+01
1.772806184050989486e+01
1.733829906839638468e+01
1.760609220000305086e+01
1.790311124975805868e+01
1.721745918117031593e+01
1.750460385438605471e+01
1.769459839245273258e+01
1.764236497011735949e+01
1.768247198940669307e+01
1.715797350157624734e+01
1.743077268156343607e+01
1.726546184946091955e+01
1.757283157566550358e+01
1.788647786406333040e+01
1.752362933355977859e+01
1.761319504713396000e+01
1.765068840471703737e+01
1.762550556307697747e+01
1.792939513349475078e+01
1.723727571389697388e+01
1.759341116282524098e+01
1.748573267572691847e+01
1.803108574855194490e+01
1.728280896538019107e+01
1.737104278839916915e+01
1.736054306258549218e+01
1.711623627504786427e+01
1.746096818806507400e+01
1.767752357596900126e+01
1.727375670711316147e+01
1.717480038637356543e+01
1.716736403829987623e+01
1.816233964732406392e+01
1.698056862131744182e+01
1.722776550966902676e+01
1.775298830285124296e+01
1.779776309352210006e+01
1.738012468674433819e+01
1.749447363860996774e+01
1.770477359592273103e+01
1.775430668943297263e+01
1.763761389818805370e+01
1.775989702945263105e+01
1.805641691840309448e+01
1.709403487925162324e+01
1.742231356219730287e+01
1.746654752317743586e+01
1.787298588289498724e+01
1.783435955592519662e+01
1.754769001202084766e+01
1.772763657769304757e+01
1.755789049837435556e+01
1.789113369982718282e+01
1.742534734924113948e+01
1.784601114825411017e+01
1.758725946540182505e+01
1.723488213638784217e+01
1.779956927304829506e+01
1.766730439223150029e+01
1.705685142484500361e+01
1.740093761661419691e+01
1.784970260688541543e+01
1.748357660169549632e+01
1.722647293355049669e+01
1.783445709013968639e+01
1.695449470680379989e+01
1.780877202737269371e+01
1.755073732949743004e+01
1.745911866286724035e+01
1.728668551000573572e+01
1.716641584373976670e+01
1.746178757655895453e+01
1.769653523584061361e+01
1.778446788841200998e+01
1.730112897783875781e+01
1.741019508046705511e+01
1.751628752267065181e+01
1.756388186764654336e+01
1.766285060291612652e+01
1.769683344922274060e+01
1.769055579777306519e+01
1.745186769819953554e+01
1.730117427126333496e+01
1.740165783299225666e+01
1.777182674660073403e+01
1.719687322640729832e+01
1.792897831389772634e+01
1.754716134783717152e+01
1.776404068214918297e+01
1.732087158170327612e+01
1.778936217510483786e+01
1.745914635259754277e+01
1.774186527783675871e+01
1.770383447403934696e+01
1.754144741573840705e+01
1.741044108969145654e+01
1.709452166505533199e+01
1.782294040491031950e+01
1.717833575012259573e+01
1.766027023868197432e+01
1.777551496124914365e+01
1.755651042490127622e+01
1.712566347594722416e+01
1.759170197277187953e+01
1.728747465322081567e+01
1.746738953815898654e+01
1.757942259960993425e+01
1.747083224203004903e+01
1.796149700142679961e+01
1.742993578805224786e+01
1.775701218505867374e+01
1.745341487310184192e+01
1.764655909893603791e+01
1.712940738600564927e+01
1.715214081204472762e+01
1.724827850744642177e+01
1.694612516207200770e+01
1.808978465105254685e+01
1.716451701364294635e+01
1.756377564274994185e+01
1.774600829732353446e+01
1.741319741815999578e+01
1.751944299967710705e+01
1.749123378879241386e+01
1.705289149727343556e+01
1.770090571540938029e+01
1.784533446481193408e+01
1.748219074882841539e+01
1.719389712072079845e+01
1.739882345757580495e+01
1.745400375831021123e+01
1.725929896534727348e+01
1.756850564576304663e+01
1.754879611505726089e+01
1.733366524920554852e+01
1.762170959408948789e+01
1.731572578040373145e+01
1.755576822726719044e+01
1.776778196472397298e+01
1.753458614650560321e+01
1.721121634037363890e+01
1.765454847538912730e+01
1.740844489788126026e+01
1.767678012619770200e+01
1.739867218340791055e+01
1.733465429526407675e+01
1.780253090714142417e+01
1.763227257951317029e+01
1.738948266603436466e+01
1.789092203493630251e+01
1.749765905864798299e+01
1.766258853765704728e+01
1.757677803093220703e+01
1.756524457937573658e+01
1.722155119225262965e+01
1.727629140718233813e+01
1.782198261219184943e+01
1.744237966442723931e+01
1.772171663356131077e+01
1.709533559210419895e+01
1.766770045209838358e+01
1.769160878963482375e+01
1.740465904931324559e+01
1.692463435799059823e+01
1.746966462989762903e+01
1.766908087763414059e+01
1.765564915425885317e+01
1.779701486885240769e+01
1.767048805430978220e+01
1.736043637884941404e+01
1.770310650550494458e+01
1.724573985076687777e+01
1.769788528489918633e+01
1.742732241438320173e+01
1.778017300417731406e+01
1.756093630976583952e+01
1.711892149848261013e+01
1.724082691596449735e+01
1.784976926251876606e+01
1.737850984704106594e+01
1.783995177096540274e+01
1.788616291540700942e+01
1.735778599713053083e+01
1.729509828291038787e+01
1.700054001513908020e+01
1.752621795647726088e+01
1.723594319399611052e+01
1.716139958904301466e+01
1.754969435253702414e+01
1.724680557377487844e+01
1.734923852292979163e+01
1.800376107518708935e+01
1.728172304548803595e+01
1.750284089153474198e+01
1.728202254108840918e+01
1.753870167871015084e+01
1.722156160969283434e+01
1.751350892702462758e+01
1.765578542071404300e+01
1.766745108752558480e+01
1.726581980200795030e+01
1.791447430774440264e+01
1.733915133054133406e+01
1.797526686700444642e+01
1.786898811269829324e+01
1.756524014838151970e+01
1.796461553140363065e+01
1.747736506386706878e+01
1.756656725666909225e+01
1.740164510578940948e+01
1.737391186092873951e+01
1.737412033045742632e+01
1.750218046603960431e+01
1.794758888753784021e+01
1.724415840461924176e+01
1.767644201714245966e+01
1.802030213655736546e+01
1.755263141903336788e+01
1.769065381038284457e+01
1.711031154128169263e+01
1.757651856428779169e+01
1.772591158345236906e+01
1.778919110366058121e+01
1.741516444728523183e+01
1.743579443517465322e+01
1.734263905968657227e+01
1.779949211724786196e+01
1.746508753485102261e+01
1.783897981915768582e+01
1.762483382770791707e+01
1.796976484726191003e+01
1.734538612153075476e+01
1.731248508573161615e+01
1.757879983928864576e+01
1.763169284909235657e+01
1.718179131938066817e+01
1.748862639913669526e+01
1.743966853984541387e+01
1.764525916163712793e+01
1.722006861853257220e+01
1.759465510888977136e+01
1.753350364639679171e+01
1.768475505466179598e+01
1.769167904096445554e+01
1.769487812869240173e+01
1.777427429236867340e+01
1.715308027417220771e+01
1.793309100093698660e+01
1.828644019674253229e+01
1.758813486448593011e+01
1.742698326393211516e+01
1.730991354252861569e+01
1.733708873373717907e+01
1.761456729496092422e+01
1.753939832056550330e+01
1.798600538390920889e+01
1.800912584468357736e+01
1.780381250962037498e+01
1.720538896972100318e+01
1.701490196245167752e+01
1.766814652329836832e+01
1.745964442189809773e+01
1.779601827713444706e+01
1.748893422905603856e+01
1.768325893579985575e+01
1.742747465791914863e+01
1.757280619951314193e+01
1.775347504763676199e+01
1.779632807878974532e+01
1.762531720021836890e+01
1.741588015861535510e+01
1.717139135977964060e+01
1.778758733111348889e+01
1.763387686210444727e+01
1.728665654527214102e+01
1.731906342246925234e+01
1.760564905156424942e+01
1.708987355872322311e+01
1.694040460151890315e+01
1.818283509711488932e+01
1.738848210072029232e+01
1.718944477555499972e+01
1.757553470618962521e+01
1.760454204750364227e+01
1.723854818601918026e+01
1.739268915650529834e+01
1.743328128259148713e+01
1.756544467322056491e+01
1.767956540706157043e+01
1.805220193771316772e+01
1.777438639569673029e+01
1.721652397735115514e+01
1.757150608389397206e+01
