1.867146522946891096e+01
1.855128992818946188e+01
1.807139386214208443e+01
1.826030339623620691e+01
1.810518345046062194e+01
1.903589999170348435e+01
1.875292599553771922e+01
1.869073183282668893e+01
1.853996614852184877e+01
1.853456614970777139e+01
1.908935872744343598e+01
1.874199367340471767e+01
1.886226703055655562e+01
1.869369629926832133e+01
1.870769784967341920e+01
1.835094504371129887e+01
1.838470828258303058e+01
1.867306111896181520e+01
1.875492776017626895e+01
1.869233472167753618e+01
1.867334440024538367e+01
1.902863279043853950e+01
1.900358919944679315e+01
1.916800779608672300e+01
1.867921596126198835e+01
1.895874097288941229e+01
1.872109982732389355e+01
1.830406260474138946e+01
1.888722312815468030e+01
1.876609198977935833e+01
1.838149030094875869e+01
1.838078846068784244e+01
1.836246754998772346e+01
1.833252984730610891e+01
1.865628228392392529e+01
1.881402602970080196e+01
1.879157906533809808e+01
1.853583466581715911e+01
1.905453401862253315e+01
1.850144201540778255e+01
1.816114713048691698e+01
1.880134562195609860e+01
1.843437666060999192e+01
1.840390651468624483e+01
1.849761570271108013e+01
1.869814841642071457e+01
1.845950096040339972e+01
1.850753705513394820e+01
1.811016583980606143e+01
1.862241059878492067e+01
1.868999500311843320e+01
1.879699572436869559e+01
1.886969401581591299e+01
1.814255035633835433e+01
1.862834039083577053e+01
1.865754413337639406e+01
1.791663704830526171e+01
1.897017967137878358e+01
1.872070103315689948e+01
1.897516437299189462e+01
1.884860218946857557e+01
1.891713752028785933e+01
1.838945909418574587e+01
1.911843821123937204e+01
1.857283766172411177e+01
1.826936610204909428e+01
1.889032589515301552e+01
1.888029181265076772e+01
1.900250751190492693e+01
1.824257856123460186e+01
1.859565849339430699e+01
1.854978528549343153e+01
1.848569446253254256e+01
1.900661510810446941e+01
1.836373146876079332e+01
1.830060878734311558e+01
1.842645301637376676e+01
1.837774445311029581e+01
1.830608850789734277e+01
1.856098810459758397e+01
1.903050906804872611e+01
1.858713738353899814e+01
1.859835771222829592e+01
1.840563607566376447e+01
1.858693794270070043e+01
1.858575718772569019e+01
1.847653630574832562e+01
1.914203140405339809e+01
1.868021108334187730e+01
1.830266102320744537e+01
1.842461642338597727e+01
1.859253274796479616e+01
1.848493797839984865e+01
1.832656815933679084e+01
1.888189623239236070e+01
1.833351295252157342e+01
1.891207471448326771e+01
1.868091312914692281e+01
1.901170520163619315e+01
1.886587090625792484e+01
1.835733781067525783e+01
1.850776706196118937e+01
1.909020623273928763e+01
1.882347893774143799e+01
1.876997734184539368e+01
1.854202245627724821e+01
1.860487696217448317e+01
1.817680474047929451e+01
1.830197345817070342e+01
1.862633582861986525e+01
1.892301109120047542e+01
1.867398281180169306e+01
1.854058080622267468e+01
1.911646828986599900e+01
1.867697953874664307e+01
1.853900041850057434e+01
1.876342806120740292e+01
1.887275435822522240e+01
1.879605109106401528e+01
1.843302097415734764e+01
1.858621546346378040e+01
1.915857947003770434e+01
1.906565366278667284e+01
1.832389375433413647e+01
1.886973362249843333e+01
1.855990564565338019e+01
1.872370930474052741e+01
1.869508683599942600e+01
1.840291396554873415e+01
1.872477096323708068e+01
1.865467341395384437e+01
1.836491207460958819e+01
1.860016267801078627e+01
1.869802227837221764e+01
1.825998300300717858e+01
1.816778540411464959e+01
1.868015514123706566e+01
1.866524345847855670e+01
1.887100411299519109e+01
1.898355688002812158e+01
1.864445784989302979e+01
1.842998000835817152e+01
1.855369584926626914e+01
1.855504690809706148e+01
1.888547811262833775e+01
1.884939637400685086e+01
1.899010282844903585e+01
1.884954131380608899e+01
1.837403437071617418e+01
1.839583804198570860e+01
1.790648400747584645e+01
1.865717292881305411e+01
1.887075139719886963e+01
1.858600402126801043e+01
1.806596376774702506e+01
1.856064239375179525e+01
1.817428629778861193e+01
1.879858317391692779e+01
1.863980489323623146e+01
1.873521726448732139e+01
1.881359374226704162e+01
1.854120225590687099e+01
1.901099755689019588e+01
1.834348580038150089e+01
1.896592615382392566e+01
1.883889741877548474e+01
1.845689470342897920e+01
1.870410582646628939e+01
1.831363608598352499e+01
1.793600359931574317e+01
1.832498457964336680e+01
1.870967943620729912e+01
1.842543506446227752e+01
1.885606360522215397e+01
1.836079598647078370e+01
1.828564086599363847e+01
1.825465716662298021e+01
1.861232466721008905e+01
1.857725272147023787e+01
1.884231198669425211e+01
1.881113930330694828e+01
1.849812356773956168e+01
1.867156847740974968e+01
1.852558483575234760e+01
1.866817913653477135e+01
1.915311083608132137e+01
1.887903091445813430e+01
1.889667578251004088e+01
1.887214227728838978e+01
1.806108299936484940e+01
1.799775468689075453e+01
1.829890598618257869e+01
1.934760196016209477e+01
1.876619151496297988e+01
1.882731905385131199e+01
1.864022836130127203e+01
1.890136549725337289e+01
1.892524919113044390e+01
1.847267750857431423e+01
1.828382416150047618e+01
1.834547733918388346e+01
1.869911818535589632e+01
1.948131071094070776e+01
1.846610922983593284e+01
1.897881953919452158e+01
1.876338721638456164e+01
1.848762271227442255e+01
1.869406877637883824e+01
1.919277274525497035e+01
1.892214603084206104e+01
1.869857071254746117e+01
1.868414128471714974e+01
1.888842302325771882e+01
1.850007573576665720e+01
1.815232821919224193e+01
1.879387374676745281e+01
1.835720382114838145e+01
1.856484090923884267e+01
1.846575750505863667e+01
1.902990367343554823e+01
1.900120744928973338e+01
1.892695031995510391e+01
1.861602925135823128e+01
1.866734764487361531e+01
1.876541391595980812e+01
1.843643083708852970e+01
1.914314849763527704e+01
1.823297986793757275e+01
1.865800365439249120e+01
1.879313070172117506e+01
1.892021784721060129e+01
1.889789929674097380e+01
1.808637542465655912e+01
1.874161427417708126e+01
1.869207866316410716e+01
1.823096925835230664e+01
1.931878638666973558e+01
1.847574159415950135e+01
1.847856011537165344e+01
1.774250738249257608e+01
1.838650142004582833e+01
1.852945412938704450e+01
1.829872289441529531e+01
1.910376981084473513e+01
1.831479949932641205e+01
1.844616064540410960e+01
1.844730832880731697e+01
1.860501548480236167e+01
1.871493793354666479e+01
1.881640001502706383e+01
1.881171796875234747e+01
1.851104129239634233e+01
1.843786629529192211e+01
1.864486953278673909e+01
1.845778625015591246e+01
1.839582986354035299e+01
1.846537039135623104e+01
1.834650385981225185e+01
1.839369040310750236e+01
1.886310835409721776e+01
1.856811135382807976e+01
1.841045148482907834e+01
1.801637304735610456e+01
1.873509171330500678e+01
1.858737105785990806e+01
1.873903806376332781e+01
1.861228588172218323e+01
1.869039634057515187e+01
1.860518912468285890e+01
1.894260941513552865e+01
1.847207847360331101e+01
1.857212154303891083e+01
1.826511457846985209e+01
1.824512716531419088e+01
1.815247734814802527e+01
1.853315347606895713e+01
1.843784651118081186e+01
1.881544571866552928e+01
1.853200757329589976e+01
1.857745186737369636e+01
1.852140944638507136e+01
1.865237336384754840e+01
1.881227875293180318e+01
1.859686924878852565e+01
1.835857909887058170e+01
1.875848999994979494e+01
1.854998422338764286e+01
1.834338702714975256e+01
1.891697670676007448e+01
1.882916624846526688e+01
1.864628690370933839e+01
1.832531435208436577e+01
1.858001264755215942e+01
1.835587603024019998e+01
1.817807384341001509e+01
1.880941744501624058e+01
1.861923161386657100e+01
1.859722952006458385e+01
1.859210032881685848e+01
1.864401434581753136e+01
1.866761469495397563e+01
1.862976212791895847e+01
1.895615341096081252e+01
1.809461860585105342e+01
1.834776346479810272e+01
1.871382352580499031e+01
1.871224855497713335e+01
1.885623837037451977e+01
1.863913539795658636e+01
1.881989997251307400e+01
1.885384198268891964e+01
1.903338624728576534e+01
1.887398535721571591e+01
1.835724372070987442e+01
1.854426354180510472e+01
1.886495305497288655e+01
1.842379054421336093e+01
1.866472082203773297e+01
1.839139477749860063e+01
1.879757091828187399e+01
1.861196930218556389e+01
1.814971849171336160e+01
1.805755762741583581e+01
1.833828966223586221e+01
1.879422584200279900e+01
1.830527318817622273e+01
1.863907325731648612e+01
1.874299251051014181e+01
1.850594149552097889e+01
1.862619373327122219e+01
1.882619884045772451e+01
1.840331341167541979e+01
1.832104064290001944e+01
1.852554912179755675e+01
1.869724418387787779e+01
1.817521949981896157e+01
1.893205416896043047e+01
1.828883414442157473e+01
1.896145709799654000e+01
1.837945530247894155e+01
1.888250271921628709e+01
1.867872602059804166e+01
1.849265234593802987e+01
1.860389268644453864e+01
1.844991401583520485e+01
1.830132187327322058e+01
1.800950542509232122e+01
1.870988207737014974e+01
1.885991388023393256e+01
1.904756240070752327e+01
1.795933944067891019e+01
1.821412926725814785e+01
1.857686642847588843e+01
1.887515642465114141e+01
1.846787679192804532e+01
1.812729040752099863e+01
1.839402746757480500e+01
1.888818951217781716e+01
1.872510491506947972e+01
1.943943065340161525e+01
1.922214953650397717e+01
1.830066353768551224e+01
1.889941472704067849e+01
1.889692264685881895e+01
1.859799879093423414e+01
1.846366408401286208e+01
1.874400773908825002e+01
1.852491683172222992e+01
1.861342657261668876e+01
1.842594006634537251e+01
1.845078952955380558e+01
1.891379873713878723e+01
1.840991164749067366e+01
1.848110039854936559e+01
1.867585009452570333e+01
1.870364797013713343e+01
1.822682295288211307e+01
1.835222913381962329e+01
1.848302254305586700e+01
1.892326028010571548e+01
1.866710897547717352e+01
1.850790502594238163e+01
1.813539100635951939e+01
1.854814633365286980e+01
1.838551100350073142e+01
1.844235798653418001e+01
1.862691528935922491e+01
1.865341796535703978e+01
1.825681977834513958e+01
1.855866611322686310e+01
1.893020071559811868e+01
1.860459916767968380e+01
1.885730158549895563e+01
1.860636604907592329e+01
1.857736034517613888e+01
1.840420720839284030e+01
1.815938907329576324e+01
1.814425915399242228e+01
1.864486115911181940e+01
1.869597948026508760e+01
1.853134931488914106e+01
1.863486966416368773e+01
1.869830670813151485e+01
1.842600891155251119e+01
1.888515623094381723e+01
1.894014078624899611e+01
1.848048658399549993e+01
1.857624366867066001e+01
1.899414081553282685e+01
1.860089840253275995e+01
1.892205400266390924e+01
1.906422759804088329e+01
1.822255733389473775e+01
1.857638959412426161e+01
1.839471298368186325e+01
1.847867010492515050e+01
1.801878386631157980e+01
1.817259538060046253e+01
1.838005510879011339e+01
1.888426792763934614e+01
1.836178319573532036e+01
1.846098960701639058e+01
1.851549384754343563e+01
1.865202461579054827e+01
1.838766994953418887e+01
1.890592354019400290e+01
1.827976025012567618e+01
1.865667135896628537e+01
1.886092324985253654e+01
1.854953041722955831e+01
1.904343656901111359e+01
1.867926294686839839e+01
1.836412541100159146e+01
1.850960848158604577e+01
1.851076723768886012e+01
1.881500840218790316e+01
1.863331974165161853e+01
1.842440139219426243e+01
1.846671844531803330e+01
1.884878024289473331e+01
1.889815316985745142e+01
1.834440477627912713e+01
1.820655876723234101e+01
1.848397034124910832e+01
1.797785576547416753e+01
1.853654825094162106e+01
1.835033828610884044e+01
1.861174441258433632e+01
1.851984755255594806e+01
1.848262853586214760e+01
1.886261952782584927e+01
1.853862805215258547e+01
1.832452109441581456e+01
1.888873323849469443e+01
1.878268398999522759e+01
1.858741139256053643e+01
1.854696991840705778e+01
1.892342778148036331e+01
1.873610875029217127e+01
1.840657109990912588e+01
1.893441231808061076e+01
1.865042157838050230e+01
1.908532112805484715e+01
1.860585184479107568e+01
1.856498644037672108e+01
1.818967054819901819e+01
1.881984273957106524e+01
1.895355703875158326e+01
1.869333832655992822e+01
1.836340495967819919e+01
1.856758669415372864e+01
1.827266127945480534e+01
1.798522919998768188e+01
1.864825662808070561e+01
1.815359689612504823e+01
1.846510557128532781e+01
1.871552202945785837e+01
1.880735671687144972e+01
1.853026619560007404e+01
1.906336457582544597e+01
1.883883630708965384e+01
1.820143188565922543e+01
1.826415494383998706e+01
1.856785813541458552e+01
1.872569145544278157e+01
1.904639162592584611e+01
1.860159968493583094e+01
1.888377856900274310e+01
1.868646115063696200e+01
1.862690997204523669e+01
1.863809518924671593e+01
1.860372419996741300e+01
1.872781381293270897e+01
1.851485529608311964e+01
1.905988987114047362e+01
1.863605247144998955e+01
1.862752830391247372e+01
1.870205528974309672e+01
1.822818050423757441e+01
1.890532556956963717e+01
1.807732119219998879e+01
1.828924080380947004e+01
1.871401308854873236e+01
1.833200939412302688e+01
1.852328487028037785e+01
1.835703430340380393e+01
1.843789204939575299e+01
1.874115957112805120e+01
1.811473591507847303e+01
1.849691668843363246e+01
1.869961308356094776e+01
1.819477449054106799e+01
1.888166674902220876e+01
1.858825787436363086e+01
1.842204423754999709e+01
1.845226534990204570e+01
1.839283919590782546e+01
1.817955578647975656e+01
1.873427453913772567e+01
1.860011358731870601e+01
1.878891832176772070e+01
1.882297256178960154e+01
1.865801936456368182e+01
1.852932505776256988e+01
1.880772951511922386e+01
1.867641284597134899e+01
1.852563482399083483e+01
1.841631192684591056e+01
1.859875213639398339e+01
1.907736420054121140e+01
1.837858271608339322e+01
1.852580596653844225e+01
1.897893475480237058e+01
1.911750020174431697e+01
1.839109429231619686e+01
1.837712189138363783e+01
1.894977225133964893e+01
1.835809956750801319e+01
1.843556333388483282e+01
1.871920743980093604e+01
1.854501880695280391e+01
1.847645755764474984e+01
1.832169598696266277e+01
1.899875428921959397e+01
1.832088712163099231e+01
1.846893666682634461e+01
1.816894520610209085e+01
1.829380160998907456e+01
1.856710601147285900e+01
1.854489173703334259e+01
1.868974912580515380e+01
1.886260437944133628e+01
1.829806635727081954e+01
1.832312869073415840e+01
1.848706627247186418e+01
1.811298927228509115e+01
1.918038985280015751e+01
1.849649295950651506e+01
1.844319325091801431e+01
1.899490944649472368e+01
1.809318471740313328e+01
1.811069723494156491e+01
1.869661820433543653e+01
1.901756708538791685e+01
1.865186029812383950e+01
1.852488362867469718e+01
1.882634975548604928e+01
1.817398249264712717e+01
1.948965059715991188e+01
1.866037186366385825e+01
1.863150378528160189e+01
1.852515112217119508e+01
1.869347620468125371e+01
1.894131460734478622e+01
1.838588653248597282e+01
1.872992311033837609e+01
1.813203392698205718e+01
1.795997003012765347e+01
1.842296618147748433e+01
1.890120996082931981e+01
1.921270838716908713e+01
1.937474674043254907e+01
1.877844307225350207e+01
1.837992372147359177e+01
1.868296229211929926e+01
1.831827124873759161e+01
1.866120965139618804e+01
1.906144846562494166e+01
1.844784984078357581e+01
1.848987234681105818e+01
1.834218988793726623e+01
1.899407798950129944e+01
1.847855142671359019e+01
1.904853492768812728e+01
1.863642314513817055e+01
1.913644866865210048e+01
1.888031576166768133e+01
1.849236422593868667e+01
1.843658207058248166e+01
1.845918009695508744e+01
1.849850240136226631e+01
1.908562080583799769e+01
1.861940381066704475e+01
1.862713227046911868e+01
1.860399442712716933e+01
1.898490920223729006e+01
1.924591967295064521e+01
1.869001396820702254e+01
1.849789405051807734e+01
1.833625255025571477e+01
1.874011632283176354e+01
1.879111722706160847e+01
1.873748872281283795e+01
1.845675617629253651e+01
1.872898323021151512e+01
1.854083960636797457e+01
1.846522986344765371e+01
1.820077603746838335e+01
1.885849047391140232e+01
1.884818330114100249e+01
1.886885418151853600e+01
1.849861212850487746e+01
1.841014215904553097e+01
1.845305292563469379e+01
1.889795881708567649e+01
1.851076424103280260e+01
1.829875345666089714e+01
1.869762057022536084e+01
1.880543707630230088e+01
1.857860458803558501e+01
1.837294700531137082e+01
1.869025891153586016e+01
1.910289540583740830e+01
1.875887492572219628e+01
1.842582052177380803e+01
1.887036043562899579e+01
1.818885136564415461e+01
1.887302077445350079e+01
1.863528183634058877e+01
1.840209184271222043e+01
1.837475139681673042e+01
1.819976057792460367e+01
1.864188242546835284e+01
1.835693600966964212e+01
1.823576016488431861e+01
1.867704172372930316e+01
1.808007510921791550e+01
1.848756727003528155e+01
1.835419836874043398e+01
1.883275823668721571e+01
1.838949910266844867e+01
1.882185026128094307e+01
1.882923652749017052e+01
1.887035052740796459e+01
1.893269217697043061e+01
1.830051536578341853e+01
1.873822550430768175e+01
1.808600850594735832e+01
1.866267256849126710e+01
1.813181986422402403e+01
1.781771645691502926e+01
1.845218000778073630e+01
1.838883594132534682e+01
1.877020313750954017e+01
1.882036028878482270e+01
1.868350624235420554e+01
1.877653866332731880e+01
1.829537777782809371e+01
1.880081383517846660e+01
1.873819331134454202e+01
1.853742939545530888e+01
1.824664675272710923e+01
1.869734550875045898e+01
1.817102344327496510e+01
1.857073251723511120e+01
1.880513583992417637e+01
1.826939643732877627e+01
1.842795216930172231e+01
1.828978360719817431e+01
1.866332486381295652e+01
1.865226615068961280e+01
1.852795923514957011e+01
1.872753640485250415e+01
1.812880498923855299e+01
1.861027699175573957e+01
1.882010008269620371e+01
1.831487841017574425e+01
1.864456381177117095e+01
1.877031151441378043e+01
1.863922833052256678e+01
1.852059869614122434e+01
1.847224838046861706e+01
1.872523290023516296e+01
1.900453943812649982e+01
1.772834689503682526e+01
1.837473836153869300e+01
1.887192085444055323e+01
1.868789334278091729e+01
1.879823076262739434e+01
1.855789717176688924e+01
1.841301650736751938e+01
1.832738104099064458e+01
1.864498519182908964e+01
1.857295214216988199e+01
1.863313027306733005e+01
1.853517556618484008e+01
1.850897189468572890e+01
1.804004812987155759e+01
1.854879838910996170e+01
1.862362826088174472e+01
1.826408248847393523e+01
1.858760973295303387e+01
1.859479708410500010e+01
1.855303835885563046e+01
1.844119264717654261e+01
1.875393466876331416e+01
1.840473366888461015e+01
1.788238962999673376e+01
1.808184669579550530e+01
1.826897200406851596e+01
1.860162999904535397e+01
1.824911587381551215e+01
1.890910409415704763e+01
1.847320996173372265e+01
1.832492656980467416e+01
1.813079152073160927e+01
1.905153888189656186e+01
1.860412808972717968e+01
1.809363588938286682e+01
1.832085727449803514e+01
1.887299383914725937e+01
1.862928053914771453e+01
1.864932598008424236e+01
1.867154371373544564e+01
1.853977126371172446e+01
1.855919814558673409e+01
1.879975757677481951e+01
1.844436009785382424e+01
1.869181677901793748e+01
1.837859474197878740e+01
1.808200111132943988e+01
1.843155223680715338e+01
1.861317822010319034e+01
1.901161696589083761e+01
1.845936194710935396e+01
1.889025375938169660e+01
1.894561832978547500e+01
1.859254553411281918e+01
1.849136715071342607e+01
1.846411658566573166e+01
1.861355624559547550e+01
1.855167337467729993e+01
1.875084210911934690e+01
1.864427958436289146e+01
1.801815032507384018e+01
1.860827436634868093e+01
1.815430095384569853e+01
1.866711794434018046e+01
1.857558555020213475e+01
1.812282935799314387e+01
1.867253003799755007e+01
1.835842166602066072e+01
1.856038781372328472e+01
1.804307089770730954e+01
1.861225605497391911e+01
1.833961132699182883e+01
1.835214485986421451e+01
1.812998966521457334e+01
1.845526657714292540e+01
1.907110037371007749e+01
1.894246184526308241e+01
1.861621434942735576e+01
1.862967874779528543e+01
1.824931113193384746e+01
1.857225115589055520e+01
1.886866910873184011e+01
1.813568065390098383e+01
1.842259001618220537e+01
1.872848782848282312e+01
1.856236616636380887e+01
1.850306750398909728e+01
1.878968420749302126e+01
1.859007966627467923e+01
1.832105156604946572e+01
1.915536949213591100e+01
1.872468247832330590e+01
1.833416480337994159e+01
1.855148351964680842e+01
1.876832298750900208e+01
1.875011214767442169e+01
1.933682102649660095e+01
1.877022812771721405e+01
1.908252592004632220e+01
1.826666089105529878e+01
1.881433178305342224e+01
1.822738176149581690e+01
1.808765139370595065e+01
1.849146543782520169e+01
1.863017446284829859e+01
1.838391105031526962e+01
1.853664035671606669e+01
1.868889002550466927e+01
1.855050995334148567e+01
1.799640384720392206e+01
1.866941186858243285e+01
1.833102797913321069e+01
1.904226539559232734e+01
1.907415362535882153e+01
1.883891584974189115e+01
1.853003641155504866e+01
1.878218279021377057e+01
1.875290112370735685e+01
1.884184884677657479e+01
1.887570265397127756e+01
1.906122927548609880e+01
1.885359237217760864e+01
1.880434662293030357e+01
1.864573140364398185e+01
1.806459621380586000e+01
1.874985202931974726e+01
1.864280462235142366e+01
1.847198613331371675e+01
1.869192066661869234e+01
1.856968454801593893e+01
1.860884578443268822e+01
1.870935229790705279e+01
1.867981321647041426e+01
1.846424116599896692e+01
1.878718859840996203e+01
1.880146204598781168e+01
1.929253145386264734e+01
1.826933550153484731e+01
1.837291821746104503e+01
1.862604599298877517e+01
1.888168692339296939e+01
1.854621847369378784e+01
1.829379417460344115e+01
1.889619412044836366e+01
1.880955274432313828e+01
1.848574236635793611e+01
1.869704835379793195e+01
1.840300498656067418e+01
1.839056994455629024e+01
1.863798052570759012e+01
1.836409820440623264e+01
1.865574431864627059e+01
1.828432807151727602e+01
1.822858678564716683e+01
1.832237911212805059e+01
1.809474403477399562e+01
1.849918691995315712e+01
1.868549402252445191e+01
1.869541009277296340e+01
1.850777491300981126e+01
1.889196557382084762e+01
1.840266246196058475e+01
1.850803618058574429e+01
1.853659631638685568e+01
1.891774650300790483e+01
1.883765554362602757e+01
1.859094409038117846e+01
1.890418746397124394e+01
1.835834540377552315e+01
1.915105378727850649e+01
1.858865218542582198e+01
1.822482188104313039e+01
1.894317927061121409e+01
1.856218841817873155e+01
1.861327076593705954e+01
1.858204738296452163e+01
1.922171259329580195e+01
1.889699395945496718e+01
1.900265153291870490e+01
1.844148815218311199e+01
1.915956128410432058e+01
1.833663273220711787e+01
1.850122474669850803e+01
1.865034161538069313e+01
1.861529358736681772e+01
1.877461882721190634e+01
1.878551398930481398e+01
1.872579782456024589e+01
1.893801185522343289e+01
1.864946021691586964e+01
1.851697414195660230e+01
1.899789346261383827e+01
1.875296983025708286e+01
1.858378494308295359e+01
1.903410061957997712e+01
1.890938284019122051e+01
1.855120003545328800e+01
1.845470057019443644e+01
1.859304636679081568e+01
1.869472514242956152e+01
1.827249745816182269e+01
1.881116754352885323e+01
1.855405684714464698e+01
1.871943308166779829e+01
1.933088493645319517e+01
1.887251402810654710e+01
1.893903878110381811e+01
1.857406674434858829e+01
1.893392178792088387e+01
1.891607859055541496e+01
1.828053445200722749e+01
1.812168642888272885e+01
1.856607014001350109e+01
1.852225627663211682e+01
1.869562084331914775e+01
