1.619172194485278027e+01
1.672657550093959600e+01
1.616962115980266645e+01
1.622827955644038767e+01
1.619550414399626348e+01
1.640395981106198064e+01
1.631460112267624751e+01
1.623071992559085786e+01
1.616823943006918185e+01
1.642862537505936871e+01
1.651667892671077809e+01
1.607778762890139035e+01
1.647799342566114689e+01
1.638518402425154719e+01
1.613592498613175863e+01
1.598236145811463160e+01
1.578804562047197280e+01
1.639937493186443618e+01
1.614411628117947828e+01
1.646129491984523696e+01
1.600785425468094303e+01
1.624098946622516948e+01
1.614352685710410640e+01
1.634833498906941429e+01
1.591670571530538147e+01
1.599262481136255687e+01
1.631690268034486735e+01
1.637451548179331340e+01
1.644949159228305291e+01
1.632005949718165283e+01
1.633276190004342254e+01
1.649150951378863539e+01
1.645394813965510394e+01
1.651962642892350530e+01
1.599221250059298427e+01
1.637197162859498079e+01
1.625447199711229018e+01
1.629867286603215248e+01
1.616420153688721584e+01
1.620500186044025881e+01
1.617634639349516235e+01
1.659235234717652574e+01
1.619160200751059620e+01
1.623508627294656748e+01
1.613818791437696021e+01
1.621856846543803954e+01
1.625380394368115233e+01
1.599576303589538817e+01
1.621252972858106745e+01
1.646546707667589615e+01
1.629671713399843114e+01
1.661490980667247541e+01
1.639758064525131331e+01
1.645275446179463685e+01
1.633983590187336077e+01
1.627078401589135481e+01
1.617335511361754641e+01
1.572755684752358185e+01
1.604164740466057282e+01
1.648858470454131719e+01
1.644672367588843187e+01
1.629419724253731161e+01
1.613727578398400908e+01
1.636420613488622777e+01
1.648694225695614790e+01
1.609534451792901422e+01
1.649325234740358681e+01
1.622597880041365315e+01
1.644631874004418748e+01
1.651064989628662616e+01
1.649143177526445214e+01
1.594220384922778599e+01
1.677727476327653733e+01
1.646803368267736545e+01
1.618903350157169641e+01
1.595400080974812163e+01
1.591271258046252868e+01
1.620061952141323047e+01
1.571508276338250276e+01
1.575355348614271200e+01
1.617983355388197708e+01
1.635534234896272210e+01
1.633653240103350868e+01
1.662535179376219219e+01
1.613886060610139950e+01
1.620117577775064888e+01
1.613703972166164036e+01
1.654547852725360357e+01
1.664016758540309482e+01
1.628065164809637722e+01
1.624998280746455848e+01
1.600081202749028364e+01
1.637158670321388954e+01
1.638647564082998187e+01
1.662240357665852386e+01
1.602937638188107528e+01
1.616597602243212961e+01
1.599066155221191465e+01
1.667120036033648134e+01
1.584648910145819656e+01
1.614953310893968208e+01
1.635615812883748887e+01
1.602947309919474961e+01
1.604811258543184138e+01
1.611806417717140505e+01
1.653528459653666971e+01
1.625585458220552937e+01
1.600508047262616174e+01
1.641454193932416317e+01
1.644777171663770687e+01
1.618664325678977889e+01
1.668472269226418803e+01
1.637864463324668662e+01
1.610207713523229600e+01
1.645219881580571197e+01
1.619695215992451764e+01
1.611184142114102258e+01
1.611074017389776714e+01
1.623917456709262197e+01
1.639570319607136639e+01
1.639422280455180569e+01
1.608377859543950095e+01
1.593651851848548517e+01
1.630786817243597753e+01
1.619979699399552331e+01
1.631137260974963965e+01
1.639570533405023767e+01
1.619478444496042258e+01
1.645234320757300850e+01
1.622288404927733296e+01
1.627719299786235752e+01
1.605805934813722047e+01
1.645455356390458590e+01
1.632140365354893063e+01
1.639433287538872719e+01
1.614307416388563610e+01
1.607743720952247557e+01
1.687216258771470478e+01
1.620547529776960261e+01
1.626216360724538390e+01
1.649397239986110364e+01
1.641177613939709090e+01
1.615871674495642196e+01
1.614127193289012041e+01
1.611965991179263114e+01
1.647165438955745387e+01
1.604144082764570101e+01
1.620893469878456017e+01
1.647732561188579936e+01
1.634595103196640409e+01
1.657827313996124730e+01
1.637900234253830334e+01
1.664059032444610509e+01
1.641995262098368613e+01
1.648272914973397363e+01
1.621439329119853312e+01
1.587928024746225297e+01
1.634018271758987240e+01
1.604426605632316694e+01
1.626951952150843894e+01
1.626061416520247604e+01
1.621488377545055926e+01
1.651912094334155157e+01
1.609996726254686905e+01
1.600841368659733988e+01
1.643124585267478466e+01
1.622908812937755485e+01
1.631211747519233413e+01
1.623712909875794708e+01
1.590155287839342790e+01
1.674061194516160356e+01
1.600260404511932677e+01
1.618560146947794465e+01
1.596850352350399227e+01
1.630233203436355183e+01
1.633271525686393844e+01
1.631940934389563935e+01
1.633553202021633410e+01
1.641903226003884342e+01
1.575218768512839240e+01
1.652122357562758026e+01
1.615539517793878233e+01
1.626123661526236930e+01
1.646091227835229986e+01
1.604470708196786077e+01
1.618271660251073740e+01
1.614322708516947813e+01
1.682092162554952708e+01
1.608173338158124466e+01
1.642949613981003054e+01
1.629306783638983447e+01
1.614684572618602942e+01
1.615498508574912506e+01
1.583792803570835339e+01
1.633081390272756295e+01
1.637183114116305660e+01
1.647595957840367475e+01
1.618156783466612936e+01
1.653931383651165632e+01
1.660308791203433287e+01
1.646168177317748871e+01
1.600585392071794288e+01
1.598118108058450559e+01
1.662829085004234742e+01
1.643623959440447990e+01
1.640081974930156505e+01
1.642118046514502794e+01
1.644562685632235599e+01
1.594988939381935289e+01
1.617807104044477029e+01
1.656993765429917786e+01
1.626762330118657829e+01
1.626088994211391991e+01
1.662393954853506273e+01
1.631403298914113265e+01
1.606485756172995494e+01
1.633556595601922723e+01
1.590311185320005727e+01
1.642393149716337675e+01
1.582719113251168963e+01
1.644439237330603376e+01
1.656271762264622183e+01
1.625925909308933015e+01
1.677912577982218423e+01
1.658844557837058886e+01
1.623111164276896190e+01
1.612414481027373725e+01
1.685803459313558861e+01
1.607869287624425070e+01
1.604752081297866795e+01
1.622888561825200071e+01
1.597733541348926778e+01
1.613972698148265295e+01
1.643990491671012677e+01
1.582047911048795363e+01
1.626992517082246081e+01
1.678914980512784894e+01
1.628995939724875441e+01
1.591550706051905983e+01
1.669983653972322202e+01
1.648572297248624352e+01
1.638386463547879757e+01
1.630411684089340341e+01
1.604337485090339399e+01
1.629554619024219875e+01
1.596792632442207527e+01
1.624124934973368894e+01
1.668402994488246094e+01
1.615489247984673682e+01
1.640747068591175406e+01
1.636488783216487519e+01
1.596582468846940728e+01
1.603068159628428191e+01
1.666667198873399869e+01
1.610470560405400775e+01
1.639859670079766829e+01
1.659995773526283358e+01
1.622499963804868273e+01
1.658034355988746711e+01
1.658812803206338415e+01
1.668718105252890282e+01
1.629612921335020204e+01
1.616578840354876334e+01
1.618957110311662007e+01
1.605330173298981222e+01
1.664006708463961459e+01
1.597235896971245772e+01
1.675337631425645668e+01
1.622527510478152735e+01
1.598483549474028109e+01
1.641208708466596633e+01
1.629555856034401984e+01
1.610598170758396463e+01
1.596251677733808449e+01
1.624109847345175694e+01
1.608844627075516698e+01
1.650032958169093433e+01
1.594921810937530893e+01
1.633176394264704356e+01
1.627666726960485732e+01
1.630431918992291784e+01
1.603656926128897098e+01
1.635038158283912679e+01
1.666526956284564776e+01
1.643554839684545854e+01
1.663412425177401488e+01
1.608400570514480776e+01
1.609195008434429397e+01
1.636945736707926713e+01
1.606236122281435996e+01
1.625124438447376818e+01
1.579924066958490947e+01
1.691032327710683703e+01
1.621800339411212377e+01
1.581469546896732759e+01
1.611119446742188899e+01
1.611576129049579009e+01
1.647091781631016616e+01
1.616892049428309619e+01
1.614561797806963384e+01
1.635804983347086861e+01
1.625351626244748360e+01
1.662376002567169664e+01
1.632435704315006930e+01
1.594638660069998437e+01
1.593913641974698869e+01
1.620954282502874833e+01
1.631891154136322086e+01
1.619986324045519410e+01
1.596768736519538834e+01
1.620357319995978429e+01
1.623782269356373220e+01
1.611067500898115057e+01
1.669315979243427961e+01
1.656855776352154308e+01
1.606766051306421872e+01
1.607204933041441208e+01
1.617171056696765419e+01
1.606508954398590561e+01
1.622832331607665779e+01
1.637862864429896348e+01
1.628567978979836894e+01
1.599287370219785842e+01
1.608980774695923444e+01
1.649667209198997497e+01
1.636269300964915985e+01
1.617817490597145991e+01
1.608929173898299680e+01
1.653240356652137422e+01
1.642043834495832755e+01
1.641678117006566850e+01
1.638498912219414549e+01
1.623712604776242685e+01
1.636210639901027619e+01
1.617265630911074226e+01
1.662443187082265794e+01
1.607664424777558310e+01
1.645517753855404308e+01
1.632179267394738531e+01
1.649739985275133236e+01
1.611786323612221850e+01
1.637704618505837573e+01
1.648562100324751256e+01
1.675005226138758374e+01
1.648158249613985760e+01
1.603861147263143394e+01
1.665447636734072034e+01
1.614861124488926691e+01
1.622279623518638303e+01
1.653519961125535787e+01
1.620672874089127546e+01
1.631028305788938937e+01
1.596786880585873369e+01
1.615795762306762029e+01
1.612333013040441188e+01
1.618675625019329800e+01
1.617511841154395569e+01
1.620625615291722355e+01
1.652433146619242166e+01
1.605038859374194971e+01
1.607901766974582003e+01
1.605230030624220916e+01
1.642967473273719392e+01
1.662588172600067793e+01
1.625265363050760570e+01
1.643525574526037047e+01
1.615776287276212742e+01
1.587229619654497093e+01
1.592723900965852479e+01
1.651419606740976675e+01
1.609404383726074528e+01
1.649590040144065739e+01
1.609765221685750802e+01
1.599466701069798269e+01
1.669392757169572050e+01
1.591048049447426038e+01
1.636749664881372723e+01
1.619170067471007002e+01
1.589734411432223027e+01
1.605664204568798681e+01
1.635922848984541034e+01
1.642699020958161427e+01
1.636183211361574052e+01
1.637738718280703409e+01
1.639152698626952898e+01
1.637604245481636411e+01
1.603852658337281767e+01
1.592009732268459921e+01
1.638062671438636997e+01
1.614544544585844577e+01
1.641015557506323219e+01
1.640105454422668885e+01
1.647799923934978494e+01
1.605935160263728179e+01
1.664203976717573141e+01
1.626797317305612367e+01
1.640164300129761799e+01
1.601088453539263767e+01
1.649401614001980221e+01
1.639577138888666497e+01
1.649657821189324736e+01
1.622555867149284481e+01
1.618941355544716032e+01
1.633352350328420499e+01
1.625716084676251683e+01
1.611640360918138981e+01
1.599065399797744114e+01
1.612009504025186857e+01
1.599720699972515270e+01
1.655493571864754898e+01
1.624825754729203453e+01
1.643443066421578891e+01
1.651285545788330822e+01
1.617893020000086324e+01
1.662128321575225698e+01
1.590404011669037843e+01
1.625636303526966131e+01
1.624812602778042248e+01
1.663084234074795731e+01
1.641580226355195293e+01
1.600918850440877250e+01
1.647620858273572964e+01
1.621079929057576763e+01
1.642038086689492715e+01
1.624486609972577966e+01
1.607549866783604386e+01
1.631496215346141199e+01
1.609738114815576893e+01
1.644111397182374645e+01
1.628358504777223104e+01
1.596729283766761398e+01
1.606190042569840060e+01
1.654480207940136438e+01
1.617785798204653958e+01
1.607802202598118058e+01
1.625839750636740177e+01
1.612166307313915681e+01
1.630440570443220594e+01
1.635535706576817816e+01
1.625577209624215769e+01
1.629844192825222393e+01
1.598948609298305712e+01
1.606483161342400834e+01
1.613942648840324523e+01
1.590453944215351889e+01
1.607022916261364642e+01
1.630240995314294494e+01
1.596223585942282241e+01
1.620606807774790781e+01
1.653220216445390278e+01
1.625386680179657972e+01
1.626159947834469222e+01
1.634493779590692952e+01
1.619373807620710082e+01
1.612526240968826841e+01
1.617322872376097465e+01
1.595397103830114638e+01
1.607294557623793452e+01
1.605382985214293967e+01
1.611010835716799505e+01
1.655960647033530009e+01
1.627358068874596952e+01
1.677840046544844910e+01
1.663186568416843869e+01
1.636953066069045093e+01
1.621661070915887848e+01
1.644094184458619168e+01
1.621339855034777599e+01
1.637155126229913904e+01
1.618431092395014304e+01
1.650221834415198074e+01
1.623306834253481057e+01
1.646020237517629425e+01
1.640469308396158610e+01
1.658113529949677911e+01
1.623168031118391141e+01
1.640172710437155246e+01
1.619948016344867980e+01
1.585141979143208601e+01
1.599965793021943306e+01
1.588558896897041528e+01
1.663314419870480165e+01
1.614843675207569618e+01
1.642802746924067137e+01
1.643400686904837116e+01
1.623960595108689375e+01
1.641441096310153824e+01
1.608548535661754286e+01
1.637366054226515644e+01
1.640397020683059282e+01
1.686455677783487772e+01
1.627917256374150057e+01
1.621565921197072058e+01
1.617496568118180278e+01
1.630276809412775663e+01
1.616680949046149607e+01
1.603179520631251975e+01
1.623091234532333260e+01
1.646702369902666874e+01
1.599068581025028735e+01
1.644403601236458456e+01
1.646954134671697290e+01
1.638645658759244483e+01
1.615650895869103465e+01
1.615791532767304872e+01
1.628853659571885260e+01
1.631186395816346391e+01
1.645189667327996119e+01
1.652387015076998722e+01
1.647476788430056871e+01
1.643531922983863325e+01
1.636056593660996938e+01
1.638862371139502017e+01
1.643889768765933823e+01
1.611240440318364264e+01
1.636799989969352964e+01
1.618597177253050035e+01
1.621839444226884552e+01
1.602584592713217049e+01
1.595479933378595661e+01
1.630172904218793661e+01
1.650759038055894834e+01
1.593876486327957132e+01
1.649374609270362058e+01
1.618000742248824508e+01
1.633950855016276904e+01
1.656517667248410675e+01
1.596666575882371042e+01
1.601647476317952012e+01
1.636974387698433731e+01
1.643680912855712251e+01
1.631185720015112750e+01
1.643829013044593523e+01
1.608485373462578139e+01
1.670098643343052203e+01
1.606244977974115429e+01
1.624155902242597804e+01
1.630143100915995191e+01
1.588090490350809247e+01
1.633512854249347868e+01
1.626285029276122174e+01
1.616799314107455032e+01
1.617895674610593915e+01
1.611480240898864835e+01
1.654221233388980394e+01
1.566050383066534302e+01
1.623578960324036302e+01
1.637265293828768264e+01
1.636741984019782592e+01
1.653986970198614870e+01
1.608743138768804926e+01
1.663312299715577680e+01
1.681281034761160242e+01
1.614893695956405750e+01
1.618839213883834560e+01
1.679937843806032305e+01
1.650385866678870528e+01
1.601369296926920782e+01
1.635376048376155822e+01
1.604246674306013887e+01
1.626196569540925552e+01
1.624303826215668067e+01
1.590528466154381704e+01
1.673054768286624849e+01
1.634709313283858378e+01
1.621026688445218866e+01
1.611913894694108507e+01
1.655716418812446733e+01
1.598015337690451787e+01
1.600445590967324350e+01
1.632759523945653157e+01
1.596670894781552441e+01
1.609133085032462063e+01
1.594208580511833517e+01
1.623551847022095629e+01
1.641345360354278782e+01
1.622746444713370551e+01
1.630962029688591741e+01
1.623867208140146090e+01
1.636342751140848151e+01
1.636208396824924094e+01
1.663107954842569214e+01
1.638968232770844580e+01
1.662700653165356357e+01
1.632932939606340383e+01
1.641582355545161676e+01
1.613632841414651864e+01
1.663500735835117084e+01
1.640977885530170255e+01
1.624976676077724491e+01
1.626665673052221450e+01
1.613869540711056771e+01
1.595695686761434473e+01
1.642311570000441634e+01
1.640852910821200439e+01
1.585690367893533548e+01
1.655544568264209815e+01
1.632934853154859667e+01
1.612736390337510528e+01
1.654490915318864097e+01
1.587564548811615417e+01
1.603783628832907482e+01
1.597891606499138817e+01
1.626295379810737884e+01
1.609499077919235432e+01
1.589707474364726103e+01
1.609939477120459017e+01
1.628590304139074973e+01
1.629943575678917611e+01
1.621786331949300575e+01
1.630295729755900425e+01
1.611293161826521825e+01
1.623528404155443283e+01
1.610697687283663981e+01
1.604132619726768993e+01
1.636029162646106627e+01
1.598933787222688885e+01
1.573165796209954692e+01
1.664889839900013513e+01
1.661444566781366916e+01
1.617549657998279500e+01
1.631885490070136058e+01
1.591733460774473308e+01
1.589981029819175795e+01
1.638124073088606281e+01
1.633472732647846115e+01
1.637054167335485744e+01
1.633144460639499584e+01
1.606468468316747789e+01
1.675363925670689724e+01
1.600980760441574446e+01
1.623202072527825379e+01
1.659410025034138059e+01
1.629111244194260522e+01
1.613814602062398151e+01
1.621393355961624749e+01
1.602710771260614564e+01
1.606769307296622884e+01
1.615025886161652480e+01
1.639493732024051909e+01
1.611375822228614751e+01
1.605701353971892686e+01
1.623219101034279532e+01
1.640143282948978865e+01
1.656905641931606965e+01
1.617170877343230018e+01
1.661684352899240125e+01
1.628065438046898805e+01
1.621630374937709007e+01
1.633631111912975342e+01
1.648331307563190862e+01
1.618221535151478818e+01
1.666835516265257766e+01
1.614420551348955613e+01
1.630172558633248769e+01
1.603885713224347498e+01
1.630593628146952057e+01
1.621120585808677461e+01
1.621853530501641671e+01
1.630826828604595491e+01
1.642555918038029716e+01
1.599944141637807071e+01
1.623568881249783402e+01
1.632271292560479381e+01
1.608541506623298289e+01
1.641952862675337244e+01
1.601896386601964295e+01
1.642826240018662887e+01
1.654115255833957931e+01
1.618975484654247765e+01
1.630247062620697207e+01
1.633574610308457054e+01
1.650074533694586165e+01
1.650178661143575098e+01
1.661360931171719102e+01
1.611833392798442688e+01
1.627422267302215175e+01
1.649679487473517625e+01
1.612680876563371513e+01
1.628582724833506745e+01
1.626856419096831985e+01
1.608166449402122566e+01
1.623161101651506044e+01
1.637085723300015516e+01
1.619970073245742981e+01
1.638060596860486484e+01
1.655247894855333968e+01
1.611266511810487501e+01
1.631591098802150697e+01
1.628798944593292219e+01
1.626204981684544038e+01
1.647948384539130728e+01
1.610906101824446424e+01
1.637417265498680763e+01
1.634596266060376024e+01
1.649925407516682441e+01
1.622245598879424477e+01
1.655003475902638499e+01
1.646451418298600444e+01
1.616639227370873400e+01
1.642254607963665691e+01
1.603306448076060775e+01
1.619440497256600509e+01
1.609166925403100379e+01
1.631291640333056137e+01
1.633234916355263877e+01
1.611485444518315902e+01
1.588629156822105593e+01
1.614743795080546462e+01
1.603240937014492218e+01
1.686313240629477761e+01
1.576341044263594959e+01
1.618739816879605442e+01
1.607158576717500154e+01
1.615080132681377023e+01
1.645059875004000816e+01
1.605920501553663371e+01
1.605727897893337186e+01
1.628411511276497237e+01
1.613751888785879274e+01
1.637538491756383152e+01
1.645683617572720792e+01
1.636681003624788389e+01
1.627532357963210785e+01
1.640494695486538390e+01
1.609990575129228318e+01
1.627212411706791428e+01
1.625246426704893921e+01
1.596764833043313736e+01
1.654995054034011659e+01
1.620404141982207946e+01
1.599399569370292618e+01
1.647587082694340310e+01
1.586831435134760682e+01
1.572951188980843362e+01
1.625141364248864662e+01
1.642322142574225552e+01
1.658668542274187274e+01
1.643917054896094143e+01
1.621143264762829972e+01
1.670475541187474633e+01
1.634252254765420886e+01
1.633965581935389366e+01
1.641736954626988521e+01
1.635520934450340036e+01
1.587830938420493787e+01
1.665380117847291075e+01
1.645908992532040926e+01
1.610265903141344168e+01
1.621084433464094943e+01
1.671215354452973756e+01
1.632429090186093390e+01
1.621336299573824391e+01
1.616951194146716730e+01
1.615676052614288949e+01
1.619477264113045223e+01
1.624928444949195949e+01
1.619294119528231946e+01
1.640156034032277432e+01
1.631041772365050235e+01
1.653048373016011041e+01
1.647902758250866384e+01
1.682141587793567084e+01
1.624613155855455915e+01
1.618579958748017589e+01
1.637287007956138751e+01
1.620098357690119784e+01
1.609195011814395571e+01
1.626864082051892524e+01
1.662485227444327407e+01
1.619356433013915719e+01
1.617386058736678933e+01
1.635310946319500758e+01
1.617629372461140846e+01
1.606369442420018956e+01
1.624569986024416579e+01
1.626760338683311957e+01
1.626416919730482746e+01
1.633297448399782681e+01
1.660115554942042593e+01
1.626443678998882802e+01
1.620926632841068837e+01
1.631260077198320957e+01
1.589261602734742596e+01
1.600267090792480218e+01
1.618593756747555545e+01
1.625368988596371977e+01
1.577649577995297570e+01
1.596508807804256236e+01
1.665184883774013258e+01
1.577932157362906196e+01
1.594564655185433111e+01
1.620118359205140735e+01
1.595076065267706333e+01
1.598179677161651036e+01
1.625844489873694698e+01
1.682867884051975693e+01
1.627290153255965066e+01
1.644465917531904964e+01
1.606347258424041513e+01
1.636919259367607538e+01
1.637589986940321296e+01
1.619277306100123681e+01
1.644627598843900884e+01
1.631321829125450407e+01
1.645104075588260528e+01
1.611710333830911068e+01
1.674260880388047923e+01
1.634739995401110235e+01
1.634926850114034735e+01
1.647463561302262747e+01
1.607172947535301333e+01
1.645725898462167791e+01
1.623726844313270590e+01
1.619479839026780255e+01
1.604212467387458574e+01
1.649702120709144992e+01
1.618813088364904118e+01
1.656180617740562866e+01
1.629234266967610267e+01
1.653405696967320893e+01
1.621194064820514669e+01
1.633381343296204946e+01
1.579809943489952495e+01
1.627436635694234468e+01
1.593740336672574465e+01
1.605172117889153682e+01
1.660730178937567558e+01
1.614712054773271177e+01
1.659345786926777677e+01
1.614373560801599439e+01
1.636918090497223588e+01
1.614413235890775766e+01
1.634079545096779995e+01
1.682301508646749966e+01
1.624033371443234586e+01
1.653628742811547525e+01
1.594653401324808684e+01
1.611864948150001453e+01
1.599181116552428072e+01
1.619651849927925014e+01
1.658914025052398955e+01
1.640614201064095568e+01
1.612065210158489137e+01
1.614150935816719823e+01
1.633364319400855891e+01
1.626307757663893838e+01
1.624313484952024211e+01
1.630095772499717910e+01
1.574955036459028967e+01
1.644655518088694990e+01
1.623554216141149453e+01
1.642049960647025131e+01
1.650663678781983634e+01
1.633215635466547155e+01
1.636598963577140964e+01
1.633625527494959329e+01
1.642484102795006962e+01
1.632631831363249120e+01
1.640453532199668629e+01
1.658728663085645394e+01
1.636952503112231838e+01
1.608085119090246096e+01
1.629228230898929652e+01
1.661142817820373452e+01
1.671940564351120528e+01
1.612904598168854164e+01
1.638353916886979178e+01
1.624387431988989050e+01
1.613634791860612694e+01
1.597210305266655261e+01
1.638980206682348140e+01
1.624020329882052494e+01
1.632825471817421459e+01
1.632998303050863242e+01
1.650002158662789853e+01
1.644309453699964152e+01
1.651379288797792100e+01
1.618663428700271112e+01
1.664910928516522048e+01
1.629862915622865316e+01
1.615427257294706109e+01
1.625288594340674919e+01
1.654532689039463023e+01
1.632820473458667365e+01
1.623285429677991942e+01
1.657337623366405310e+01
1.628217394197176660e+01
1.615368339473319637e+01
1.591837097180484051e+01
1.630611055726883052e+01
1.616423905338725930e+01
1.602023485903476185e+01
1.634266944813618494e+01
1.632032119875013976e+01
1.627833889309612658e+01
1.656394359042395692e+01
1.603618465189977371e+01
1.634598946597496649e+01
1.614432441418728814e+01
1.629183550769250388e+01
1.592609431924972085e+01
1.650553182046063583e+01
1.632004144693066650e+01
1.598322633739918430e+01
1.638269586792375421e+01
1.597377379988687274e+01
1.638770417006769620e+01
1.618874815739096462e+01
1.621241678853238355e+01
1.627527471998585895e+01
1.583745117161642568e+01
1.591133337123604008e+01
1.646704303945912784e+01
1.663646464333949382e+01
1.672197029581386118e+01
1.628885899679037053e+01
1.619597094252156211e+01
1.625008337491637889e+01
1.632218523691366130e+01
1.634471116498973942e+01
1.567908777788573538e+01
1.626564048849832389e+01
1.642617962122528041e+01
1.657324690393351929e+01
1.628592478142547861e+01
1.631335246678686346e+01
1.602482224189214222e+01
1.615223423020578153e+01
1.671671822438932864e+01
1.623882347815331073e+01
1.595106588320849994e+01
1.707222789719943279e+01
1.615194696686956988e+01
1.673030313037986261e+01
1.625600544095972566e+01
1.603058232736979249e+01
1.608838540531622030e+01
1.651559682197294876e+01
1.627622824709515825e+01
1.627124678992657181e+01
1.635295830999776356e+01
1.622537278959281792e+01
1.607941295099077905e+01
1.646784822523281377e+01
1.604364991302856680e+01
1.643015448150275404e+01
