1.771390288947013048e+01
1.741609270956112354e+01
1.737974140627853359e+01
1.703595406374060417e+01
1.696607259124594336e+01
1.855017497257087911e+01
1.686924584487081447e+01
1.739280742850607098e+01
1.762983413705482860e+01
1.642253272917156437e+01
1.756781014194755386e+01
1.771829603822944676e+01
1.878258534486080578e+01
1.810765444826114035e+01
1.837735933233970087e+01
1.815745468615906333e+01
1.769452567541743093e+01
1.724172854501808416e+01
1.733364495117217174e+01
1.746322348444743611e+01
1.694347573315491573e+01
1.728038644750256125e+01
1.811549573995480600e+01
1.840640757761435609e+01
1.762135094971750959e+01
1.729890301607858660e+01
1.802271896753653024e+01
1.833845884067942933e+01
1.732175987205815559e+01
1.648090016656647094e+01
1.705214796673732280e+01
1.788525664721034403e+01
1.734623096971197143e+01
1.718078176605809659e+01
1.776055214976082297e+01
1.797159183130818150e+01
1.733880549494348244e+01
1.798384121740966535e+01
1.683389044258868594e+01
1.836451768397438755e+01
1.710063159297926916e+01
1.760594928194488418e+01
1.780161376079631808e+01
1.713221674979195441e+01
1.713673494758536009e+01
1.824058730331128686e+01
1.796495263791825181e+01
1.661228035269208192e+01
1.875036816679540763e+01
1.768856720437322139e+01
1.776302156974263369e+01
1.753063732110134865e+01
1.688909856501529561e+01
1.756110805159521959e+01
1.783775699751439703e+01
1.723388447567665338e+01
1.818465716540196908e+01
1.770676577050141987e+01
1.746180409417795332e+01
1.762445943553114702e+01
1.872886019767682697e+01
1.772515289817466666e+01
1.756686750913446105e+01
1.665649177029901651e+01
1.778133254331431701e+01
1.712263030612949777e+01
1.696451735324894727e+01
1.715834408733925898e+01
1.702246960414947097e+01
1.744146996161564189e+01
1.755625990423060401e+01
1.763764835732255420e+01
1.634781695240797816e+01
1.734965041841066835e+01
1.821601086386365154e+01
1.716563394068331405e+01
1.759902503123964124e+01
1.758896950901186074e+01
1.751384938155608140e+01
1.735310310556096880e+01
1.704745992201309690e+01
1.744184463259062667e+01
1.807692791598149640e+01
1.668504563658233053e+01
1.564340969457122199e+01
1.787574581508694394e+01
1.778769239358113197e+01
1.812264292995488546e+01
1.746283335292972794e+01
1.713813258795886085e+01
1.723188623376339734e+01
1.673342414644696774e+01
1.739802648983037159e+01
1.792778115995995947e+01
1.817104177938830034e+01
1.714652421580150943e+01
1.848092522439817031e+01
1.764479223145952957e+01
1.853900368140194743e+01
1.748526528902380761e+01
1.749867883487240761e+01
1.757897236689242959e+01
1.665971999528573733e+01
1.641034736754521717e+01
1.678383316669243897e+01
1.766975108888084023e+01
1.716531735948193926e+01
1.851060013251994718e+01
1.830831159136504382e+01
1.820406762659441924e+01
1.673868324489131965e+01
1.709763232123092536e+01
1.917439173371548122e+01
1.768701239279504378e+01
1.652816839908447832e+01
1.673842797070585320e+01
1.792852154764591077e+01
1.718177033770680850e+01
1.692750376326110384e+01
1.721179908022935123e+01
1.801037537662360677e+01
1.794643919253038433e+01
1.738322892120463692e+01
1.663212828192400394e+01
1.699660347375062130e+01
1.776266476634275193e+01
1.722582586548089623e+01
1.809121599145034409e+01
1.696125599825675678e+01
1.681077384729781699e+01
1.766353949961920122e+01
1.784538971766940563e+01
1.805237216789425858e+01
1.653451114029775226e+01
1.691341801163224901e+01
1.829931000313953504e+01
1.747835326197908756e+01
1.846572232707915973e+01
1.754556019250480148e+01
1.771817508143707798e+01
1.768643170284472887e+01
1.681283379282878343e+01
1.740507008000550115e+01
1.747013960545499600e+01
1.760172803252722673e+01
1.711944040656495503e+01
1.777357685575114843e+01
1.855229595674652998e+01
1.747402333200935942e+01
1.714871783495685520e+01
1.783841105295319096e+01
1.850458831726163922e+01
1.817144363002542562e+01
1.652120915809764767e+01
1.756041812581588957e+01
1.778154280739178361e+01
1.784818307934139980e+01
1.738646964070414924e+01
1.865914142658429498e+01
1.724084360805986194e+01
1.798044650254223953e+01
1.792386958232864203e+01
1.824276911950490643e+01
1.774064116854398065e+01
1.745049992841831710e+01
1.883246673978127106e+01
1.709133207122726716e+01
1.787829764955028367e+01
1.708663454421186856e+01
1.727164160157625261e+01
1.806323859625594253e+01
1.758336424238679641e+01
1.786113372964316426e+01
1.814543259327973246e+01
1.774220974233348258e+01
1.768772598897725601e+01
1.795770043614004052e+01
1.779855651608821887e+01
1.715692325908759130e+01
1.689685370244590601e+01
1.682577546261744317e+01
1.823972925080363794e+01
1.750204530546017878e+01
1.835578461144674023e+01
1.837824329642449328e+01
1.630772318708419633e+01
1.779834147199589012e+01
1.696679984537659536e+01
1.720061601109442506e+01
1.741337710484260981e+01
1.839442701299511285e+01
1.833840608313202836e+01
1.639132740624342688e+01
1.843891704400282805e+01
1.736966487543515214e+01
1.746257579086563894e+01
1.715824006800614754e+01
1.726677169119620459e+01
1.766492441311061512e+01
1.737025482536047960e+01
1.748159065676767199e+01
1.747055416062445232e+01
1.766484587215520463e+01
1.794615260358322217e+01
1.768415732852356115e+01
1.673900143420890885e+01
1.668257464774779564e+01
1.680388129912142858e+01
1.776365524500932125e+01
1.783556782313370093e+01
1.759565359523296735e+01
1.795762365962606921e+01
1.637759930578720713e+01
1.762641643640813882e+01
1.719334115823353315e+01
1.714761342051493642e+01
1.817069526217158426e+01
1.745997717173179709e+01
1.684993230639390305e+01
1.754031537203472269e+01
1.787574890074663969e+01
1.736361796203874519e+01
1.699564886002659847e+01
1.750875389355823231e+01
1.827362286549491444e+01
1.771142769567309116e+01
1.783286176363592190e+01
1.771648948516106259e+01
1.753217186244901526e+01
1.804300157686983397e+01
1.710953017612853699e+01
1.731059679359395531e+01
1.796964658437092055e+01
1.598157034942116184e+01
1.817562895666373990e+01
1.699899753113547973e+01
1.786589902813301833e+01
1.783013965741598383e+01
1.830540835601623328e+01
1.814303130147716558e+01
1.700551807084186251e+01
1.771719585157626042e+01
1.769172308314346154e+01
1.800357616222954960e+01
1.703961894102840802e+01
1.654153360252676919e+01
1.767039410428435531e+01
1.656384611989173905e+01
1.887698782886421967e+01
1.711164761048405580e+01
1.737182652602184874e+01
1.782488446620173050e+01
1.697828433888570387e+01
1.709313418249848837e+01
1.815118268843416871e+01
1.713239644413174645e+01
1.838093886514184305e+01
1.759862404256135449e+01
1.809071019046977469e+01
1.738013710132086231e+01
1.806575655339577935e+01
1.826944561935533784e+01
1.821101894673741839e+01
1.701177841356097886e+01
1.823347902645302554e+01
1.754766786893929265e+01
1.885359638171342311e+01
1.771400160848332561e+01
1.734599695730884505e+01
1.741910935256784754e+01
1.764109588377322524e+01
1.774918627336409926e+01
1.679146013487011757e+01
1.701631956360641240e+01
1.685032138375344246e+01
1.696067789292062500e+01
1.788541657802837648e+01
1.819912981490281467e+01
1.677790133679963347e+01
1.776414793599323971e+01
1.816624095330143263e+01
1.720023651911832374e+01
1.756698148577483565e+01
1.750215231697482920e+01
1.743184400855316696e+01
1.673619191848161236e+01
1.815341905868632111e+01
1.792033255196918873e+01
1.816902557097195725e+01
1.752113132086634906e+01
1.785209994417759560e+01
1.726033544181827395e+01
1.777704561672357286e+01
1.782155861227856875e+01
1.701442523697419773e+01
1.833975706506097225e+01
1.718784489605713617e+01
1.645070965950879227e+01
1.743062810408307683e+01
1.765185658938585078e+01
1.776731911444636580e+01
1.667883470573261206e+01
1.793595393009114503e+01
1.777870314212747260e+01
1.711467104212392698e+01
1.722113474537580302e+01
1.764523927183292784e+01
1.753710972187328920e+01
1.732449402748448364e+01
1.806887375428767228e+01
1.764052039853307363e+01
1.751465372640915419e+01
1.713216669392643610e+01
1.683912559799121311e+01
1.766561883443936409e+01
1.810108418404025343e+01
1.770277239863774810e+01
1.768753453604850279e+01
1.754825919888756758e+01
1.782023136688728115e+01
1.840666945811663169e+01
1.808429646087998677e+01
1.698876118369856769e+01
1.750458261660635273e+01
1.753352069437612215e+01
1.770627492422084970e+01
1.773384342544294867e+01
1.751525595272237368e+01
1.853834292067447365e+01
1.778491945948931985e+01
1.677707544623383029e+01
1.713538418828160204e+01
1.746323492048193060e+01
1.685835120630710904e+01
1.667300301865339307e+01
1.752868352327071833e+01
1.768534992221076507e+01
1.677777837626566537e+01
1.704338526464809433e+01
1.769605232414565066e+01
1.710942225331105249e+01
1.844234662484789311e+01
1.759289208327916398e+01
1.766317813356810618e+01
1.726071478661445013e+01
1.772502740312037162e+01
1.729095272424817153e+01
1.833406024063681272e+01
1.743178791938637673e+01
1.801058257242324245e+01
1.676173795907958919e+01
1.684802235796684045e+01
1.759000153228399910e+01
1.809042687638632785e+01
1.839972689401274053e+01
1.803275370417826196e+01
1.699923080275040022e+01
1.659043874098988880e+01
1.715899655191249096e+01
1.696572620884776228e+01
1.796410438902425710e+01
1.798858353091731743e+01
1.811333208291476637e+01
1.793354223500986322e+01
1.687971022414562228e+01
1.805818804611759631e+01
1.700026464575451612e+01
1.660504574161210911e+01
1.744283804136106752e+01
1.697120665698383846e+01
1.708483687617598434e+01
1.735898706609464881e+01
1.761240796205055759e+01
1.830798100875471945e+01
1.739837933422662886e+01
1.703718555797746248e+01
1.704775022157610209e+01
1.682125542003765872e+01
1.686746897033925663e+01
1.834126660500346162e+01
1.760131165668573772e+01
1.741192518891645591e+01
1.802707450187082117e+01
1.753866748153751232e+01
1.707645640986864422e+01
1.740993907054658507e+01
1.765324968460952704e+01
1.625474779586429719e+01
1.745941517639911922e+01
1.785286737866830009e+01
1.718484943913300356e+01
1.719562165581877267e+01
1.723322676841218737e+01
1.768376812444043722e+01
1.822451993297895001e+01
1.751788081128887242e+01
1.666715888351630070e+01
1.767264993010493868e+01
1.787269788028236661e+01
1.733530089803077701e+01
1.716908720147556622e+01
1.746861214562301967e+01
1.777453302536762791e+01
1.651324586134046157e+01
1.728633196421703033e+01
1.788149746623567538e+01
1.711076998933153348e+01
1.881199801853555442e+01
1.793768200728726114e+01
1.700144418111212019e+01
1.631535147890527071e+01
1.742384797828966825e+01
1.767613563510525410e+01
1.788472470959553107e+01
1.741208319612610111e+01
1.768328003479128441e+01
1.743647872506167218e+01
1.772336876640595094e+01
1.861694291601859419e+01
1.663125660769610192e+01
1.738272084687705998e+01
1.793909885645846813e+01
1.707899134277311859e+01
1.733970352607964216e+01
1.686307258151364152e+01
1.753124299101065020e+01
1.759934796199266316e+01
1.774866341251058799e+01
1.777516096227670062e+01
1.680387027168309544e+01
1.743025571397928530e+01
1.691646953890170835e+01
1.703732835413396884e+01
1.740391630341357754e+01
1.707565680646317929e+01
1.768207035727670018e+01
1.694328334184222840e+01
1.644931360165187684e+01
1.706147974417127244e+01
1.739361434416055729e+01
1.755701005104950951e+01
1.778238632254700491e+01
1.757151866504070981e+01
1.724701500643637786e+01
1.733345934063015292e+01
1.807159419616007767e+01
1.756254086992304053e+01
1.765095568705372386e+01
1.755079755461717284e+01
1.790478232133521530e+01
1.677820811836074100e+01
1.714656381304853383e+01
1.782515480056591528e+01
1.681088279354893444e+01
1.695107969891852662e+01
1.716218816617935516e+01
1.740112714596335763e+01
1.714929312802287953e+01
1.773275903309610158e+01
1.670952358463444654e+01
1.801296260888109657e+01
1.809860606287529805e+01
1.727139653237665229e+01
1.703220241392025613e+01
1.801082813760808676e+01
1.780364999401272641e+01
1.783885263283334055e+01
1.779534548191904264e+01
1.718558792850247841e+01
1.774025489232584007e+01
1.789725865805850091e+01
1.810777534261998412e+01
1.682359690116905426e+01
1.885169749431056019e+01
1.771160863794743889e+01
1.780093047420650976e+01
1.717074401210058809e+01
1.664162613160151238e+01
1.785349058261511601e+01
1.808017175841975188e+01
1.693528413165497426e+01
1.763526959226757995e+01
1.682857792523156348e+01
1.778678602557504007e+01
1.777621219694621857e+01
1.755628881965700216e+01
1.732444128280062401e+01
1.752069623262915954e+01
1.788350656246067416e+01
1.854135683218064656e+01
1.719035523076656702e+01
1.756895010534892165e+01
1.735576186005535959e+01
1.697921493788386016e+01
1.742671054873871128e+01
1.733188450302986894e+01
1.642712126494402369e+01
1.778826173204810601e+01
1.936791156147399917e+01
1.691054200734790669e+01
1.776898519707834723e+01
1.739088958071335966e+01
1.707893608631698257e+01
1.809781247690507300e+01
1.738255171286023781e+01
1.735708422994255784e+01
1.776999258377960089e+01
1.943698569424935485e+01
1.784930629253920387e+01
1.729398620126437791e+01
1.687985613917272332e+01
1.664171181226917184e+01
1.734897767752800846e+01
1.779237720111916943e+01
1.765359691129992470e+01
1.799722757025345032e+01
1.761851348020228514e+01
1.831971921522852753e+01
1.720057800207891674e+01
1.749771387902793407e+01
1.704454480045818698e+01
1.683707075661200392e+01
1.792371797297271030e+01
1.686984928605545520e+01
1.758940532398550971e+01
1.763418710765590447e+01
1.734030520348191828e+01
1.804149829945272643e+01
1.709807288779489909e+01
1.679701378727135008e+01
1.715392174555050886e+01
1.765445765565188907e+01
1.760039884899121176e+01
1.825914545008074796e+01
1.670427571249800280e+01
1.837235259279550093e+01
1.787861111048378149e+01
1.836648288243290139e+01
1.778186563840296586e+01
1.638844413405741207e+01
1.706521811506836528e+01
1.821867018886459277e+01
1.712159806812288920e+01
1.694197649906553949e+01
1.780759824639076072e+01
1.747814840203262321e+01
1.750955374241310736e+01
1.698664971836632276e+01
1.733309299285409111e+01
1.684056657063200646e+01
1.758811528597425067e+01
1.696232025087229545e+01
1.773840491647960249e+01
1.654525105337610569e+01
1.751035905470268972e+01
1.702673399277028565e+01
1.817701561311150726e+01
1.759769631077078245e+01
1.662060789546180928e+01
1.809370947546432973e+01
1.725237452848087472e+01
1.714284237963696711e+01
1.728933342627632896e+01
1.740398921150450562e+01
1.739661978622296346e+01
1.768852969218599824e+01
1.689255383121842158e+01
1.738174721521486887e+01
1.735232108061972767e+01
1.707751531328724681e+01
1.679499135245897179e+01
1.762213197818048016e+01
1.763144103179344668e+01
1.766619007466701063e+01
1.745802979396121302e+01
1.621311874017330013e+01
1.757871907488922147e+01
1.682499040654967359e+01
1.742363810332322416e+01
1.798684068151849047e+01
1.789606088114898341e+01
1.687412435013336776e+01
1.808781360840275454e+01
1.863180417886292872e+01
1.766680136140786672e+01
1.821445044941738445e+01
1.714217441806756170e+01
1.673978709189305292e+01
1.758823315597210879e+01
1.807995407176451508e+01
1.748258231963621867e+01
1.756513700895749963e+01
1.738625712982510763e+01
1.847581027218857130e+01
1.705326646456577677e+01
1.705061406693887704e+01
1.702038375615108023e+01
1.803278467011818620e+01
1.654985424420016571e+01
1.699892377131692101e+01
1.710125594816889816e+01
1.766780509338203586e+01
1.711767329801068627e+01
1.778242146970759663e+01
1.834296813644602508e+01
1.750720230386441756e+01
1.776264102242711118e+01
1.663082113223330438e+01
1.771214593775474100e+01
1.744116962821866679e+01
1.743211913818525716e+01
1.763365890488141829e+01
1.752699824776729898e+01
1.749446120809954053e+01
1.710598645398762230e+01
1.776634758505042910e+01
1.633410467436518587e+01
1.770416092952933340e+01
1.721735567439045766e+01
1.870362473761665711e+01
1.669044759969894187e+01
1.720165463718581478e+01
1.740862455710272627e+01
1.720830786993207440e+01
1.643160001752636035e+01
1.726995508347838992e+01
1.750170697699195799e+01
1.845264857533759795e+01
1.691431502352297045e+01
1.726367827940328681e+01
1.717389480985541894e+01
1.759629371407484655e+01
1.800901330318892946e+01
1.704537304287027411e+01
1.800207210038514916e+01
1.776153556114445564e+01
1.767348298679517171e+01
1.881656795155151940e+01
1.850953586587944955e+01
1.841915459079515216e+01
1.758197050205574641e+01
1.730497091662759601e+01
1.798113782040337938e+01
1.719160926851447257e+01
1.682465399220162183e+01
1.757800037141397453e+01
1.723228984289093191e+01
1.718412702892340604e+01
1.761744177242964327e+01
1.852665848751540523e+01
1.695338414204247002e+01
1.729037790872114400e+01
1.735954873885190608e+01
1.748213430442882554e+01
1.777270244819221290e+01
1.757802584140155133e+01
1.791744454127317709e+01
1.786903827846892057e+01
1.725135249546988803e+01
1.789525410063911437e+01
1.682440684972658929e+01
1.820342025315900969e+01
1.849032978228945368e+01
1.698099249457514048e+01
1.767640748783918525e+01
1.819803781185592584e+01
1.857039896593088102e+01
1.819940478750006108e+01
1.729560781952301696e+01
1.722974560266990096e+01
1.855597609435944051e+01
1.732258949187697539e+01
1.811857026204523180e+01
1.849189097754145905e+01
1.742963775265070225e+01
1.726516042355893532e+01
1.821066943650670211e+01
1.706813675016349308e+01
1.788455429346467085e+01
1.694443000086310391e+01
1.709169591833981627e+01
1.779387783081663699e+01
1.625943864504303349e+01
1.806938686621779411e+01
1.770445216765184782e+01
1.776926950201270827e+01
1.707364153131992524e+01
1.744784890486339179e+01
1.774514345545824412e+01
1.728402962136747334e+01
1.767815985365693265e+01
1.680207719557495238e+01
1.724633230327602362e+01
1.729516580299323536e+01
1.748773798750531583e+01
1.815492549960379520e+01
1.797215639759757622e+01
1.761170012573018795e+01
1.700680415806272805e+01
1.826075044914090029e+01
1.757160667986343583e+01
1.749138141990999529e+01
1.794370493425567048e+01
1.782533159123106259e+01
1.773873766329550250e+01
1.719697616834569232e+01
1.726985236040221849e+01
1.724275409167163176e+01
1.784410480311844793e+01
1.783596393880647568e+01
1.697295890482788039e+01
1.740205730978106047e+01
1.783431896927953986e+01
1.636288409526680354e+01
1.738697353428073811e+01
1.729129733055968643e+01
1.801842413246544083e+01
1.697415621432686095e+01
1.721218598219048701e+01
1.726545976850587749e+01
1.761696527601484163e+01
1.807801941930810230e+01
1.801419072303265523e+01
1.799853001842373246e+01
1.743721744112488281e+01
1.749031928852729223e+01
1.739840866630799354e+01
1.805242454407468244e+01
1.824440054356741214e+01
1.730805591945370381e+01
1.754723667457120939e+01
1.778048658444452101e+01
1.741197614246788916e+01
1.712394354673510222e+01
1.668248623436635825e+01
1.714286126361051998e+01
1.684643043969946063e+01
1.730157304781479155e+01
1.840018287512924999e+01
1.703027259752152389e+01
1.809909614968245251e+01
1.824960706402647759e+01
1.705864775304415559e+01
1.751977974054006637e+01
1.814429348856179658e+01
1.837010631378751313e+01
1.782225699744217096e+01
1.781057375760260086e+01
1.702980483948366697e+01
1.751552442349546368e+01
1.695149624295114066e+01
1.760869146255927120e+01
1.742277838767626719e+01
1.796103300912226786e+01
1.726702257400249962e+01
1.717529084054633870e+01
1.834963591621354695e+01
1.810662705830131358e+01
1.848003963966033680e+01
1.755586826993863525e+01
1.775851446374748477e+01
1.801720463410950401e+01
1.744470276763329863e+01
1.831089265436489555e+01
1.772293665069870983e+01
1.763452904561575707e+01
1.764295783781120974e+01
1.769423911488795653e+01
1.762645505739874352e+01
1.754092503732730535e+01
1.711147534220163990e+01
1.746918611334748306e+01
1.744951235615753049e+01
1.802376964728918907e+01
1.702384508555779163e+01
1.692193870663628985e+01
1.818903730999139867e+01
1.726894636404665917e+01
1.724382339491330995e+01
1.727384693182631281e+01
1.758663578780012315e+01
1.711752278882956801e+01
1.831031445698569371e+01
1.669507698053284628e+01
1.800434333591501357e+01
1.748650624030588929e+01
1.660354422192493473e+01
1.768586964049012877e+01
1.756271386261846956e+01
1.754970891651788278e+01
1.795015053898922730e+01
1.671228866273703062e+01
1.741583320971311721e+01
1.796328664970424072e+01
1.765209720568645935e+01
1.756723916684814668e+01
1.819527059296155613e+01
1.862765496971876544e+01
1.777928897495145932e+01
1.725905555026111315e+01
1.763634209419859644e+01
1.843645523978504031e+01
1.669516904662584622e+01
1.689033969854064310e+01
1.814981472432732801e+01
1.743019921538217076e+01
1.696673135975688851e+01
1.750635544997334847e+01
1.728604738489393711e+01
1.751854062678728852e+01
1.744426574893793358e+01
1.663828573111037556e+01
1.698713415364044010e+01
1.632535498116774875e+01
1.795276140549531618e+01
1.810488540380692513e+01
1.657010050764716169e+01
1.663653469003585528e+01
1.741196648601699337e+01
1.695409121398264674e+01
1.726554340353600026e+01
1.685244250154582701e+01
1.781451139541594486e+01
1.700639008871431201e+01
1.671862616083502928e+01
1.811682412424798727e+01
1.794153733762859915e+01
1.753414819910675959e+01
1.865926680768153645e+01
1.677417419970967671e+01
1.718804466973584866e+01
1.719255239194143314e+01
1.775204316807320737e+01
1.678932654831729110e+01
1.720430554985483340e+01
1.717754079519066579e+01
1.735760912289809355e+01
1.826047507293228023e+01
1.730455117344936156e+01
1.671734126138359144e+01
1.733990300858353351e+01
1.757118591382783279e+01
1.771684000360577471e+01
1.770764557115935034e+01
1.693585057109380898e+01
1.748252776158443567e+01
1.645988308987891813e+01
1.850830200876153953e+01
1.746608801567386848e+01
1.885084491084093727e+01
1.796764415350931543e+01
1.820787750071673372e+01
1.734600226296625536e+01
1.708221457215847039e+01
1.790260065870444350e+01
1.771412741444520478e+01
1.843789059077874981e+01
1.760631386783984453e+01
1.755643619024039737e+01
1.770777764547491984e+01
1.664463518966791611e+01
1.738582055975810547e+01
1.778573671296274483e+01
1.775562911882674655e+01
1.720430569210103400e+01
1.786780346423848442e+01
1.750636188463595744e+01
1.716502137353569779e+01
1.695673517392140894e+01
1.661017124176238724e+01
1.759852223053175280e+01
1.771071215052276315e+01
1.800305913325035334e+01
1.760068120515402512e+01
1.708774985698846294e+01
1.642532621395696779e+01
1.774930541595928801e+01
1.805829885768883258e+01
1.677673339704444899e+01
1.675838476994445614e+01
1.745237388590764382e+01
1.718082036359671605e+01
1.670341510202347024e+01
1.705896363602576571e+01
1.759276245295473373e+01
1.783463359847723595e+01
1.822019879126294484e+01
1.672558195065128928e+01
1.726713168974681523e+01
1.744284001287482511e+01
1.726388554291428434e+01
1.688737142245014411e+01
1.684250978930207765e+01
1.677915130316707604e+01
1.666578134478023543e+01
1.805832509191686697e+01
1.703141050999245820e+01
1.638932155420275194e+01
1.770750819362525519e+01
1.769961650692787458e+01
1.789999876009065360e+01
1.692393121960742874e+01
1.828371384361333440e+01
1.808786004823148730e+01
1.744817459580731267e+01
1.766226376889672878e+01
1.814995106147982540e+01
1.740198112798250207e+01
1.673596475124546146e+01
1.810310930700066123e+01
1.841192845023774183e+01
1.881407511111864395e+01
1.815625769428492120e+01
1.691145774108718669e+01
1.726743917181612886e+01
1.727945255892488419e+01
1.778174006080302405e+01
1.731856147350984187e+01
1.768981489355908465e+01
1.733503613049964187e+01
1.792010141284462321e+01
1.804867127475713673e+01
1.754234524729686129e+01
1.773891073095324344e+01
1.772891394845663271e+01
1.712088444672949805e+01
1.756076417940455769e+01
1.786794469952582887e+01
1.691035643116754272e+01
1.755153150423522135e+01
1.690587071347402315e+01
1.781144245244971813e+01
1.731138031708734104e+01
1.708236417579522026e+01
1.780572928120788490e+01
1.735613309719822794e+01
1.788014376614595591e+01
1.756432905550788348e+01
1.782544552251584236e+01
1.723157624890191641e+01
1.826965504672818241e+01
1.748654381693505755e+01
1.815625519655754516e+01
1.769339896385297095e+01
1.829816558140484517e+01
1.736835488189851517e+01
1.772196146728212085e+01
1.722495819513757809e+01
1.746027859625220202e+01
1.708839676078579473e+01
1.712085071719519291e+01
1.801948639945450026e+01
1.730393056746431668e+01
1.751067872086742483e+01
1.720223749500258492e+01
1.629741449743973902e+01
1.768373102617447046e+01
1.770283702618287691e+01
1.765226990887773439e+01
1.696171729388134608e+01
1.839084804461176148e+01
1.750107136531935836e+01
1.701693333827353527e+01
1.791524101960788684e+01
1.888379140249474730e+01
1.711217424571376355e+01
1.774241260177711510e+01
1.766088319735264989e+01
1.797140834084984107e+01
1.769473567099059963e+01
1.692841225533283733e+01
1.757010676238527225e+01
1.797804390651280215e+01
1.759639147431275319e+01
1.837258618275475186e+01
1.802266825230010738e+01
