1.747134543704051524e+01
1.791449627757272367e+01
1.832552590429874328e+01
1.784163697225753964e+01
1.895065635150711003e+01
1.871328841034455337e+01
1.981635520784203308e+01
1.874829130013193890e+01
1.901458674075666266e+01
1.858765245791112264e+01
1.859716796219692014e+01
1.869110963280843052e+01
1.927689197251259756e+01
1.876347347198236548e+01
1.804564477609391560e+01
1.826166408322781010e+01
1.882475364675450891e+01
1.811290688655713765e+01
1.868715989288591928e+01
1.848874112797002311e+01
1.802801643708591328e+01
1.973794869251191031e+01
1.793054737455491932e+01
1.862285034278736973e+01
1.977400321873254541e+01
1.907909520248249535e+01
1.916449734185033904e+01
1.893789685616023277e+01
1.901235622793025115e+01
1.922833762679303859e+01
1.874865995498488402e+01
1.755882702235637183e+01
1.782801216352522289e+01
1.871607139985994905e+01
1.784793128872673407e+01
1.852773990638172563e+01
1.820320246511289142e+01
1.908438903448441337e+01
1.918894755477794689e+01
1.860472540346446024e+01
1.771028007384101954e+01
1.876848888590205533e+01
1.792966902091721693e+01
1.905141488248378678e+01
1.885730888274709827e+01
1.941392404116205483e+01
1.856953837698081600e+01
1.795220269236586219e+01
1.898582445302290367e+01
1.840504069736450532e+01
1.762416410204592054e+01
1.952905214928756905e+01
1.833985209344085732e+01
1.906713623269402191e+01
1.762457267587670984e+01
1.892293075198689323e+01
1.834553175639239697e+01
1.779081821928144791e+01
1.804228162522589685e+01
1.803442732312522523e+01
1.929352261962807091e+01
1.848427075266647179e+01
1.847894259311771492e+01
1.883141788760838864e+01
1.888761745101821887e+01
1.906184828045461543e+01
1.922248075304796444e+01
1.928040150385590579e+01
1.916858467468940930e+01
1.879092992087574032e+01
1.764736355371280752e+01
1.924854348532558390e+01
1.972921865839170863e+01
1.782999163095164974e+01
1.853727056122625427e+01
1.896976789975123268e+01
1.875417924097843780e+01
1.829972118678316662e+01
1.865864550716391435e+01
1.870656148789110063e+01
1.869514822437509238e+01
1.880886059357710849e+01
1.821814115954353852e+01
1.913431450312848625e+01
1.865637801417339503e+01
1.851319541587643513e+01
1.848666531541191205e+01
1.928022158440920464e+01
1.862680893163014062e+01
1.797482940572911758e+01
1.946950379378164442e+01
1.906075393185393452e+01
1.773579702444962436e+01
1.836681293735800580e+01
1.957776838681557763e+01
1.806936079668082940e+01
1.831010982734970938e+01
1.868748846237695105e+01
1.969295713960420358e+01
1.838758951633832339e+01
1.806558531168082382e+01
1.754538314496831930e+01
1.790907998855892913e+01
1.923463672797755208e+01
1.951423636587492183e+01
1.916988129813769248e+01
1.926495479275935097e+01
1.901750304868705754e+01
1.786443414063184676e+01
1.956914180934666092e+01
1.956195487556418655e+01
1.965460236493290580e+01
1.881852113821346606e+01
1.845896542573492738e+01
1.919897886864711012e+01
1.946756555793869126e+01
1.806819606452573979e+01
1.864816696272087881e+01
1.963148839870896722e+01
1.834261958852002650e+01
1.918194013847898205e+01
1.865702795296647309e+01
1.881805661899545612e+01
1.816689343926628197e+01
1.824582364834510884e+01
1.906173636201371480e+01
1.882118789911714885e+01
1.893419923084390177e+01
1.868504957911416042e+01
1.836669414530753741e+01
1.882894940335413381e+01
1.756135953448343656e+01
1.908183177129559738e+01
1.858852321453931822e+01
1.900182657254676144e+01
1.753369949480317658e+01
1.944677071618620090e+01
1.896608525446490034e+01
1.922054659325839410e+01
1.835675587977087986e+01
1.822624939958394563e+01
1.883282254397225941e+01
1.801377483386653111e+01
1.858243968070278029e+01
1.928060833164678201e+01
1.812415215657237155e+01
1.940079413550884979e+01
1.799273366054000789e+01
1.876890215864919398e+01
1.783609182894680956e+01
1.881741287748803870e+01
1.787786669208487567e+01
1.937203782924200013e+01
1.903114354930672647e+01
1.932622825549286816e+01
1.849496591168236037e+01
1.737660342162830673e+01
1.959902376897879250e+01
1.815512929682387266e+01
1.832153866492019390e+01
1.850490203953766155e+01
1.878277486821277620e+01
1.907505935746230463e+01
1.918208657724293786e+01
1.901974882953425450e+01
1.866065261303043954e+01
1.906870876690046757e+01
1.791326021877475583e+01
1.748444874999823995e+01
1.861317296672551080e+01
1.927295324695653278e+01
1.838196130296881137e+01
1.939604275675830891e+01
1.902713305085131168e+01
1.887078187198491364e+01
1.905068816673658105e+01
1.869683029870034474e+01
1.753255414082856944e+01
1.940759009342379926e+01
1.796329134751224643e+01
1.863133050778224487e+01
1.892048002557690722e+01
1.797155583346785690e+01
1.870340201602591534e+01
1.859440827568020183e+01
1.836146075199201277e+01
1.989699326567745175e+01
1.843082831516898779e+01
1.769182467173044770e+01
1.811735222019389369e+01
1.843169134058621594e+01
1.870416786991899016e+01
1.993193792531680941e+01
1.916179218106890403e+01
1.938544299564954088e+01
1.852241742271043634e+01
1.796363674932683452e+01
1.833350022189129191e+01
1.798804038792238558e+01
1.907417370290309222e+01
1.859727904791031960e+01
1.836956093117035493e+01
1.817497397365447398e+01
1.891659350914042292e+01
1.912687710714285672e+01
1.780012024708264917e+01
1.735049080022679391e+01
1.854911242131933591e+01
1.773895678509210683e+01
1.956309381914494594e+01
1.936641740398525968e+01
1.878967859516530581e+01
1.914277279006623900e+01
1.852882015199780597e+01
1.895484081206631544e+01
1.898571651400736116e+01
1.719336220031464180e+01
1.921394844758123099e+01
1.907180245572331501e+01
1.852789877103379013e+01
1.791037834063693879e+01
1.906881984709690414e+01
1.929797395393476478e+01
1.878164564603792641e+01
1.864733580881597774e+01
1.863150520793674048e+01
1.953448716528163231e+01
1.846018613255259311e+01
1.834779740517175739e+01
1.804118958569867104e+01
1.774383631241835246e+01
1.881124372208266848e+01
1.848720268841506709e+01
1.824160393571550998e+01
1.951002621283590699e+01
1.773163558430810838e+01
1.828392105763200703e+01
1.789923393009671670e+01
1.870655177516059808e+01
1.860958966381463497e+01
1.925457884691727273e+01
1.799112101155104426e+01
1.910158231576546584e+01
1.836852824993908939e+01
1.905614493594241310e+01
1.884355850679005329e+01
1.871865138884620450e+01
1.910811054632280914e+01
1.951085176334578719e+01
1.879841938476658214e+01
1.901620195379031131e+01
1.780000175775022697e+01
1.757497510427043963e+01
1.908557500914062999e+01
1.876531545432392178e+01
1.747924194297515754e+01
1.895340355293966184e+01
1.809498587022169858e+01
1.827702737966335178e+01
1.865270710736575310e+01
1.937089507375024766e+01
1.866905557819945116e+01
1.798410997960344915e+01
1.910202282603790636e+01
1.909273730282857073e+01
1.915964789587084383e+01
1.914898109724095576e+01
1.902322166361330602e+01
1.849964681571472269e+01
1.852875835547661509e+01
1.934250817424133473e+01
1.808739365926816944e+01
1.903642306911847015e+01
1.909822409378876529e+01
1.855736326497851607e+01
1.893492306025866156e+01
1.910330586937279307e+01
1.766478132203349816e+01
1.767636015426364793e+01
1.821325419436568893e+01
1.939448643296099917e+01
1.840195628646771198e+01
1.888400971559247665e+01
1.730414775602680422e+01
1.979715881745424966e+01
1.876192423162665079e+01
1.985548430714319679e+01
1.817568654144454143e+01
1.785725805906953312e+01
1.863228239758916871e+01
1.832969803799154462e+01
1.847679581405366633e+01
1.821497553636356059e+01
1.910780837439534707e+01
1.866179846150368959e+01
1.867594391223716954e+01
1.887743256195869890e+01
1.874519008798898767e+01
1.861283656947587772e+01
1.829519580809042623e+01
1.814567416504038277e+01
1.926073877960131853e+01
1.954233566383030407e+01
1.856896880100564218e+01
1.845839779363522837e+01
1.949414812850877965e+01
1.927316718018474972e+01
1.774949414390498248e+01
1.802942198147702157e+01
1.831161934252238765e+01
1.948223113483365410e+01
1.982938179940858348e+01
1.896358240893636093e+01
1.911988296339182369e+01
1.845716408150807553e+01
1.762800380379645659e+01
1.885868932143626964e+01
1.793555837308374734e+01
1.896435198234103581e+01
1.916908993470836009e+01
1.900339148369531728e+01
1.812401589225303766e+01
1.834802896962051477e+01
1.860812749260736965e+01
1.886328422050555531e+01
1.938907114728590031e+01
1.939357555930885368e+01
1.822744708012877268e+01
1.702418550889058224e+01
1.900125096924157475e+01
1.841017913559959140e+01
1.838829057027429670e+01
1.764367532878684486e+01
1.790456787019726548e+01
1.858146904644761221e+01
1.896724076236824175e+01
1.879899449752947760e+01
1.907645077098819897e+01
1.832565003309585805e+01
1.833380213314950424e+01
1.879054062028383498e+01
1.904053373705761487e+01
1.865145829173307845e+01
1.805028734134641866e+01
1.852033309393052818e+01
1.873564430427956751e+01
1.723401474604999706e+01
1.910836764637857854e+01
1.845084061337175996e+01
1.804544991791204112e+01
1.814375999839177211e+01
1.823168144626180620e+01
1.757420414225797956e+01
1.870441922879063412e+01
1.839976939605101336e+01
1.850626283655142856e+01
1.918486239487582168e+01
1.818458648042391346e+01
1.869227197123365158e+01
1.998309539654202993e+01
1.925323281716890023e+01
1.821573104669855780e+01
1.878427445798964257e+01
1.912944664748289370e+01
1.855928940115442316e+01
1.938773003612880785e+01
1.883669224366565231e+01
1.825266517454287651e+01
1.842863216480312971e+01
1.890934962414231535e+01
1.879133093929634057e+01
1.826228880782777608e+01
1.752323648694468261e+01
1.901385573444714439e+01
1.797888633549334614e+01
1.847010535538727183e+01
1.815524447596034818e+01
1.809938879161508751e+01
1.909339986743099971e+01
1.862196145675601855e+01
1.814789335932550074e+01
1.887057657519381948e+01
1.944872581705872960e+01
1.879062344083659752e+01
1.830155563289207876e+01
1.881250688173059871e+01
1.820314981486878381e+01
1.770388661984939915e+01
1.828976835201336826e+01
1.803394348463732300e+01
1.819242726291042445e+01
1.827427851679550486e+01
1.842567145707038989e+01
1.741200560191427726e+01
1.971179816441576449e+01
1.938617380646277510e+01
1.854276743781418446e+01
1.773187997596881615e+01
1.905988657824907406e+01
1.909178281152248147e+01
1.924949091014280711e+01
1.872044428094852719e+01
1.989839247483628881e+01
1.847801682057061612e+01
1.817185619737563229e+01
1.843433925485499003e+01
1.806313873466933728e+01
1.801713873118930564e+01
1.835630886922650618e+01
1.825945605221486545e+01
1.925552362239466220e+01
1.817719979391471696e+01
1.847211494177528124e+01
1.847581609414862314e+01
1.917563169802262735e+01
1.846313164300407195e+01
1.926373529626031456e+01
1.892030000218395358e+01
1.967742472367417861e+01
1.878551836515638485e+01
1.907512476443008609e+01
1.906695827325000181e+01
1.848604220450380353e+01
1.936263408180660051e+01
1.869778696148650710e+01
1.865932827007681638e+01
1.875463076229199544e+01
1.910146167861137201e+01
1.800984376219983218e+01
1.956653271235107994e+01
1.803319240076382002e+01
1.851251667919566657e+01
1.872430324034683480e+01
1.854301000158815071e+01
1.809761439305564323e+01
1.888770245652375479e+01
1.913673211354914727e+01
1.882334955540910215e+01
1.880856013544244121e+01
1.907109883972347575e+01
1.794160070208432245e+01
1.785581285309579158e+01
1.812612573046693853e+01
1.851242415999643143e+01
1.892888773255922885e+01
1.873129978840675491e+01
1.897767648119151929e+01
1.836157548343897972e+01
1.886521597230007075e+01
1.922117137474408111e+01
1.818514725269590571e+01
1.972507627452060674e+01
1.852724484384876646e+01
1.863200784935080989e+01
1.835960602130543151e+01
1.909481637295220224e+01
1.913530170296544952e+01
1.841885428328512120e+01
1.850895964870673183e+01
1.825369347881147064e+01
1.851233039633005717e+01
1.926423774104030073e+01
1.768296682914191109e+01
1.924286049458632419e+01
1.747814642664322804e+01
1.878518373847748180e+01
1.923223655660622811e+01
1.807235672448857500e+01
1.878637795106567054e+01
1.945186330625457316e+01
1.863785760769470201e+01
1.882223828605423321e+01
1.857107197847250291e+01
1.860959562672660894e+01
1.867150335484494761e+01
1.858204599240356814e+01
1.772626738815657177e+01
1.924214948682303472e+01
1.889913799733733413e+01
1.749842521058417333e+01
1.896586013354161437e+01
1.802474269480620350e+01
1.800384142918988317e+01
1.752894917572420752e+01
1.903234586050755794e+01
1.727308937172617931e+01
1.850215510791970885e+01
1.805626010648899182e+01
1.834470608609416331e+01
1.891994693889408197e+01
1.875329281919191260e+01
1.804381231238682659e+01
1.873643085333069536e+01
1.885220113851083212e+01
1.905646107536992417e+01
1.737567579317105881e+01
1.924379022721035781e+01
1.954013539887420237e+01
1.739413003406625435e+01
1.851354101446718659e+01
1.838616311882314847e+01
1.959493552102397729e+01
1.821339620661882108e+01
1.943934545940553349e+01
1.861849222511319013e+01
1.884295753261329409e+01
1.862297396695707619e+01
1.778625180291493990e+01
1.797469696124222693e+01
1.859513462502876990e+01
1.883863813930075537e+01
1.856735593898825698e+01
1.866394443094678479e+01
1.835541668782449420e+01
1.982485659151640434e+01
1.812179929016316393e+01
1.820984438681918505e+01
1.808236213983002116e+01
1.916736275885124385e+01
1.820509589964878927e+01
1.935818439263653445e+01
1.927629993618381121e+01
1.782210801753113927e+01
1.942391592210064033e+01
1.897984008469189021e+01
1.824188843806976834e+01
1.824579560310588633e+01
1.899971377956517671e+01
1.831973312773274642e+01
1.921840711137665991e+01
1.812965505786289810e+01
1.859869559408067730e+01
1.834748124832060867e+01
1.813085351971557202e+01
1.732307386279676464e+01
1.886095585651478501e+01
1.840692273953503744e+01
1.814405536575937816e+01
1.947037400848567046e+01
1.752243656727511123e+01
1.844268243724101808e+01
1.953486163603062309e+01
1.902561977893365608e+01
2.015906316911078378e+01
1.863998685442178882e+01
1.861470097331753237e+01
1.857330859827641589e+01
1.734685369145529066e+01
1.880529809651645579e+01
1.809925578773004418e+01
1.881515283788090187e+01
1.887932587031044918e+01
1.942323197922364741e+01
1.850973497956467995e+01
1.907819169365204814e+01
1.820814727512466646e+01
1.931099023904048551e+01
1.742219853061019919e+01
1.892036741040998393e+01
1.856740783087015600e+01
1.931572128390294552e+01
1.804779251083510871e+01
1.781451964757632922e+01
1.905724018364913519e+01
1.847562856093887973e+01
1.875019822380299317e+01
1.795798759346855178e+01
1.958374562603812663e+01
1.901473080038225305e+01
1.950069552045259513e+01
1.827387027927336050e+01
1.792841475370000026e+01
1.777793392183203025e+01
1.796056030415631710e+01
1.876221699926160369e+01
1.834144820745059334e+01
1.893415819954956092e+01
1.853368442139364447e+01
1.849564606936301558e+01
1.842386111235283863e+01
1.880476506668544090e+01
1.913460109351462535e+01
1.871448805654023317e+01
1.724265460408845740e+01
1.881493451715608600e+01
1.839447874184534726e+01
1.916387175090510198e+01
1.756962693932713293e+01
1.915893671152011990e+01
1.859359069191164338e+01
1.896564160272845001e+01
1.954028198420457230e+01
1.848946227295534683e+01
1.925014070039991410e+01
1.899442842351285421e+01
1.900479856356477981e+01
1.827643245083252310e+01
1.967436640679676074e+01
1.823182440856721342e+01
1.771206124159095907e+01
1.885126395156214940e+01
1.937176294464714843e+01
1.889956177577237995e+01
1.910062092016658397e+01
1.819825007938348449e+01
1.873396329896720047e+01
1.909995026779641236e+01
1.889194323120737806e+01
1.883818686807067522e+01
1.904938627026460551e+01
1.884580786328832858e+01
1.876114387737492351e+01
1.799283095113296937e+01
1.914043418389195494e+01
1.890235344809567053e+01
1.941997420885583026e+01
1.905822166113305016e+01
1.923916858424270160e+01
1.885176101567169837e+01
1.882377557572660365e+01
1.905014399913483558e+01
1.816677296141077846e+01
1.934052334917992155e+01
1.882254933048635692e+01
1.933584842960309658e+01
1.811257627700499029e+01
1.877459826140484012e+01
1.780181613334301005e+01
1.879142101853767244e+01
1.876088318092133989e+01
1.885808458943063215e+01
1.893295935662097662e+01
1.833658740293065748e+01
1.923407135969530302e+01
1.934182773283147938e+01
1.917394287038653999e+01
1.917205627492557696e+01
1.762831565459608996e+01
1.891292100118084463e+01
1.824600662992499167e+01
1.833868517642739349e+01
1.855967052432297493e+01
1.852970684048386829e+01
1.915126257989683722e+01
1.912651160890872859e+01
1.926969924390913391e+01
1.854074655596719978e+01
1.834912111881516950e+01
1.867369402598735206e+01
1.899920379003402005e+01
1.993730098813728446e+01
1.892865926964638845e+01
1.833557546023649465e+01
1.865264673091053638e+01
1.800636869110836713e+01
1.859310304439723183e+01
1.884680420865263173e+01
1.853436675139769108e+01
1.788893904862860396e+01
1.801709536237726894e+01
1.868681082345057121e+01
1.815390526506384461e+01
1.852510815729123905e+01
1.913089745453901003e+01
1.890172000827044840e+01
1.941372665376250239e+01
1.882790546807813925e+01
1.800714866449193963e+01
1.885925764203528487e+01
1.885580295692643560e+01
1.842328664953344841e+01
1.847955559422738858e+01
1.869715988835509179e+01
1.917139717343224703e+01
1.856395278698825990e+01
1.819543889088125255e+01
1.889056060800523440e+01
1.863335093016363331e+01
1.885868967118344131e+01
1.795176575965393440e+01
1.936470860875487787e+01
1.878846815238766155e+01
1.796734364228371561e+01
1.921349540377327969e+01
1.854485686848833836e+01
1.826907826449575367e+01
1.794012793967774755e+01
1.841272626848874694e+01
1.779986660957575850e+01
1.836747814954374647e+01
1.794030895539914283e+01
1.944312635804175216e+01
1.873127551908409316e+01
1.891300450031879876e+01
1.794439341074883743e+01
1.858931435081516170e+01
1.834284912864580264e+01
1.827994319546180080e+01
1.899221151265230745e+01
1.864633193933114796e+01
1.926876734102476263e+01
1.816912446161624572e+01
1.805357067686605177e+01
1.806036673660840819e+01
1.721956744806454509e+01
1.768078879094015932e+01
1.961677607028588710e+01
1.912223387117118989e+01
1.902883927990379931e+01
1.793774417057306891e+01
1.862412653256501116e+01
1.965207754577932064e+01
1.888396607688560636e+01
1.907941902626500408e+01
1.887664849238468534e+01
1.844330015329800787e+01
1.811216781926485098e+01
1.905042549684457143e+01
1.780668200707578208e+01
1.893861321412899201e+01
1.840100332293038221e+01
1.933670937287284275e+01
1.902277842461215229e+01
1.862037120079328645e+01
1.938865980327473082e+01
1.938687372937287989e+01
1.772138990736154440e+01
1.956707622933108937e+01
1.752431583635624790e+01
1.766072007141816869e+01
1.852851473114325742e+01
1.880857494199592850e+01
1.800542419081881462e+01
1.832083949465018691e+01
1.749549307213500526e+01
1.801973602182060219e+01
1.922302874838099385e+01
1.871916851680401095e+01
1.931316147950560946e+01
1.914212729469380747e+01
1.847240113665845485e+01
1.882166378078121483e+01
1.835703534161524431e+01
1.967185368802365275e+01
1.817122759125955156e+01
1.804266286939871833e+01
1.784775045802868831e+01
1.808919374145380132e+01
1.839241031771249624e+01
1.801681606263863600e+01
1.950584952672773298e+01
1.905634333549774340e+01
1.872814874861494516e+01
1.750544683260776324e+01
1.904328744832051967e+01
1.812293372748164089e+01
1.825059835676417208e+01
1.868249014751892290e+01
1.909567677023852639e+01
1.888797273715570668e+01
1.808114941383927743e+01
1.835792893827973415e+01
1.862062835863945409e+01
1.849090013656477183e+01
1.696548719793399584e+01
1.852457084449403268e+01
1.766787327774643757e+01
1.905991617413559069e+01
1.902610219434068739e+01
1.871188281163049538e+01
1.853385757602462647e+01
1.844421031286440638e+01
1.779555212638540596e+01
1.816874154676336772e+01
1.879314580649505118e+01
1.880840562578297792e+01
1.868278848613095633e+01
1.810254306259099977e+01
1.867489321235431987e+01
1.962365709635502853e+01
1.801458212806131698e+01
1.998603322932148885e+01
1.810054144037332691e+01
1.824298125951831295e+01
1.893899111978171845e+01
1.839077215354955186e+01
1.916329631734405581e+01
1.914336632789448345e+01
1.896289363730895872e+01
1.804743419519819625e+01
1.896701532351815089e+01
1.912250151222757566e+01
1.784904328600919143e+01
1.874155315152615486e+01
1.886028620845895176e+01
1.812920620327252763e+01
1.835056095750914906e+01
1.936722587540732476e+01
1.879903833824697656e+01
1.837917192673745603e+01
1.857723563427976998e+01
1.835857484638143333e+01
1.893044634726941311e+01
1.825447726641443680e+01
1.926427227769102046e+01
1.799754445890448906e+01
1.925029134353747295e+01
1.957975513309891724e+01
1.867108678293413604e+01
1.816581246745942835e+01
1.878594040632993867e+01
1.817789454779257596e+01
1.875305222059193966e+01
1.867017110162752402e+01
1.817054105839530109e+01
1.872234810033098285e+01
1.930121761899104982e+01
1.833968767145645629e+01
1.859443832572003075e+01
1.937176907207268428e+01
1.829980703368703843e+01
1.990341573895708649e+01
1.824470924165095198e+01
1.874454743875444507e+01
1.769743254536689747e+01
1.931098544190806976e+01
1.895058477199497915e+01
1.820755552532480692e+01
1.863456569292779363e+01
1.856947740306404526e+01
1.838460423007414590e+01
1.897428888206341568e+01
1.896568596102369142e+01
1.755989159771891295e+01
1.815093272383505862e+01
1.983286792868988258e+01
1.818069040804925862e+01
1.784476026001703630e+01
1.808414113996818884e+01
1.917131042798719776e+01
1.867315932899725794e+01
1.907761978079133769e+01
1.911698357556755923e+01
1.900677330274995569e+01
1.816537930316668081e+01
1.797344199320913560e+01
1.903932484970500028e+01
1.938993258827724020e+01
1.745813523999156303e+01
1.825204648368998761e+01
1.810058901456442371e+01
1.961446448338087123e+01
1.893377191876751908e+01
1.863310956877002056e+01
1.956168905171689687e+01
1.898033146914704616e+01
1.883478466054016565e+01
1.886866592508494023e+01
1.979842342284003465e+01
1.784290621109677133e+01
1.876604659250252638e+01
1.895780220428161300e+01
1.731517437978592255e+01
1.857040215327145560e+01
1.862053130341665153e+01
1.925905237677575954e+01
1.824303736375532381e+01
1.895758297084819688e+01
1.916293215109748971e+01
1.891322947925185360e+01
1.870050280594242054e+01
1.831467797662032382e+01
1.773322052681122329e+01
1.822337666568733994e+01
1.839498678472085658e+01
1.804744717264845733e+01
1.834351867812719661e+01
