1.836542400000000086e+01
1.888532800000000123e+01
1.837158399999999858e+01
1.835468799999999945e+01
1.872939200000000071e+01
1.839780800000000127e+01
1.844796799999999948e+01
1.875878399999999857e+01
1.863646400000000014e+01
1.847736000000000089e+01
1.842596800000000101e+01
1.819048000000000087e+01
1.884766400000000175e+01
1.876089599999999891e+01
1.861587199999999953e+01
1.862379200000000168e+01
1.876775999999999911e+01
1.905903999999999954e+01
1.895819200000000038e+01
1.881510400000000161e+01
1.868257600000000096e+01
1.861939200000000127e+01
1.882971200000000067e+01
1.884555200000000141e+01
1.852769599999999883e+01
1.853596800000000044e+01
1.857591999999999999e+01
1.867377600000000015e+01
1.836947199999999825e+01
1.852769599999999883e+01
1.889623999999999882e+01
1.857908799999999871e+01
1.881369600000000020e+01
1.856377600000000072e+01
1.884695999999999927e+01
1.851432000000000144e+01
1.863452799999999954e+01
1.849918399999999963e+01
1.881263999999999825e+01
1.856342400000000126e+01
1.875544000000000011e+01
1.874470399999999870e+01
1.844145599999999874e+01
1.866567999999999827e+01
1.863400000000000034e+01
1.877145600000000059e+01
1.816707200000000100e+01
1.832124800000000064e+01
1.860619200000000006e+01
1.851484800000000064e+01
1.821019199999999927e+01
1.844391999999999854e+01
1.824451200000000028e+01
1.848545599999999922e+01
1.877726399999999884e+01
1.837158399999999858e+01
1.863312000000000168e+01
1.841276799999999980e+01
1.880524799999999885e+01
1.853209599999999924e+01
1.862009600000000020e+01
1.856940799999999925e+01
1.879627199999999831e+01
1.878342400000000012e+01
1.818590400000000074e+01
1.849918399999999963e+01
1.844040000000000035e+01
1.846152000000000015e+01
1.872323199999999943e+01
1.847700800000000143e+01
1.873291199999999890e+01
1.845535999999999888e+01
1.860601600000000033e+01
1.856254399999999904e+01
1.862819199999999853e+01
1.843124800000000008e+01
1.851009600000000077e+01
1.859563199999999838e+01
1.869894400000000090e+01
1.842896000000000001e+01
1.847225600000000156e+01
1.833057600000000065e+01
1.883710400000000007e+01
1.880859200000000087e+01
1.828991999999999862e+01
1.869788799999999895e+01
1.827020800000000023e+01
1.864086400000000054e+01
1.852400000000000091e+01
1.853280000000000172e+01
1.860601600000000033e+01
1.888462399999999874e+01
1.873537599999999870e+01
1.860144000000000020e+01
1.859897600000000040e+01
1.860865599999999986e+01
1.887494399999999928e+01
1.860654399999999953e+01
1.862537599999999927e+01
1.835908799999999985e+01
1.876054399999999944e+01
1.865424000000000149e+01
1.857662399999999892e+01
1.848052799999999962e+01
1.879539199999999965e+01
1.843687999999999860e+01
1.857627199999999945e+01
1.853772800000000132e+01
1.867060800000000143e+01
1.855303999999999931e+01
1.902824000000000026e+01
1.890433600000000069e+01
1.884273599999999860e+01
1.824926400000000015e+01
1.896435200000000165e+01
1.859598400000000140e+01
1.851977600000000024e+01
1.884220799999999940e+01
1.846856000000000009e+01
1.853332800000000091e+01
1.863065599999999833e+01
1.894059199999999876e+01
1.836771200000000093e+01
1.891190399999999983e+01
1.866673600000000022e+01
1.845571199999999834e+01
1.860372800000000026e+01
1.859915200000000013e+01
1.852575999999999823e+01
1.866585600000000156e+01
1.850094400000000050e+01
1.844268800000000041e+01
1.878993600000000086e+01
1.867289600000000149e+01
1.872287999999999997e+01
1.868838399999999922e+01
1.829431999999999903e+01
1.843159999999999954e+01
1.851467200000000091e+01
1.880102400000000173e+01
1.829467199999999849e+01
1.866743999999999915e+01
1.839903999999999940e+01
1.880014399999999952e+01
1.858260800000000046e+01
1.838566399999999845e+01
1.859281599999999912e+01
1.851044800000000023e+01
1.887441600000000008e+01
1.839587200000000067e+01
1.814683199999999985e+01
1.875508800000000065e+01
1.858331199999999939e+01
1.870492799999999889e+01
1.849584000000000117e+01
1.856342400000000126e+01
1.865564799999999934e+01
1.873203200000000024e+01
1.840256000000000114e+01
1.838196800000000053e+01
1.883464000000000027e+01
1.874927999999999884e+01
1.882601599999999920e+01
1.867025599999999841e+01
1.809491200000000077e+01
1.859228799999999993e+01
1.884044799999999853e+01
1.873484799999999950e+01
1.895027199999999823e+01
1.858278400000000019e+01
1.844163199999999847e+01
1.844022400000000061e+01
1.866198400000000035e+01
1.836718400000000173e+01
1.862432000000000087e+01
1.895678399999999897e+01
1.848774399999999929e+01
1.829396799999999956e+01
1.865159999999999840e+01
1.886684800000000095e+01
1.850516800000000117e+01
1.859228799999999993e+01
1.835609600000000086e+01
1.870052799999999849e+01
1.861305600000000027e+01
1.836172799999999938e+01
1.826968000000000103e+01
1.829520000000000124e+01
1.865019200000000055e+01
1.865758399999999995e+01
1.857732800000000140e+01
1.865705600000000075e+01
1.861851199999999906e+01
1.867800000000000082e+01
1.877110400000000112e+01
1.841259200000000007e+01
1.846503999999999834e+01
1.906502400000000108e+01
1.918928000000000011e+01
1.857662399999999892e+01
1.885787200000000041e+01
1.863188800000000001e+01
1.866392000000000095e+01
1.875913600000000159e+01
1.825911999999999935e+01
1.879521599999999992e+01
1.858753600000000006e+01
1.831596800000000158e+01
1.861182399999999859e+01
1.868521600000000049e+01
1.877409600000000012e+01
1.815563200000000066e+01
1.866251199999999955e+01
1.834888000000000119e+01
1.857715200000000166e+01
1.844374399999999881e+01
1.872640000000000171e+01
1.862343999999999866e+01
1.891788800000000137e+01
1.830523200000000017e+01
1.880648000000000053e+01
1.830224000000000117e+01
1.906643199999999894e+01
1.893707200000000057e+01
1.833567999999999998e+01
1.857768000000000086e+01
1.884660799999999981e+01
1.890134400000000170e+01
1.801905599999999907e+01
1.868011200000000116e+01
1.824327999999999861e+01
1.891859200000000030e+01
1.824046399999999934e+01
1.833480000000000132e+01
1.805777600000000049e+01
1.855761599999999945e+01
1.858208000000000126e+01
1.838003199999999993e+01
1.869806399999999869e+01
1.840520000000000067e+01
1.838742399999999932e+01
1.870140800000000070e+01
1.864931199999999833e+01
1.880313599999999852e+01
1.875174399999999864e+01
1.865230400000000088e+01
1.875051200000000051e+01
1.895414399999999944e+01
1.847454400000000163e+01
1.825577600000000089e+01
1.864825599999999994e+01
1.860671999999999926e+01
1.857715200000000166e+01
1.877603200000000072e+01
1.843406399999999934e+01
1.853526400000000152e+01
1.850868799999999936e+01
1.831543999999999883e+01
1.883287999999999940e+01
1.874945599999999857e+01
1.870492799999999889e+01
1.889659199999999828e+01
1.865406400000000176e+01
1.885100800000000021e+01
1.866286399999999901e+01
1.842139200000000088e+01
1.843423999999999907e+01
1.861006400000000127e+01
1.864086400000000054e+01
1.859387200000000107e+01
1.866796799999999834e+01
1.869014400000000009e+01
1.863593600000000094e+01
1.847436799999999835e+01
1.844726400000000055e+01
1.879222400000000093e+01
1.864984000000000108e+01
1.883974399999999960e+01
1.859422400000000053e+01
1.873889600000000044e+01
1.881457599999999886e+01
1.823747200000000035e+01
1.829097600000000057e+01
1.845131200000000149e+01
1.857715200000000166e+01
1.853438399999999930e+01
1.860636799999999980e+01
1.871760000000000090e+01
1.864315200000000061e+01
1.852787199999999856e+01
1.862308799999999920e+01
1.861587199999999953e+01
1.820860800000000168e+01
1.866884800000000055e+01
1.845993599999999901e+01
1.863769599999999826e+01
1.892439999999999856e+01
1.892000000000000171e+01
1.860795200000000094e+01
1.860056000000000154e+01
1.850992000000000104e+01
1.837422400000000167e+01
1.850816000000000017e+01
1.856659199999999998e+01
1.861252800000000107e+01
1.883323199999999886e+01
1.854406399999999877e+01
1.829256000000000171e+01
1.865775999999999968e+01
1.824715199999999982e+01
1.849566400000000144e+01
1.863628800000000041e+01
1.837070399999999992e+01
1.867201599999999928e+01
1.857609599999999972e+01
1.863822400000000101e+01
1.852927999999999997e+01
1.862361599999999839e+01
1.840871999999999886e+01
1.857451199999999858e+01
1.847155199999999908e+01
1.842473599999999934e+01
1.829062400000000110e+01
1.862766399999999933e+01
1.845870400000000089e+01
1.885716800000000148e+01
1.850886399999999909e+01
1.880999999999999872e+01
1.875262400000000085e+01
1.852734399999999937e+01
1.839270399999999839e+01
1.860953599999999852e+01
1.851308799999999977e+01
1.844004800000000088e+01
1.843212799999999874e+01
1.816601599999999905e+01
1.869155200000000150e+01
1.915267199999999903e+01
1.807959999999999923e+01
1.816707200000000100e+01
1.898740799999999851e+01
1.851167999999999836e+01
1.847348799999999969e+01
1.846099200000000096e+01
1.868011200000000116e+01
1.871320000000000050e+01
1.865881600000000162e+01
1.917924800000000118e+01
1.890451200000000043e+01
1.870598400000000083e+01
1.864086400000000054e+01
1.871320000000000050e+01
1.854969600000000085e+01
1.863576000000000121e+01
1.870246399999999909e+01
1.863030399999999887e+01
1.891225599999999929e+01
1.854353599999999958e+01
1.854899199999999837e+01
1.840150399999999919e+01
1.855691200000000052e+01
1.828235199999999949e+01
1.850358400000000003e+01
1.852804799999999830e+01
1.861763200000000040e+01
1.849408000000000030e+01
1.852558399999999850e+01
1.846609600000000029e+01
1.841452800000000067e+01
1.863171200000000027e+01
1.868011200000000116e+01
1.845201600000000042e+01
1.849935999999999936e+01
1.847683200000000170e+01
1.882724800000000087e+01
1.866427200000000042e+01
1.900799999999999912e+01
1.858912000000000120e+01
1.860407999999999973e+01
1.876582399999999851e+01
1.833550400000000025e+01
1.848492800000000003e+01
1.810124799999999823e+01
1.852980799999999917e+01
1.842508799999999880e+01
1.845395200000000102e+01
1.835239999999999938e+01
1.871883199999999903e+01
1.862326399999999893e+01
1.870193599999999989e+01
1.877779200000000159e+01
1.909529600000000116e+01
1.869384000000000157e+01
1.886684800000000095e+01
1.910356799999999922e+01
1.844092799999999954e+01
1.862238400000000027e+01
1.878500800000000126e+01
1.818572800000000100e+01
1.881809600000000060e+01
1.829678399999999883e+01
1.861780800000000013e+01
1.829203199999999896e+01
1.849883200000000016e+01
1.889747200000000049e+01
1.855937600000000032e+01
1.858577599999999919e+01
1.841998399999999947e+01
1.839340800000000087e+01
1.901592000000000127e+01
1.886103999999999914e+01
1.854265600000000092e+01
1.858155199999999851e+01
1.876599999999999824e+01
1.882214400000000154e+01
1.870193599999999989e+01
1.849883200000000016e+01
1.835468799999999945e+01
1.844497600000000048e+01
1.874769600000000125e+01
1.895414399999999944e+01
1.857328000000000046e+01
1.848123199999999855e+01
1.878166399999999925e+01
1.885364799999999974e+01
1.823923200000000122e+01
1.868011200000000116e+01
1.808347200000000043e+01
1.859193600000000046e+01
1.882214400000000154e+01
1.835152000000000072e+01
1.843124800000000008e+01
1.864614399999999961e+01
1.822356800000000021e+01
1.857556800000000052e+01
1.857116800000000012e+01
1.872569599999999923e+01
1.875121599999999944e+01
1.829220799999999869e+01
1.835592000000000112e+01
1.872921600000000097e+01
1.847102399999999989e+01
1.898459199999999925e+01
1.863417600000000007e+01
1.844867199999999841e+01
1.876388800000000145e+01
1.871231999999999829e+01
1.863734399999999880e+01
1.847278400000000076e+01
1.890873600000000110e+01
1.848686400000000063e+01
1.856324800000000153e+01
1.900377599999999845e+01
1.841382400000000175e+01
1.859193600000000046e+01
1.892774400000000057e+01
1.853368000000000038e+01
1.853420799999999957e+01
1.881668799999999919e+01
1.912662399999999963e+01
1.853385600000000011e+01
1.861323200000000000e+01
1.854670399999999830e+01
1.888497600000000176e+01
1.852910400000000024e+01
1.845975999999999928e+01
1.872640000000000171e+01
1.851044800000000023e+01
1.865212800000000115e+01
1.856676799999999972e+01
1.887652800000000042e+01
1.863646400000000014e+01
1.861340799999999973e+01
1.879767999999999972e+01
1.842931199999999947e+01
1.868820799999999949e+01
1.883076799999999906e+01
1.858366399999999885e+01
1.860760000000000147e+01
1.857873599999999925e+01
1.855180800000000119e+01
1.873537599999999870e+01
1.832283199999999823e+01
1.861235200000000134e+01
1.816284800000000033e+01
1.861006400000000127e+01
1.840643199999999879e+01
1.878694399999999831e+01
1.846503999999999834e+01
1.871777600000000064e+01
1.858753600000000006e+01
1.863294399999999840e+01
1.854863999999999891e+01
1.845113600000000176e+01
1.852470399999999984e+01
1.844638399999999834e+01
1.837668800000000147e+01
1.845747199999999921e+01
1.877268799999999871e+01
1.878835199999999972e+01
1.839147200000000026e+01
1.861956800000000101e+01
1.861534400000000034e+01
1.862062399999999940e+01
1.867430399999999935e+01
1.890398400000000123e+01
1.850780800000000070e+01
1.876318399999999897e+01
1.863136000000000081e+01
1.890028799999999976e+01
1.863171200000000027e+01
1.882249600000000100e+01
1.830030400000000057e+01
1.802222400000000135e+01
1.841664000000000101e+01
1.827496000000000009e+01
1.850041600000000130e+01
1.849689599999999956e+01
1.840907199999999833e+01
1.849355200000000110e+01
1.860742400000000174e+01
1.876107199999999864e+01
1.858771199999999979e+01
1.875561599999999984e+01
1.840291200000000060e+01
1.855339199999999877e+01
1.850868799999999936e+01
1.854934400000000139e+01
1.845360000000000156e+01
1.884185599999999994e+01
1.836172799999999938e+01
1.890433600000000069e+01
1.897878400000000099e+01
1.850921599999999856e+01
1.854705600000000132e+01
1.868204800000000176e+01
1.878395199999999932e+01
1.818379200000000040e+01
1.936880000000000024e+01
1.873467199999999977e+01
1.851590399999999903e+01
1.877392000000000039e+01
1.879504000000000019e+01
1.827179200000000137e+01
1.837475200000000086e+01
1.817851200000000134e+01
1.836313600000000079e+01
1.872217600000000104e+01
1.883622400000000141e+01
1.931001600000000096e+01
1.879468800000000073e+01
1.870158400000000043e+01
1.816073599999999999e+01
1.844339199999999934e+01
1.872094399999999936e+01
1.864720000000000155e+01
1.869260799999999989e+01
1.862783999999999907e+01
1.839798400000000100e+01
1.832371200000000044e+01
1.878606399999999965e+01
1.870475199999999916e+01
1.856254399999999904e+01
1.905657599999999974e+01
1.862115199999999859e+01
1.866972799999999921e+01
1.867940799999999868e+01
1.856659199999999998e+01
1.897543999999999897e+01
1.884326400000000135e+01
1.883305599999999913e+01
1.880014399999999952e+01
1.868504000000000076e+01
1.861217600000000161e+01
1.868046400000000062e+01
1.898705599999999905e+01
1.841505599999999987e+01
1.844831999999999894e+01
1.865089599999999947e+01
1.848774399999999929e+01
1.865424000000000149e+01
1.856852800000000059e+01
1.860795200000000094e+01
1.859774399999999872e+01
1.869155200000000150e+01
1.848052799999999962e+01
1.870580800000000110e+01
1.849900799999999990e+01
1.886227200000000082e+01
1.851343999999999923e+01
1.891049599999999842e+01
1.846187199999999962e+01
1.853895999999999944e+01
1.853209599999999924e+01
1.843195199999999900e+01
1.856289599999999851e+01
1.896980800000000045e+01
1.880155200000000093e+01
1.839552000000000120e+01
1.871496000000000137e+01
1.851115199999999916e+01
1.879134399999999872e+01
1.867465599999999881e+01
1.871249600000000157e+01
1.833761600000000058e+01
1.844638399999999834e+01
1.840009600000000134e+01
1.840907199999999833e+01
1.884519999999999840e+01
1.823536000000000001e+01
1.852065599999999890e+01
1.852716799999999964e+01
1.887758399999999881e+01
1.821758399999999867e+01
1.874364800000000031e+01
1.845747199999999921e+01
1.876758399999999938e+01
1.844691200000000109e+01
1.894023999999999930e+01
1.847419199999999861e+01
1.861974400000000074e+01
1.871496000000000137e+01
1.888233599999999868e+01
1.891313600000000150e+01
1.850921599999999856e+01
1.834923200000000065e+01
1.822004799999999847e+01
1.866268799999999928e+01
1.835063999999999851e+01
1.812993600000000072e+01
1.807168000000000063e+01
1.850199999999999889e+01
1.905481599999999887e+01
1.863699199999999934e+01
1.860900799999999933e+01
1.861481600000000114e+01
1.864350400000000008e+01
1.857891199999999898e+01
1.870316800000000157e+01
1.842966399999999894e+01
1.882390399999999886e+01
1.853596800000000044e+01
1.834342399999999884e+01
1.824873600000000096e+01
1.883692800000000034e+01
1.871566400000000030e+01
1.866233599999999981e+01
1.871056000000000097e+01
1.863927999999999940e+01
1.849759999999999849e+01
1.882038400000000067e+01
1.854547200000000018e+01
1.852840000000000131e+01
1.825560000000000116e+01
1.840256000000000114e+01
1.847401599999999888e+01
1.854212800000000172e+01
1.873801599999999823e+01
1.853808000000000078e+01
1.857996800000000093e+01
1.873643200000000064e+01
1.809667200000000165e+01
1.823307199999999995e+01
1.872534399999999977e+01
1.870844800000000063e+01
1.869172800000000123e+01
1.881105600000000067e+01
1.862819199999999853e+01
1.849196799999999996e+01
1.821987199999999874e+01
1.848827199999999849e+01
1.807344000000000150e+01
1.833040000000000092e+01
1.843758400000000108e+01
1.887864000000000075e+01
1.882619199999999893e+01
1.868204800000000176e+01
1.877919999999999945e+01
1.855039999999999978e+01
1.844092799999999954e+01
1.857873599999999925e+01
1.826492800000000116e+01
1.864931199999999833e+01
1.850340800000000030e+01
1.826721600000000123e+01
1.848263999999999996e+01
1.871830399999999983e+01
1.831086399999999870e+01
1.851537599999999983e+01
1.877743999999999858e+01
1.868204800000000176e+01
1.851238400000000084e+01
1.842262399999999900e+01
1.852523199999999903e+01
1.844796799999999948e+01
1.864438399999999874e+01
1.842526399999999853e+01
1.885681599999999847e+01
1.870686399999999949e+01
1.853825600000000051e+01
1.840784000000000020e+01
1.887687999999999988e+01
1.872270400000000024e+01
1.859070399999999879e+01
1.849513599999999869e+01
1.836911999999999878e+01
1.902049600000000140e+01
1.903598399999999913e+01
1.887177600000000055e+01
1.854248000000000118e+01
1.855251200000000011e+01
1.864649599999999907e+01
1.868979200000000063e+01
1.869982399999999956e+01
1.860742400000000174e+01
1.832828800000000058e+01
1.840273600000000087e+01
1.893020800000000037e+01
1.843934399999999840e+01
1.877092800000000139e+01
1.821758399999999867e+01
1.845166400000000095e+01
1.864772800000000075e+01
1.881950399999999846e+01
1.852047999999999917e+01
1.886878400000000156e+01
1.871496000000000137e+01
1.887793599999999827e+01
1.859527999999999892e+01
1.857715200000000166e+01
1.889852799999999888e+01
1.847032000000000096e+01
1.855691200000000052e+01
1.851185600000000164e+01
1.828041599999999889e+01
1.886614399999999847e+01
1.850340800000000030e+01
1.846539200000000136e+01
1.854635199999999884e+01
1.924964800000000054e+01
1.857468799999999831e+01
1.843899199999999894e+01
1.828903999999999996e+01
1.855620800000000159e+01
1.874364800000000031e+01
1.895502400000000165e+01
1.857204799999999878e+01
1.869295999999999935e+01
1.862696000000000041e+01
1.862889600000000101e+01
1.867553600000000102e+01
1.862660800000000094e+01
1.857486400000000160e+01
1.878183999999999898e+01
1.863206399999999974e+01
1.855532799999999938e+01
1.841769599999999940e+01
1.824732799999999955e+01
1.850270400000000137e+01
1.882302400000000020e+01
1.877215999999999951e+01
1.832107200000000091e+01
1.867676799999999915e+01
1.899603199999999958e+01
1.857257600000000153e+01
1.875596799999999931e+01
1.871038400000000124e+01
1.850182399999999916e+01
1.824187200000000075e+01
1.870703999999999922e+01
1.865529599999999988e+01
1.842526399999999853e+01
1.860584000000000060e+01
1.853966399999999837e+01
1.830664000000000158e+01
1.850552000000000064e+01
1.873942399999999964e+01
1.861974400000000074e+01
1.866726399999999941e+01
1.847823999999999955e+01
1.871760000000000090e+01
1.858929600000000093e+01
1.869947200000000009e+01
1.885399999999999920e+01
1.860267199999999832e+01
1.801342400000000055e+01
1.871302400000000077e+01
1.853931199999999890e+01
1.880084799999999845e+01
1.831438400000000044e+01
1.851379199999999869e+01
1.852452800000000011e+01
1.886825599999999881e+01
1.860073600000000127e+01
1.912292800000000170e+01
1.830188800000000171e+01
1.843811200000000028e+01
1.869208000000000069e+01
1.845430400000000049e+01
1.871619199999999950e+01
1.872252800000000050e+01
1.822075200000000095e+01
1.883200000000000074e+01
1.880577600000000160e+01
1.865195200000000142e+01
1.858700800000000086e+01
1.873396800000000084e+01
1.884044799999999853e+01
1.840766400000000047e+01
1.849636800000000036e+01
1.849337600000000137e+01
1.831015999999999977e+01
1.861851199999999906e+01
1.808910399999999896e+01
1.840467200000000147e+01
1.833691200000000165e+01
1.834764799999999951e+01
1.815352000000000032e+01
1.897420800000000085e+01
1.905463999999999913e+01
1.888497600000000176e+01
1.886632000000000176e+01
1.866603200000000129e+01
1.869436800000000076e+01
1.905587200000000081e+01
1.870123200000000097e+01
1.852417600000000064e+01
1.835046399999999878e+01
1.857398399999999938e+01
1.894640000000000057e+01
1.858771199999999979e+01
1.833233600000000152e+01
1.855057599999999951e+01
1.871143999999999963e+01
1.879609599999999858e+01
1.846715199999999868e+01
1.877392000000000039e+01
1.892369599999999963e+01
1.875420799999999844e+01
1.861745600000000067e+01
1.852593600000000151e+01
1.895537600000000111e+01
1.840009600000000134e+01
1.845535999999999888e+01
1.878747200000000106e+01
1.880524799999999885e+01
1.854899199999999837e+01
1.830857599999999863e+01
1.860584000000000060e+01
1.848475200000000029e+01
1.859756799999999899e+01
1.858683200000000113e+01
1.866567999999999827e+01
1.894499199999999917e+01
1.864913599999999860e+01
1.862044799999999967e+01
1.886843199999999854e+01
1.871214399999999856e+01
1.865828799999999887e+01
1.866902400000000029e+01
1.852224000000000004e+01
1.879380799999999851e+01
1.854423999999999850e+01
1.862291199999999947e+01
1.857275200000000126e+01
1.850199999999999889e+01
1.875807999999999964e+01
1.899972800000000106e+01
1.857715200000000166e+01
1.851167999999999836e+01
1.863505599999999873e+01
1.864808000000000021e+01
1.875121599999999944e+01
1.839076800000000134e+01
