1.913992957521558935e+01
1.911079359686576140e+01
1.919051588802703279e+01
1.949785608455218977e+01
1.883468072112758662e+01
1.923133831588614484e+01
1.915984768895423329e+01
1.905490852700111404e+01
1.918401679515698888e+01
1.918261412525099985e+01
1.929816126244584140e+01
1.935364715622593579e+01
1.953076579974169746e+01
1.964289239676069698e+01
1.912835454237736243e+01
1.922022307926238938e+01
1.918565724454615662e+01
1.925708979426154954e+01
1.930319084479691938e+01
1.947972107875292380e+01
1.948465564892872237e+01
1.890547288108433932e+01
1.942718303167894334e+01
1.942631358761416749e+01
1.896894521800921751e+01
1.972429442288494883e+01
1.949900132815769638e+01
1.897586321286047806e+01
1.971745068139993151e+01
1.972524016819562576e+01
1.985636699264361127e+01
1.966256346564427915e+01
1.928608102798822799e+01
1.898563156800335960e+01
1.900058014324706690e+01
1.935182670314370768e+01
1.913867754905340490e+01
1.891530968866004514e+01
1.931704285835658297e+01
1.926769724058019406e+01
1.935660882641873215e+01
1.887877500646856888e+01
1.975377984639436946e+01
1.974034566530403012e+01
1.935374475730806410e+01
1.879302229778729583e+01
1.943344894205667472e+01
1.950503670531880118e+01
1.941547367577067362e+01
1.909865229708595535e+01
1.947992114075902137e+01
1.933637208471377278e+01
1.957398137214170575e+01
1.932508908704450334e+01
1.961433345896196556e+01
1.924717558137155748e+01
1.863340233275177482e+01
1.976298839427836640e+01
1.965320029846437677e+01
1.956217048258162094e+01
1.893646004523696647e+01
1.952730759930750182e+01
1.909259471633398064e+01
1.944297541991701550e+01
1.964321619837131649e+01
1.890060564985714109e+01
1.889681905779805504e+01
1.913663540107691219e+01
1.965406269328713407e+01
1.950723093595074076e+01
1.945171377606277119e+01
1.927126587504848487e+01
1.940130164348137143e+01
1.922161559376791828e+01
1.953815016160942974e+01
1.908866114329410735e+01
1.990898438061046960e+01
1.894284305165764337e+01
1.905699149010956006e+01
1.901654456032894913e+01
1.967804689141840413e+01
1.941679303507956789e+01
1.879645574764397153e+01
1.976914679965400623e+01
1.913457189863430230e+01
1.891999097194912238e+01
1.919792430715172671e+01
1.951727451417588100e+01
1.961928424203950527e+01
1.918208753462100802e+01
1.886561656331542380e+01
1.893960482393613987e+01
1.900703773980712796e+01
1.967103957003647707e+01
1.942180469885174432e+01
1.912049015680968367e+01
1.907723050032406320e+01
1.923692866847870775e+01
1.927352740647724971e+01
1.884308601585526688e+01
1.939269231986668274e+01
1.908101862045502983e+01
1.902370278411273219e+01
1.929251379072740846e+01
1.971149231388792344e+01
1.921475310717266538e+01
1.906966041693613434e+01
1.912073793914621689e+01
1.918204798931607868e+01
1.924143642494741613e+01
1.925204906440024999e+01
1.929480926212628944e+01
1.960828377021857705e+01
1.952640864429534773e+01
1.929023353375338345e+01
1.944838258859623537e+01
1.903768933133805419e+01
1.914248019891686070e+01
1.886628404633450273e+01
1.914019449875720369e+01
1.901692517192968168e+01
1.931045910866847848e+01
1.899211110376009515e+01
1.937769695212953636e+01
1.919471728919570808e+01
1.912904270973683651e+01
1.896376023149963430e+01
1.924796703380242491e+01
1.930384522463959840e+01
1.939311663954347509e+01
1.928228165800425487e+01
1.944930145177151104e+01
1.925809173720593748e+01
1.967698566867449728e+01
1.908523255119528628e+01
1.943903031029993755e+01
1.897568637132841118e+01
1.905650458073823827e+01
1.915617100405002660e+01
1.924824948661248669e+01
1.935255819065307037e+01
1.928238201878689395e+01
1.915258815788388347e+01
1.924303050819375471e+01
1.928862879124278251e+01
1.882595335906371048e+01
1.895954314762822079e+01
1.944095659113787988e+01
1.910093886492430215e+01
1.882034446991226417e+01
1.904106683100643593e+01
1.916865174025978646e+01
1.948543186443727393e+01
1.880353975177229842e+01
1.883810875865605539e+01
1.885038224784397443e+01
1.936791311094282975e+01
1.932739585363338009e+01
1.931879649628771389e+01
1.974482530559892624e+01
1.917892831989125924e+01
1.975591952859616995e+01
1.930794307667362730e+01
1.909008022705896579e+01
1.901788861029800159e+01
1.928488419039933177e+01
1.894769914491612894e+01
1.902513035072833958e+01
1.948518605437143592e+01
1.966811188553358036e+01
1.939448071984403299e+01
1.915846208809556472e+01
1.909179519102912437e+01
1.886670191755804638e+01
1.954681959939659563e+01
1.950529854726075740e+01
1.957863892606364331e+01
1.972129235210202225e+01
1.989396625840392474e+01
1.898347457136504346e+01
1.954533577806338585e+01
1.915144817334960692e+01
1.943403487313265643e+01
1.937904460776701754e+01
1.963946740296884386e+01
1.918294604193953745e+01
1.891152550489553974e+01
1.891607023081330397e+01
1.927203584624087895e+01
1.921255918644956395e+01
1.916672967196513966e+01
1.858700689423544361e+01
1.958637436801242515e+01
1.938968658819794655e+01
1.916157783635528844e+01
1.931757674401324820e+01
1.942043585558099394e+01
1.907578705648224116e+01
1.903372873328471826e+01
1.928726519920639149e+01
1.898940542444289292e+01
1.955168939571772668e+01
1.960935198864232021e+01
1.937594264253112541e+01
1.931429094902593491e+01
1.886332003255126466e+01
1.908301099051451999e+01
1.919282884144036316e+01
2.026925971079410971e+01
1.934701488046521334e+01
1.928660007834505308e+01
1.923053406930170794e+01
1.942522155654704008e+01
1.905632864062070908e+01
1.919880895059349868e+01
1.912895866084405583e+01
1.963098460466430240e+01
1.981157382412949985e+01
1.931822340907089242e+01
1.962019373044756065e+01
1.948569253812068780e+01
1.920819228285631297e+01
1.945881720744411325e+01
1.927759162441559937e+01
1.939202754291091324e+01
1.919169713465993965e+01
1.945187438431739935e+01
1.946165762983688197e+01
2.014181766703087106e+01
1.919747507249963192e+01
1.914445547520972113e+01
1.881663763100513975e+01
1.979006309505167849e+01
1.889183985316091707e+01
1.914062730219749398e+01
1.902720731073659977e+01
1.917513724711023571e+01
1.982304029779769650e+01
1.960493015364783531e+01
1.912329183667898747e+01
1.909512954781599703e+01
1.957602964473456453e+01
1.902147104396306787e+01
1.872503316558805153e+01
1.936738332675449570e+01
1.901799633852185423e+01
1.916764851116137436e+01
1.930884145682060549e+01
1.952279268420743108e+01
1.899315660137945372e+01
1.931816463802460859e+01
1.923140962075935434e+01
1.873500809306593240e+01
1.872484867071120362e+01
1.895965316068408058e+01
1.930841478546632572e+01
1.996190485608086362e+01
1.950835255405361224e+01
1.966454224335861412e+01
1.880896955392321601e+01
1.969615167949745071e+01
1.921993538274495705e+01
1.934939381853910234e+01
1.941736609669073488e+01
1.967246433691733998e+01
1.909076942266139199e+01
1.916032836971354314e+01
1.870709881550597586e+01
1.867189374347944053e+01
1.918255611424155660e+01
1.936060100842264120e+01
1.905967253083209911e+01
1.925320637285743786e+01
1.927935756579482884e+01
1.879029519290709160e+01
1.906370646374242739e+01
1.890380390248766673e+01
1.957723408211412774e+01
1.967958271594580566e+01
1.947662173285266363e+01
1.916044078473094103e+01
1.926537147203067590e+01
1.967092667709999887e+01
1.931540265223616970e+01
1.908037267508764501e+01
1.940528257897413056e+01
1.933632910353859202e+01
1.929444125764762674e+01
1.949836959271781467e+01
1.902383649554103684e+01
1.911788365895101549e+01
1.883736987381070094e+01
1.908121878146274852e+01
1.905653021902904953e+01
1.895446392016226156e+01
1.929797782609968948e+01
1.887063557019241244e+01
1.879368459143361747e+01
1.920533212417360502e+01
1.977034981281375181e+01
1.941048003083233553e+01
1.909795386693797425e+01
1.918110402530071568e+01
1.853464089322473285e+01
1.886611920833266254e+01
1.926174395640071779e+01
1.932367021463134549e+01
1.932564800392398041e+01
1.929359160664297690e+01
1.888768065784698535e+01
1.955549389057789256e+01
1.897236299900473711e+01
1.932648989006589701e+01
1.921625316339194356e+01
1.928821793520492633e+01
1.873290237773496969e+01
1.918528874274092644e+01
1.951456404790562260e+01
1.928003477769241414e+01
1.920918569940806364e+01
1.941532121095395880e+01
1.908511547449744583e+01
1.911956388430554910e+01
1.927525633888955525e+01
1.910454086943527585e+01
1.950460313346523833e+01
1.911622468931935259e+01
1.974250993165433954e+01
1.937314452189554004e+01
1.904464684013056441e+01
1.913737856247176339e+01
1.928727613465257207e+01
1.886231094772460182e+01
1.899685480180055208e+01
1.911862007839284772e+01
1.912406746837340066e+01
1.894594183347638605e+01
1.898073524166118276e+01
1.910974592790436333e+01
1.936561476688130057e+01
1.868301336853193817e+01
1.907209088704552258e+01
1.906674460220558487e+01
1.910546117281472434e+01
1.888753445684591270e+01
1.871602904895948427e+01
1.955879025508877334e+01
2.003325737544251339e+01
1.927650479832484010e+01
1.925123669188157649e+01
1.887678449414027426e+01
1.897643654397359825e+01
1.897978791152389633e+01
1.919867364509032370e+01
1.915822973211304259e+01
1.925573910607408123e+01
1.887964947755990508e+01
1.902077543227886380e+01
1.897333414789612505e+01
1.944148093873665317e+01
1.929667558063657040e+01
1.962637578432986984e+01
1.936136241115893597e+01
1.874944959956262380e+01
1.948271729757463078e+01
1.886384355865485318e+01
1.906682234610991955e+01
1.924551012249111537e+01
1.882383194802529403e+01
1.980501776284010873e+01
1.921955341773804804e+01
1.960261629570786823e+01
1.924480875670686331e+01
1.903944395192605299e+01
1.964271330987595832e+01
1.917590949913885012e+01
1.909536793539628263e+01
1.964999640958051685e+01
1.878756792266035092e+01
1.942348641860078118e+01
1.946704554389981823e+01
1.936464293399328440e+01
1.958287387928739776e+01
1.898890588508024635e+01
1.923328938461407489e+01
1.925746740218742659e+01
1.958974964220336901e+01
1.886289787360015424e+01
2.012749065417261107e+01
1.926152077216411485e+01
1.938165699860964608e+01
1.927513579761674123e+01
1.925211135075126023e+01
1.986239547321129706e+01
1.962893077840215028e+01
1.850533671601113639e+01
1.932563942286534342e+01
1.918647371813509395e+01
1.944546499901998615e+01
1.914335313110386494e+01
1.927500514683659461e+01
1.962347567471310938e+01
1.923414928519619238e+01
1.967956643663729821e+01
1.952449071586973872e+01
1.942518397143627595e+01
1.942980384047821119e+01
1.932197180809631476e+01
1.933275422595898974e+01
1.971909820141855718e+01
1.965132942425463014e+01
1.946161135166243028e+01
1.923488512709465326e+01
1.876498112205987567e+01
1.882763961005450426e+01
1.931402384270710826e+01
1.930378141890355792e+01
1.905033743661586598e+01
1.935890175380757228e+01
1.907455214271189803e+01
1.919328340402484301e+01
1.907183850956929660e+01
1.915575124592641387e+01
1.954017750392025476e+01
1.921089540559974651e+01
1.962281328360689869e+01
1.897612776822517588e+01
1.999227297204064158e+01
1.920685579881504168e+01
1.966711617940992340e+01
1.904089114608568067e+01
1.956960359633149693e+01
1.902488251022907662e+01
1.943136818684312317e+01
1.935548283822481608e+01
1.901994790133138480e+01
1.920224576944364259e+01
1.903120892225740945e+01
1.899314721101106684e+01
1.943304755419682550e+01
1.930347940646739247e+01
1.939428957549470312e+01
1.964525209965017893e+01
1.987720643404724186e+01
1.931684474268692142e+01
1.900459895749229133e+01
1.933150848352287099e+01
1.912858512223874641e+01
1.912642800159752809e+01
1.937493670855241490e+01
1.946696261719565868e+01
1.921887812920894234e+01
1.932860371953774248e+01
1.862550159782288262e+01
1.899400587982657385e+01
1.899478063315366327e+01
1.912684409295750498e+01
1.963576400539716360e+01
1.914101696727768953e+01
1.964806919019133602e+01
1.969361250468647384e+01
1.929629986323211810e+01
1.902915283862469664e+01
1.908720353946262804e+01
1.908734832369279388e+01
1.961211807265836526e+01
1.908846655279110038e+01
1.953804134878789611e+01
1.931555300530040853e+01
1.874495870629552385e+01
1.909483361033523963e+01
1.905131246809826706e+01
1.901712474122469487e+01
1.895016160950472184e+01
1.917319248557886269e+01
1.930074058338936283e+01
1.917861380847928743e+01
1.923078432372507862e+01
1.912739289160986544e+01
1.932765384432373779e+01
1.920705847183979742e+01
1.908668116506779455e+01
1.916697173313854563e+01
1.950885133999013377e+01
1.980479648977873808e+01
1.957605423734904804e+01
1.933553253178426701e+01
1.913605894276326325e+01
1.967639312040627075e+01
1.934192314370869781e+01
1.916688959355912658e+01
1.944865372408475679e+01
1.954530132759622774e+01
1.952555705365124084e+01
1.947284357374441655e+01
1.925273381717933319e+01
1.907483875269990747e+01
1.872929835288839229e+01
1.907794353753559236e+01
1.901314045788283735e+01
1.952281246976572504e+01
1.916852559492465247e+01
1.891810897712475281e+01
1.918893634612827270e+01
1.901985509663699148e+01
1.947999290723664245e+01
1.875608148013571252e+01
1.884478377021843087e+01
1.932852236946257918e+01
1.927674298200998848e+01
1.949702128239094634e+01
1.929531489652057274e+01
1.928376105033789756e+01
1.919129108218901791e+01
1.886964222030697158e+01
1.880516598523458427e+01
1.899187387956017048e+01
1.912566514256683803e+01
1.951619710643733185e+01
1.895282512308605760e+01
1.891766890241606447e+01
1.925648524069146816e+01
1.921402621626747020e+01
1.914478816517328141e+01
1.901804796011072085e+01
1.937411260774747390e+01
1.964083037958839384e+01
1.966747119986807490e+01
1.902087247757237876e+01
1.917166903185149351e+01
1.870931235845426244e+01
1.909476334422456034e+01
1.921255686001192231e+01
1.949086287657716454e+01
1.955437159390035262e+01
1.856075874911240220e+01
1.982295539583205723e+01
1.911840552413309169e+01
1.896541153308840322e+01
1.903567462442425295e+01
1.906847557637617996e+01
1.900665462291378915e+01
1.959117250907525332e+01
1.890227513614633992e+01
1.899985863231187011e+01
1.938623646182627169e+01
