1.840379199999999926e+01
1.823817599999999928e+01
1.880313599999999852e+01
1.844831999999999894e+01
1.793756799999999885e+01
1.848616000000000170e+01
1.822004799999999847e+01
1.840167999999999893e+01
1.867236799999999874e+01
1.801447999999999894e+01
1.826000000000000156e+01
1.841153600000000168e+01
1.818643199999999993e+01
1.845993599999999901e+01
1.808576000000000050e+01
1.791028800000000132e+01
1.842896000000000001e+01
1.826932800000000157e+01
1.854036800000000085e+01
1.860918399999999906e+01
1.826264000000000109e+01
1.841065599999999947e+01
1.832177599999999984e+01
1.814718399999999932e+01
1.856764799999999838e+01
1.837175999999999831e+01
1.826774400000000043e+01
1.839129600000000053e+01
1.816073599999999999e+01
1.809438400000000158e+01
1.839393600000000006e+01
1.824398400000000109e+01
1.846099200000000096e+01
1.796097599999999872e+01
1.792436800000000119e+01
1.841699200000000047e+01
1.838443200000000033e+01
1.842086400000000168e+01
1.847243200000000130e+01
1.846415999999999968e+01
1.834571199999999891e+01
1.831737599999999944e+01
1.810265599999999964e+01
1.832916799999999924e+01
1.813996799999999965e+01
1.841910400000000081e+01
1.832951999999999870e+01
1.829502400000000151e+01
1.830822399999999917e+01
1.854089600000000004e+01
1.831192000000000064e+01
1.857380799999999965e+01
1.840643199999999879e+01
1.816689600000000127e+01
1.826211199999999835e+01
1.835961599999999905e+01
1.819206399999999846e+01
1.858190400000000153e+01
1.838196800000000053e+01
1.868468800000000130e+01
1.839622400000000013e+01
1.859686400000000006e+01
1.883182400000000101e+01
1.869243200000000016e+01
1.823377599999999887e+01
1.824820800000000176e+01
1.825014399999999881e+01
1.809561599999999970e+01
1.847542400000000029e+01
1.836859199999999959e+01
1.811321600000000132e+01
1.811867200000000011e+01
1.837211200000000133e+01
1.849619200000000063e+01
1.868116799999999955e+01
1.788283200000000051e+01
1.854723200000000105e+01
1.836190399999999912e+01
1.840995200000000054e+01
1.844427200000000155e+01
1.803031999999999968e+01
1.888955199999999834e+01
1.823940800000000095e+01
1.850745600000000124e+01
1.788758400000000037e+01
1.819611199999999940e+01
1.834588799999999864e+01
1.795675200000000160e+01
1.852927999999999997e+01
1.804422399999999982e+01
1.801870399999999961e+01
1.877708799999999911e+01
1.836595200000000006e+01
1.840731200000000101e+01
1.835468799999999945e+01
1.805108800000000002e+01
1.842790400000000162e+01
1.851871999999999829e+01
1.824011199999999988e+01
1.823324799999999968e+01
1.832265599999999850e+01
1.854916800000000165e+01
1.854723200000000105e+01
1.833145599999999931e+01
1.810195200000000071e+01
1.833990400000000065e+01
1.797382400000000047e+01
1.813169600000000159e+01
1.830276800000000037e+01
1.809579199999999943e+01
1.804668799999999962e+01
1.839199999999999946e+01
1.850956800000000158e+01
1.876934400000000025e+01
1.846609600000000029e+01
1.848985599999999963e+01
1.827126399999999862e+01
1.835908799999999985e+01
1.860548800000000114e+01
1.862308799999999920e+01
1.845043199999999928e+01
1.836260800000000160e+01
1.842983999999999867e+01
1.876511999999999958e+01
1.847436799999999835e+01
1.862783999999999907e+01
1.806991999999999976e+01
1.833145599999999931e+01
1.876142400000000166e+01
1.847383999999999915e+01
1.855620800000000159e+01
1.821529599999999860e+01
1.835328000000000159e+01
1.820948800000000034e+01
1.833391999999999911e+01
1.859774399999999872e+01
1.844233600000000095e+01
1.792313599999999951e+01
1.818924799999999919e+01
1.817745599999999939e+01
1.802064000000000021e+01
1.827759999999999962e+01
1.856817600000000112e+01
1.802662400000000176e+01
1.833691200000000165e+01
1.802574399999999955e+01
1.850199999999999889e+01
1.851361599999999896e+01
1.846398399999999995e+01
1.847014400000000123e+01
1.844515200000000021e+01
1.790113600000000105e+01
1.824152000000000129e+01
1.832687999999999917e+01
1.819435199999999853e+01
1.810335999999999856e+01
1.833092800000000011e+01
1.807361600000000124e+01
1.814507199999999898e+01
1.820790399999999920e+01
1.786435200000000023e+01
1.830839999999999890e+01
1.802028800000000075e+01
1.835803200000000146e+01
1.806956800000000030e+01
1.836243199999999831e+01
1.796748799999999946e+01
1.865758399999999995e+01
1.817516799999999932e+01
1.847207999999999828e+01
1.817657600000000073e+01
1.826070400000000049e+01
1.815580800000000039e+01
1.817974399999999946e+01
1.849073599999999828e+01
1.843300800000000095e+01
1.803648000000000096e+01
1.835908799999999985e+01
1.831737599999999944e+01
1.834184000000000125e+01
1.835732799999999898e+01
1.803172800000000109e+01
1.803190400000000082e+01
1.812676799999999844e+01
1.845870400000000089e+01
1.850463999999999842e+01
1.794003199999999865e+01
1.846697599999999895e+01
1.806375999999999848e+01
1.834659200000000112e+01
1.846979200000000176e+01
1.839288000000000167e+01
1.791398399999999924e+01
1.808857599999999977e+01
1.832441599999999937e+01
1.840326400000000007e+01
1.849196799999999996e+01
1.840854399999999913e+01
1.811779200000000145e+01
1.830839999999999890e+01
1.861305600000000027e+01
1.807608000000000104e+01
1.886156799999999834e+01
1.827302399999999949e+01
1.766881599999999963e+01
1.802556799999999981e+01
1.835169600000000045e+01
1.811867200000000011e+01
1.835961599999999905e+01
1.818836800000000054e+01
1.813820799999999878e+01
1.840185599999999866e+01
1.834078399999999931e+01
1.812729600000000119e+01
1.830065600000000003e+01
1.791028800000000132e+01
1.851801599999999937e+01
1.794935999999999865e+01
1.834095999999999904e+01
1.802363199999999921e+01
1.819399999999999906e+01
1.845729599999999948e+01
1.812377599999999944e+01
1.819399999999999906e+01
1.855303999999999931e+01
1.851238400000000084e+01
1.877779200000000159e+01
1.800990399999999880e+01
1.815211199999999891e+01
1.834131199999999851e+01
1.837264000000000053e+01
1.804439999999999955e+01
1.826052800000000076e+01
1.825964799999999855e+01
1.817428800000000066e+01
1.831227200000000011e+01
1.819769600000000054e+01
1.828305599999999842e+01
1.815598400000000012e+01
1.840871999999999886e+01
1.832899199999999951e+01
1.787966399999999823e+01
1.825384000000000029e+01
1.823324799999999968e+01
1.808611199999999997e+01
1.841681600000000074e+01
1.831526399999999910e+01
1.825824000000000069e+01
1.860425599999999946e+01
1.881598400000000026e+01
1.852417600000000064e+01
1.812571200000000005e+01
1.807379200000000097e+01
1.864526400000000095e+01
1.840819199999999967e+01
1.860337600000000080e+01
1.850816000000000017e+01
1.849108800000000130e+01
1.830382399999999876e+01
1.844356799999999907e+01
1.820755199999999974e+01
1.847401599999999888e+01
1.850164799999999943e+01
1.841699200000000047e+01
1.850992000000000104e+01
1.810353599999999830e+01
1.837633599999999845e+01
1.852699199999999990e+01
1.826528000000000063e+01
1.874065600000000131e+01
1.802539200000000008e+01
1.862643200000000121e+01
1.830012800000000084e+01
1.784692799999999835e+01
1.820209600000000094e+01
1.840414399999999873e+01
1.863223999999999947e+01
1.803559999999999874e+01
1.840502400000000094e+01
1.808153599999999983e+01
1.841787199999999913e+01
1.817921600000000026e+01
1.829537600000000097e+01
1.845131200000000149e+01
1.852329599999999843e+01
1.852699199999999990e+01
1.813433600000000112e+01
1.811814400000000091e+01
1.851432000000000144e+01
1.836102400000000046e+01
1.815950399999999831e+01
1.796291199999999932e+01
1.838073599999999885e+01
1.848404800000000137e+01
1.826879999999999882e+01
1.847771200000000036e+01
1.803788799999999881e+01
1.833110399999999984e+01
1.813169600000000159e+01
1.847067200000000042e+01
1.834271999999999991e+01
1.806921600000000083e+01
1.839604800000000040e+01
1.817270399999999952e+01
1.807537599999999856e+01
1.847172799999999881e+01
1.843230399999999847e+01
1.852787199999999856e+01
1.817182400000000086e+01
1.833057600000000065e+01
1.832687999999999917e+01
1.814207999999999998e+01
1.842491199999999907e+01
1.831350399999999823e+01
1.814788799999999824e+01
1.818379200000000040e+01
1.832776000000000138e+01
1.836383999999999972e+01
1.860495999999999839e+01
1.790395200000000031e+01
1.846433599999999942e+01
1.804088000000000136e+01
1.851361599999999896e+01
1.858383999999999858e+01
1.837598399999999899e+01
1.828903999999999996e+01
1.844339199999999934e+01
1.809526400000000024e+01
1.840308800000000033e+01
1.833902399999999844e+01
1.798825599999999980e+01
1.831332799999999850e+01
1.812800000000000011e+01
1.837316799999999972e+01
1.820508799999999994e+01
1.827390400000000170e+01
1.846152000000000015e+01
1.811427199999999971e+01
1.829308800000000090e+01
1.836947199999999825e+01
1.816953600000000080e+01
1.808875199999999950e+01
1.827900800000000103e+01
1.805496000000000123e+01
1.828675199999999990e+01
1.808998400000000117e+01
1.808259200000000178e+01
1.832089600000000118e+01
1.849020799999999909e+01
1.808769600000000111e+01
1.848563199999999895e+01
1.839411199999999980e+01
1.842579200000000128e+01
1.801588800000000035e+01
1.797294399999999825e+01
1.828991999999999862e+01
1.845799999999999841e+01
1.813908800000000099e+01
1.840414399999999873e+01
1.833867199999999897e+01
1.840467200000000147e+01
1.853104000000000084e+01
1.823060800000000015e+01
1.803559999999999874e+01
1.837862399999999852e+01
1.813996799999999965e+01
1.821265599999999907e+01
1.816654399999999825e+01
1.806129599999999868e+01
1.812060800000000071e+01
1.836331200000000052e+01
1.848158400000000157e+01
1.834571199999999891e+01
1.834025600000000011e+01
1.822814400000000035e+01
1.855145600000000172e+01
1.819892799999999866e+01
1.791187199999999891e+01
1.804616000000000042e+01
1.839587200000000067e+01
1.800110400000000155e+01
1.840942400000000134e+01
1.810652800000000084e+01
1.831649600000000078e+01
1.852452800000000011e+01
1.807238399999999956e+01
1.825560000000000116e+01
1.833955200000000119e+01
1.838883200000000073e+01
1.825982399999999828e+01
1.847225600000000156e+01
1.827566399999999902e+01
1.820420800000000128e+01
1.871390399999999943e+01
1.823799999999999955e+01
1.833902399999999844e+01
1.823113599999999934e+01
1.822796800000000061e+01
1.843564800000000048e+01
1.814947199999999938e+01
1.865899200000000135e+01
1.845184000000000069e+01
1.840080000000000027e+01
1.833708800000000139e+01
1.835961599999999905e+01
1.864843199999999968e+01
1.830276800000000037e+01
1.816232000000000113e+01
1.852505599999999930e+01
1.826475200000000143e+01
1.802697600000000122e+01
1.830012800000000084e+01
1.870017599999999902e+01
1.832670399999999944e+01
1.821212799999999987e+01
1.804299200000000170e+01
1.850446399999999869e+01
1.834289599999999965e+01
1.832001599999999897e+01
1.795288000000000039e+01
1.849689599999999956e+01
1.842983999999999867e+01
1.833444799999999830e+01
1.840625599999999906e+01
1.810688000000000031e+01
1.851766399999999990e+01
1.864614399999999961e+01
1.836753600000000120e+01
1.824820800000000176e+01
1.854828799999999944e+01
1.854776000000000025e+01
1.804158400000000029e+01
1.827936000000000050e+01
1.847612799999999922e+01
1.835328000000000159e+01
1.835803200000000146e+01
1.805372799999999955e+01
1.838126400000000160e+01
1.844744000000000028e+01
1.839851200000000020e+01
1.808681599999999889e+01
1.808857599999999977e+01
1.817428800000000066e+01
1.832212799999999930e+01
1.822268800000000155e+01
1.805601599999999962e+01
1.830399999999999849e+01
1.840027200000000107e+01
1.817516799999999932e+01
1.828921599999999970e+01
1.812060800000000071e+01
1.809790399999999977e+01
1.817974399999999946e+01
1.829044800000000137e+01
1.831473599999999990e+01
1.859950399999999959e+01
1.816020800000000079e+01
1.823976000000000042e+01
1.812289600000000078e+01
1.835468799999999945e+01
1.800691199999999981e+01
1.831209600000000037e+01
1.823764800000000008e+01
1.830118399999999923e+01
1.814735999999999905e+01
1.842772799999999833e+01
1.808312000000000097e+01
1.838355200000000167e+01
1.817428800000000066e+01
1.827196800000000110e+01
1.820966400000000007e+01
1.828516799999999876e+01
1.850393599999999950e+01
1.794302400000000119e+01
1.836560000000000059e+01
1.856500799999999884e+01
1.820385599999999826e+01
1.823236800000000102e+01
1.810652800000000084e+01
1.821406400000000048e+01
1.847014400000000123e+01
1.815158399999999972e+01
1.857451199999999858e+01
1.838848000000000127e+01
1.823095999999999961e+01
1.802345599999999948e+01
1.837123199999999912e+01
1.871302400000000077e+01
1.811321600000000132e+01
1.830417599999999823e+01
1.836876799999999932e+01
1.817604800000000154e+01
1.797276799999999852e+01
1.828305599999999842e+01
1.829044800000000137e+01
1.823148799999999881e+01
1.811180799999999991e+01
1.803190400000000082e+01
1.830153599999999869e+01
1.811092800000000125e+01
1.808312000000000097e+01
1.843353600000000014e+01
1.841910400000000081e+01
1.849935999999999936e+01
1.826299200000000056e+01
1.816900800000000160e+01
1.849302399999999835e+01
1.821283199999999880e+01
1.816601599999999905e+01
1.812923199999999824e+01
1.829449599999999876e+01
1.841664000000000101e+01
1.772566399999999831e+01
1.777952000000000155e+01
1.830012800000000084e+01
1.806499200000000016e+01
1.838900800000000046e+01
1.837105599999999939e+01
1.836560000000000059e+01
1.800814400000000148e+01
1.829748800000000131e+01
1.807924799999999976e+01
1.851907200000000131e+01
1.833831999999999951e+01
1.809262400000000071e+01
1.828903999999999996e+01
1.821934399999999954e+01
1.807203200000000010e+01
1.805883199999999889e+01
1.861235200000000134e+01
1.823623999999999867e+01
1.846187199999999962e+01
1.838144000000000133e+01
1.849742399999999876e+01
1.820790399999999920e+01
1.828798400000000157e+01
1.824063999999999908e+01
1.826158399999999915e+01
1.802380799999999894e+01
1.811919999999999931e+01
1.829942399999999836e+01
1.842033599999999893e+01
1.867747200000000163e+01
1.798367999999999967e+01
1.857768000000000086e+01
1.811251199999999884e+01
1.853544000000000125e+01
1.883323199999999886e+01
1.843547200000000075e+01
1.858665600000000140e+01
1.864790400000000048e+01
1.842614400000000074e+01
1.808787200000000084e+01
1.852540799999999876e+01
1.804052799999999834e+01
1.831596800000000158e+01
1.817833600000000160e+01
1.825876799999999989e+01
1.803208000000000055e+01
1.823183999999999827e+01
1.832072000000000145e+01
1.822867199999999954e+01
1.835187200000000018e+01
1.825172799999999995e+01
1.796555199999999886e+01
1.820896000000000114e+01
1.809878399999999843e+01
1.828534399999999849e+01
1.852364800000000145e+01
1.828956799999999916e+01
1.814753599999999878e+01
1.852664000000000044e+01
1.818273599999999846e+01
1.779711999999999961e+01
1.836084800000000072e+01
1.802609599999999901e+01
1.813680000000000092e+01
1.821934399999999954e+01
1.812623999999999924e+01
1.815739200000000153e+01
1.833902399999999844e+01
1.792982399999999998e+01
1.793756799999999885e+01
1.806604799999999855e+01
1.846345600000000076e+01
1.845184000000000069e+01
1.819276800000000094e+01
1.826932800000000157e+01
1.821705599999999947e+01
1.889923200000000136e+01
1.860636799999999980e+01
1.809420799999999829e+01
1.853015999999999863e+01
1.798491200000000134e+01
1.842315200000000175e+01
1.829660799999999909e+01
1.844831999999999894e+01
1.832247999999999877e+01
1.883147200000000154e+01
1.839552000000000120e+01
1.827988799999999969e+01
1.838337599999999838e+01
1.804475199999999901e+01
1.817569599999999852e+01
1.836718400000000173e+01
1.841681600000000074e+01
1.828816000000000130e+01
1.841188800000000114e+01
1.828076799999999835e+01
1.851361599999999896e+01
1.836348800000000026e+01
1.846556800000000109e+01
1.826932800000000157e+01
1.842051199999999866e+01
1.822779200000000088e+01
1.821511999999999887e+01
1.816636799999999852e+01
1.798086400000000040e+01
1.816390399999999872e+01
1.833620799999999917e+01
1.824785599999999874e+01
1.842983999999999867e+01
1.809191999999999823e+01
1.797910399999999953e+01
1.787966399999999823e+01
1.832441599999999937e+01
1.832828800000000058e+01
1.812131199999999964e+01
1.837369599999999892e+01
1.804352000000000089e+01
1.825630400000000009e+01
1.839833600000000047e+01
1.836243199999999831e+01
1.825137600000000049e+01
1.835011199999999931e+01
1.817270399999999952e+01
1.837563199999999952e+01
1.826721600000000123e+01
1.811427199999999971e+01
1.812606399999999951e+01
1.823254400000000075e+01
1.824380800000000136e+01
1.831948799999999977e+01
1.857855999999999952e+01
1.815950399999999831e+01
1.779553599999999847e+01
1.835785600000000173e+01
1.819153599999999926e+01
1.880172800000000066e+01
1.812641599999999897e+01
1.820315199999999933e+01
1.817516799999999932e+01
1.842684799999999967e+01
1.830945600000000084e+01
1.863875200000000021e+01
1.789110399999999856e+01
1.813591999999999871e+01
1.845817600000000169e+01
1.826457600000000170e+01
1.828129600000000110e+01
1.818872000000000000e+01
1.814806400000000153e+01
1.840801599999999993e+01
1.800972799999999907e+01
1.855198400000000092e+01
1.790588800000000091e+01
1.838267199999999946e+01
1.797241599999999906e+01
1.797047999999999845e+01
1.824363200000000163e+01
1.856465599999999938e+01
1.826246400000000136e+01
1.844831999999999894e+01
1.828376000000000090e+01
1.826844799999999935e+01
1.839376000000000033e+01
1.817235200000000006e+01
1.846768000000000143e+01
1.857908799999999871e+01
1.831508799999999937e+01
1.845782399999999868e+01
1.836507200000000140e+01
1.810688000000000031e+01
1.845870400000000089e+01
1.812588799999999978e+01
1.805460800000000177e+01
1.801412799999999947e+01
1.829449599999999876e+01
1.873801599999999823e+01
1.811955199999999877e+01
1.823782399999999981e+01
1.831702399999999997e+01
1.801096000000000075e+01
1.799424000000000134e+01
1.823043200000000041e+01
1.843089600000000061e+01
1.818484799999999879e+01
1.819928000000000168e+01
1.845993599999999901e+01
1.789039999999999964e+01
1.789920000000000044e+01
1.833198399999999850e+01
1.853350400000000064e+01
1.830822399999999917e+01
1.840555200000000013e+01
1.807502399999999909e+01
1.797347200000000100e+01
1.799371199999999860e+01
1.822655999999999921e+01
1.820720000000000027e+01
1.806340799999999902e+01
1.853438399999999930e+01
1.843265600000000148e+01
1.812887999999999877e+01
1.820755199999999974e+01
1.797787200000000141e+01
1.843142399999999981e+01
1.822691199999999867e+01
1.842684799999999967e+01
1.801764800000000122e+01
1.788899199999999823e+01
1.815052800000000133e+01
1.822603200000000001e+01
1.781225600000000142e+01
1.845307199999999881e+01
1.878958400000000140e+01
1.800638400000000061e+01
1.839463999999999899e+01
1.811022399999999877e+01
1.827812799999999882e+01
1.826827199999999962e+01
1.811603200000000058e+01
1.867131200000000035e+01
1.805320000000000036e+01
1.817569599999999852e+01
1.807519999999999882e+01
1.828041599999999889e+01
1.832388800000000018e+01
1.834852800000000173e+01
1.835803200000000146e+01
1.824187200000000075e+01
1.851343999999999923e+01
1.851467200000000091e+01
1.841470400000000041e+01
1.847630399999999895e+01
1.824979199999999935e+01
1.827372799999999842e+01
1.859721599999999953e+01
1.787385599999999997e+01
1.813380799999999837e+01
1.883745599999999953e+01
1.807432000000000016e+01
1.798931200000000175e+01
1.790711999999999904e+01
1.830012800000000084e+01
1.856535999999999831e+01
1.825700799999999902e+01
1.814313599999999838e+01
1.836771200000000093e+01
1.811902399999999957e+01
1.836595200000000006e+01
1.853209599999999924e+01
1.847700800000000143e+01
1.837827199999999905e+01
1.815615999999999985e+01
1.840748800000000074e+01
1.806464000000000070e+01
1.836296000000000106e+01
1.829520000000000124e+01
1.842719999999999914e+01
1.835028799999999904e+01
1.801536000000000115e+01
1.833744000000000085e+01
1.842297599999999846e+01
1.868433599999999828e+01
1.835820800000000119e+01
1.810828800000000172e+01
1.841875200000000135e+01
1.834553599999999918e+01
1.828112000000000137e+01
1.806974400000000003e+01
1.855075199999999924e+01
1.797963199999999873e+01
1.856940799999999925e+01
1.806252800000000036e+01
1.854072000000000031e+01
1.857275200000000126e+01
1.821617600000000081e+01
1.808681599999999889e+01
1.823571199999999948e+01
1.845975999999999928e+01
1.829431999999999903e+01
1.821001599999999954e+01
1.834958400000000012e+01
1.829995200000000111e+01
1.853579200000000071e+01
1.817921600000000026e+01
1.799195200000000128e+01
1.816936000000000107e+01
1.792542399999999958e+01
1.860848000000000013e+01
1.840220800000000168e+01
1.834571199999999891e+01
1.826088000000000022e+01
1.824503999999999948e+01
1.857433599999999885e+01
1.819364799999999960e+01
1.849320000000000164e+01
1.805478400000000150e+01
1.824503999999999948e+01
1.809156799999999876e+01
1.855691200000000052e+01
1.832089600000000118e+01
1.837475200000000086e+01
1.848387200000000163e+01
1.821828800000000115e+01
1.862502399999999980e+01
1.862343999999999866e+01
1.834359999999999857e+01
1.849355200000000110e+01
1.842913599999999974e+01
1.860531200000000140e+01
1.811409599999999998e+01
1.823324799999999968e+01
1.822796800000000061e+01
1.825401600000000002e+01
1.818115200000000087e+01
1.815703999999999851e+01
1.837193600000000160e+01
1.810054399999999930e+01
1.811832000000000065e+01
1.846345600000000076e+01
1.824503999999999948e+01
1.802944000000000102e+01
1.814225599999999972e+01
1.839041599999999832e+01
1.805830399999999969e+01
1.823571199999999948e+01
1.796115199999999845e+01
1.788459200000000138e+01
1.821124800000000121e+01
1.823571199999999948e+01
1.844937600000000089e+01
1.803014399999999995e+01
1.851889600000000158e+01
1.837897600000000153e+01
1.804439999999999955e+01
1.831684800000000024e+01
1.787984000000000151e+01
1.814067199999999858e+01
1.849742399999999876e+01
1.840678399999999826e+01
1.810864000000000118e+01
1.824275199999999941e+01
1.830417599999999823e+01
1.855990399999999951e+01
1.806710400000000050e+01
1.845606400000000136e+01
1.835187200000000018e+01
1.808963200000000171e+01
1.863206399999999974e+01
1.821864000000000061e+01
1.811867200000000011e+01
1.820192000000000121e+01
1.824363200000000163e+01
1.806851199999999835e+01
1.777283200000000107e+01
1.821247999999999934e+01
1.815228799999999865e+01
1.838584000000000174e+01
1.802750400000000042e+01
1.824380800000000136e+01
1.798244800000000154e+01
1.853702399999999884e+01
1.832600000000000051e+01
1.842438399999999987e+01
1.872411200000000164e+01
1.819382399999999933e+01
1.831139200000000145e+01
1.819945600000000141e+01
1.838249599999999973e+01
1.827988799999999969e+01
1.843248000000000175e+01
1.822603200000000001e+01
1.808804800000000057e+01
1.828640000000000043e+01
1.814331200000000166e+01
1.820649600000000135e+01
1.871108800000000016e+01
1.841839999999999833e+01
1.802855999999999881e+01
1.823430400000000162e+01
1.807449599999999990e+01
1.798473600000000161e+01
1.852100799999999836e+01
1.806904000000000110e+01
1.823676800000000142e+01
1.809737600000000057e+01
1.794795200000000079e+01
1.828710399999999936e+01
1.816742400000000046e+01
1.825084800000000129e+01
1.856888000000000005e+01
1.791732800000000125e+01
1.842015999999999920e+01
1.837668800000000147e+01
1.839041599999999832e+01
1.845975999999999928e+01
1.828340800000000144e+01
1.827161600000000163e+01
1.798104000000000013e+01
1.797118400000000094e+01
1.797681599999999946e+01
1.813416000000000139e+01
1.784992000000000090e+01
1.848950400000000016e+01
1.812395199999999917e+01
1.804827200000000076e+01
1.842491199999999907e+01
1.826404799999999895e+01
1.855145600000000172e+01
1.806833599999999862e+01
1.856782400000000166e+01
1.828622400000000070e+01
1.844004800000000088e+01
1.813063999999999965e+01
1.799177600000000155e+01
1.816214400000000140e+01
1.817604800000000154e+01
1.845553599999999861e+01
1.834624000000000166e+01
1.836911999999999878e+01
1.852382400000000118e+01
1.803155200000000136e+01
1.813556799999999924e+01
1.858119999999999905e+01
1.789814399999999850e+01
1.843617599999999968e+01
1.817499199999999959e+01
1.848932800000000043e+01
1.838971199999999939e+01
1.853315200000000118e+01
1.832881599999999978e+01
1.817745599999999939e+01
1.841118399999999866e+01
1.838672000000000040e+01
1.833708800000000139e+01
1.859246399999999966e+01
1.846116800000000069e+01
1.850041600000000130e+01
1.861657599999999846e+01
1.829414399999999929e+01
1.835310399999999831e+01
1.832494399999999857e+01
1.830329599999999957e+01
1.839833600000000047e+01
1.842420800000000014e+01
1.796396800000000127e+01
1.867747200000000163e+01
1.815017599999999831e+01
1.819364799999999960e+01
1.790905599999999964e+01
1.810564799999999863e+01
1.824732799999999955e+01
1.815369600000000005e+01
1.828640000000000043e+01
1.881422399999999939e+01
1.816249600000000086e+01
1.867887999999999948e+01
1.820720000000000027e+01
1.819505600000000101e+01
1.834940800000000038e+01
1.833110399999999984e+01
1.795200000000000173e+01
1.863435199999999980e+01
1.820156800000000175e+01
1.801060800000000128e+01
1.868644799999999861e+01
1.826457600000000170e+01
1.812060800000000071e+01
1.828112000000000137e+01
1.822304000000000102e+01
1.831508799999999937e+01
1.820385599999999826e+01
1.852769599999999883e+01
1.819188799999999873e+01
1.807572800000000157e+01
1.843776000000000082e+01
1.821071999999999846e+01
1.810987199999999930e+01
1.836313600000000079e+01
1.817305599999999899e+01
1.850816000000000017e+01
1.834659200000000112e+01
1.801025599999999827e+01
1.804369600000000062e+01
1.850340800000000030e+01
1.852875200000000078e+01
1.835627200000000059e+01
1.810371200000000158e+01
1.807255999999999929e+01
1.848774399999999929e+01
1.812412799999999891e+01
1.803384000000000142e+01
1.814278399999999891e+01
1.841540799999999933e+01
1.805126399999999975e+01
1.827777599999999936e+01
1.764822399999999902e+01
1.823606399999999894e+01
1.868204800000000176e+01
1.811163200000000018e+01
1.838848000000000127e+01
1.805267200000000116e+01
1.841716800000000021e+01
1.842561600000000155e+01
1.846363200000000049e+01
1.838144000000000133e+01
1.828358400000000117e+01
1.795481600000000100e+01
1.818273599999999846e+01
1.829942399999999836e+01
1.808417599999999936e+01
1.831983999999999924e+01
1.803295999999999921e+01
1.831931200000000004e+01
1.830100799999999950e+01
1.840361599999999953e+01
1.833127999999999957e+01
1.823799999999999955e+01
1.835908799999999985e+01
1.849654400000000010e+01
1.830188800000000171e+01
1.841540799999999933e+01
1.807255999999999929e+01
1.806745599999999996e+01
1.869876800000000117e+01
1.793827200000000133e+01
1.845131200000000149e+01
1.837528000000000006e+01
1.818062400000000167e+01
1.834905600000000092e+01
1.830857599999999863e+01
1.824943999999999988e+01
1.815175999999999945e+01
1.818361600000000067e+01
1.822180799999999934e+01
1.805267200000000116e+01
1.859017599999999959e+01
1.865318399999999954e+01
1.834641600000000139e+01
1.815105600000000052e+01
1.845113600000000176e+01
1.825348800000000082e+01
1.828886400000000023e+01
1.833145599999999931e+01
1.869155200000000150e+01
1.847296000000000049e+01
1.828287999999999869e+01
1.844708800000000082e+01
1.822444799999999887e+01
1.800128000000000128e+01
1.822128000000000014e+01
1.800286399999999887e+01
1.803119999999999834e+01
1.835011199999999931e+01
1.832318400000000125e+01
1.812359999999999971e+01
1.832687999999999917e+01
1.811497599999999863e+01
1.850375999999999976e+01
1.839358400000000060e+01
1.788406399999999863e+01
1.812536000000000058e+01
1.818995200000000168e+01
1.840960000000000107e+01
1.818097600000000114e+01
1.826052800000000076e+01
1.784868799999999922e+01
1.860865599999999986e+01
1.855251200000000011e+01
1.825947199999999881e+01
1.855198400000000092e+01
1.828182400000000030e+01
1.832494399999999857e+01
1.839252799999999866e+01
