1.791179577684232527e+01
1.898773329186703407e+01
1.908693277352271522e+01
1.897999824673647140e+01
1.883785564024855574e+01
1.871327028485314159e+01
1.822975634360404484e+01
1.790429860907838844e+01
1.907137058313159983e+01
1.823729813079171080e+01
1.880422522089326165e+01
1.817958296177144106e+01
1.813879926866658110e+01
1.716715974900768771e+01
1.786435597213205284e+01
1.825928538176072990e+01
1.792534361866815829e+01
1.857919266684966431e+01
1.771797411057730542e+01
1.788730151971452997e+01
1.806821469633405641e+01
1.794492153931924605e+01
1.851446949214075133e+01
1.905730013004545143e+01
1.782933431156316928e+01
1.842212359265841570e+01
1.888654273395690808e+01
1.848172582007071441e+01
1.854427409153121786e+01
1.764669719440106377e+01
1.957552726754622086e+01
1.816679410217448520e+01
1.782143573676280468e+01
1.768558876064688334e+01
1.800509842117810777e+01
1.803350735529616244e+01
1.757060206969245897e+01
1.813779327746573600e+01
1.842114487818660606e+01
1.906988952302342000e+01
1.739936662330296002e+01
1.843283842971311870e+01
1.763020152766242177e+01
1.977945787220247809e+01
1.768635294566713156e+01
1.829201313610279556e+01
1.813639847925792381e+01
1.822348677169574316e+01
1.931293819274953805e+01
1.785900492089087876e+01
1.899510232051349945e+01
1.853485374561001464e+01
1.773826028137697008e+01
1.869991800303033713e+01
1.856222201761829993e+01
1.865261402327432805e+01
1.806691461963601952e+01
1.882705906052421341e+01
1.890500650465086707e+01
1.825462690727220050e+01
1.877100642970587430e+01
1.885201488871398112e+01
1.825236953202383816e+01
1.777013447149255398e+01
1.816195085970862522e+01
1.901630102805516032e+01
1.911733131509235761e+01
1.865746387511623894e+01
1.885381104326740243e+01
1.881963168426328892e+01
1.771606649146038137e+01
1.743566527448080095e+01
1.781864103343276540e+01
1.708516290181002617e+01
1.880118046553951316e+01
1.808107955021014845e+01
1.709594335480386107e+01
1.860088228905810226e+01
1.874403348498736221e+01
1.836253570192527107e+01
1.886979440401244545e+01
1.885169799023460868e+01
1.898545659968080557e+01
1.859052954590222129e+01
1.814539570015350733e+01
1.754525543968924239e+01
1.784883591471130160e+01
1.887649061387660510e+01
1.853572507027205774e+01
1.816088325058783681e+01
1.954958979979907596e+01
1.868051238116942159e+01
1.819451520349914375e+01
1.876263134043049519e+01
1.768163390663061207e+01
1.811366765582805272e+01
1.777376074816266538e+01
1.841025869400530368e+01
1.837471987224884629e+01
1.802229364755380558e+01
1.748907273835101606e+01
1.854786452306271372e+01
1.776255948264033435e+01
1.867802853832947108e+01
1.847948037636415108e+01
1.852307222248482077e+01
1.835779958936049283e+01
1.828916396998303995e+01
1.839954393535484911e+01
1.803275903220703924e+01
1.787174457149388118e+01
1.784136186792818535e+01
1.831917057537392424e+01
1.713623532243121517e+01
1.834673005724371464e+01
1.880708175337471033e+01
1.882002143851412512e+01
1.879220668130776417e+01
1.859208386218067943e+01
1.767613604458809107e+01
1.727247535945978996e+01
1.843620473379248637e+01
1.786475923609654970e+01
1.801563822666756565e+01
1.806723140034644715e+01
1.819748452220191481e+01
1.904022772447266476e+01
1.834033992765378329e+01
1.914662067251088118e+01
1.778592185171501683e+01
1.804699672311349445e+01
1.858712499979294819e+01
1.848937878239020804e+01
1.911198269745803557e+01
1.903537627035285240e+01
1.807653292351658791e+01
1.817934302965830895e+01
1.918715050342813910e+01
1.787260096683275279e+01
1.792962645993791782e+01
1.928521237923790466e+01
1.704700348874322202e+01
1.850231204798944162e+01
1.860136427667151793e+01
1.852009750111824715e+01
1.829446216741034448e+01
1.803566232957794213e+01
1.918132522829347764e+01
1.814047900181576978e+01
1.922566808899862423e+01
1.807706067233430502e+01
1.775228547605699347e+01
1.849742635589360873e+01
1.808064718564957474e+01
1.919659079219165321e+01
1.908300371949740182e+01
1.953168494386596521e+01
1.926577437374376345e+01
1.862189651208131380e+01
1.884725302045746176e+01
1.940045320636081172e+01
1.848627266785901568e+01
1.801822947428022914e+01
1.741966730187642654e+01
1.896682864775595689e+01
1.757846458776059251e+01
1.889127342109842544e+01
1.801087889101690109e+01
1.730215916402352860e+01
1.837363994035956338e+01
1.771303779065500450e+01
1.747482687854615335e+01
1.801276801478852008e+01
1.696397491622700215e+01
1.770418449036309738e+01
1.845172500096214918e+01
1.743136225865374911e+01
1.868308835470310214e+01
1.913667452642323497e+01
1.822231400557020464e+01
1.878332180341033819e+01
1.833832448782491298e+01
1.795866007953655341e+01
1.773857928303491249e+01
1.843669816162388031e+01
1.839999524128317177e+01
1.803615233862051426e+01
1.838306123190075070e+01
1.828080542799719055e+01
1.933939876278080661e+01
1.824925979323185032e+01
1.777429159473555842e+01
1.784527630410753574e+01
1.871665479399113607e+01
1.758344595737157334e+01
1.907692053296026202e+01
1.801210849311291184e+01
1.856780471123465048e+01
1.828568669485428799e+01
1.847138323471266119e+01
1.736757840394094643e+01
1.913814853064372912e+01
1.700835692261922105e+01
1.863811317208375939e+01
1.901366224937890692e+01
1.796564360332039101e+01
1.814427672443744655e+01
1.737135875163265197e+01
1.743732401096603724e+01
1.864157573717305283e+01
1.919359736344303968e+01
1.900981899708546052e+01
1.730540934967486777e+01
1.872235788091564856e+01
1.834550719725424628e+01
1.878530172354916061e+01
1.814945217669291111e+01
1.730027187271827671e+01
1.857128873967834437e+01
1.735341293189473078e+01
1.758527387809444775e+01
1.725651253432526389e+01
1.828113488882158322e+01
1.817290013863183873e+01
1.796081652028172471e+01
1.855747096910757321e+01
1.885256120178599915e+01
1.820949923104043222e+01
1.811637712742754402e+01
1.841669589784529038e+01
1.888880458528055328e+01
1.835404942099252068e+01
1.814428334160254863e+01
1.854360023021671466e+01
1.815880699785705588e+01
1.837206829654574491e+01
1.842252452841670873e+01
1.829773626231331107e+01
1.774981372400963764e+01
1.865903554607009340e+01
1.830960031242871366e+01
1.677607629935784317e+01
1.815249413692481539e+01
1.789836485685833267e+01
1.755463473015192832e+01
1.814279106577715339e+01
1.689413812192404052e+01
1.816294100855598614e+01
1.890876056022843699e+01
1.852166202789524263e+01
1.804822213066523418e+01
1.877465099335243437e+01
1.895383601273284668e+01
1.828499770672128832e+01
1.872550327571763873e+01
1.830534845630091212e+01
1.869505127928555410e+01
1.835829385563032190e+01
1.752542720380973762e+01
1.785516427824476082e+01
1.872387819199084547e+01
1.880435574020294354e+01
1.820899867361118396e+01
1.905059925945156252e+01
1.778809337547068381e+01
1.896550132813181122e+01
1.917441753097838486e+01
1.797716438780331671e+01
1.843464004649321808e+01
1.853202762490877120e+01
1.800479500271055500e+01
1.897357669381582923e+01
1.880306600384777127e+01
1.907612476822457737e+01
1.870173338372494953e+01
1.798285603928080789e+01
1.803126806391831138e+01
1.875563488662850986e+01
1.867189243190711423e+01
1.865864202356861767e+01
1.974046706791095929e+01
1.814389229133446335e+01
1.924958300889959162e+01
1.734584411605626997e+01
1.742173951184427594e+01
1.825474918877841191e+01
1.813535246068495610e+01
1.880522850500286935e+01
1.775564470082758106e+01
1.869771173283473331e+01
1.793123127603145761e+01
1.854620065657554662e+01
1.749620510604975010e+01
1.869872501102167206e+01
1.766350117496380179e+01
1.870308971317427194e+01
1.845844187078397525e+01
1.880498996612709561e+01
1.763933133750428084e+01
1.749067041950507218e+01
1.824601844472440249e+01
1.864734585873182837e+01
1.787663714688992300e+01
1.776989093140795362e+01
1.819795852698280925e+01
1.894119106701409549e+01
1.821332271546378578e+01
1.784441997191596130e+01
1.896144320169969433e+01
1.866922403936527530e+01
1.748319015886348282e+01
1.865500724361587359e+01
1.842613195867791021e+01
1.860002995564391526e+01
1.922458494414920693e+01
1.777701190301761969e+01
1.796906741616069070e+01
1.868323087631544155e+01
1.889746113662329563e+01
1.747954058635885488e+01
1.836603051904925366e+01
1.783403414280271448e+01
1.789365432655360522e+01
1.868902629087720157e+01
1.935865743986288834e+01
1.848458069203803689e+01
1.852331932383768276e+01
1.835934098790013635e+01
1.842254349208936404e+01
1.838187584065767410e+01
1.790411709366025050e+01
1.836141724954839205e+01
1.852642964951001048e+01
1.881978806147596117e+01
1.870247738629572609e+01
1.817010975135571016e+01
1.839902297383530794e+01
1.946485017722070410e+01
1.851568809902821044e+01
1.850844975898458600e+01
1.837566619198810614e+01
1.884565769473399044e+01
1.887353958510729868e+01
1.824949137344505345e+01
1.783457545058326232e+01
1.764056240076754989e+01
1.785337522427032653e+01
1.797839258866890688e+01
1.876769823899009637e+01
1.847811470915939580e+01
1.797953828983738944e+01
1.783622371407166085e+01
1.828386547071837853e+01
1.964347815791326823e+01
1.819680983301739374e+01
1.799961693863773959e+01
1.752878511830888542e+01
1.806303982642815242e+01
1.914599751036697484e+01
1.879160320795049088e+01
1.887576099268917318e+01
1.841587924386089981e+01
1.872841295666651362e+01
1.761858636536564049e+01
1.736521544934438310e+01
1.822094965293030100e+01
1.891561986452638777e+01
1.824644445222747891e+01
1.871659855789559757e+01
1.795531546006676749e+01
1.802164452997729072e+01
1.856312857519676029e+01
1.820535236003679458e+01
1.818715182388442742e+01
1.843255609698443465e+01
1.850365416832118370e+01
1.804426525697996908e+01
1.828733647660842010e+01
1.799767974337194332e+01
1.836604708309459610e+01
1.846161894801759118e+01
1.819451205786363346e+01
1.853108060723328165e+01
1.809636349840630132e+01
1.915071246792235016e+01
1.733006110743936645e+01
1.861280798649096724e+01
1.844487160191196651e+01
1.843617925794250567e+01
1.788544288175780039e+01
1.781005772863591474e+01
1.829953472032508444e+01
1.793882299735707520e+01
1.849292385131441208e+01
1.781036875832290889e+01
1.877701751556434928e+01
1.865310647271067523e+01
1.866066976624076901e+01
1.902698484232396581e+01
1.821148441219325420e+01
1.870501744871807404e+01
1.773905389123342147e+01
1.792227062979379326e+01
1.727801077213996095e+01
1.826892501992186268e+01
1.806284341488017020e+01
1.878726342350828560e+01
1.856131550867934621e+01
1.791368945512845201e+01
1.910993961543788799e+01
1.911233364582224681e+01
1.816943607103181080e+01
1.769001939489003306e+01
1.832979264951558207e+01
1.882577341727888509e+01
1.839926071895999726e+01
1.827510905465265623e+01
1.846618713700858549e+01
1.797117982362228616e+01
1.770212577526468323e+01
1.757281393367796696e+01
1.889762834953922166e+01
1.709281573552062028e+01
1.858430214034898142e+01
1.861993673227174639e+01
1.817713489322152753e+01
1.805618711070234284e+01
1.878386883045653732e+01
1.827912345855219556e+01
1.789934730590479006e+01
1.794199272252598121e+01
1.860323668409273168e+01
1.815536868078082833e+01
1.792092431825082599e+01
1.929017236088559528e+01
1.834055822373727551e+01
1.875564406279771745e+01
1.852371590554296077e+01
1.804935155604436403e+01
1.891034462079301193e+01
1.818700483909793419e+01
1.869721687746827854e+01
1.785984955003840113e+01
1.903903261306659545e+01
1.799786349153654186e+01
1.776067830973507711e+01
1.863543099858252461e+01
1.815521056671393296e+01
1.781670210581922120e+01
1.882954277419568001e+01
1.806877502902988653e+01
1.823579790747619356e+01
1.863785552728077377e+01
1.802462516640326839e+01
1.938307147005237141e+01
1.793095922802857345e+01
1.844376399016403667e+01
1.774904445860815017e+01
1.857883229759721644e+01
1.859110090677284788e+01
1.846637112972758388e+01
1.823051627704778710e+01
1.733071976721367591e+01
1.850444170151816436e+01
1.825098566442212444e+01
1.755494718387885200e+01
1.863630837431469445e+01
1.896364745711505151e+01
1.743074180260746431e+01
1.799814389476757626e+01
1.808341660708720866e+01
1.826129051658408287e+01
1.838073170428041436e+01
1.905132728573227041e+01
1.807703261334259892e+01
1.913219832413492938e+01
1.733749568130834362e+01
1.810482812783858009e+01
1.831495738949756102e+01
1.800664140678363978e+01
1.753673118420468668e+01
1.774128276275806471e+01
1.815239063519375406e+01
1.814656476500242022e+01
1.883089317618327740e+01
1.921014419591933731e+01
1.773730463271363078e+01
1.903301425339273933e+01
1.814383830166031331e+01
1.858242798353112590e+01
1.783535005196021217e+01
1.898466501909064519e+01
1.841587626770080632e+01
1.731236046791605077e+01
1.942761503389035482e+01
1.755667100147766391e+01
1.826387390136273581e+01
1.756903346925847487e+01
1.785528390701596635e+01
1.805345726970612574e+01
1.811701751472893918e+01
1.748238185734808781e+01
1.812443052497502194e+01
1.881074756774076562e+01
1.891643343846989112e+01
1.803045273532011805e+01
1.820622144901986772e+01
1.741302244082096351e+01
1.854452403379485048e+01
1.760291330714710867e+01
1.844604511326910767e+01
1.869623026426459944e+01
1.829836955206511462e+01
1.878186465763785407e+01
1.742692078160794367e+01
1.832340715088673733e+01
1.794977112278208153e+01
1.695308110513817823e+01
1.741178311568259929e+01
1.865936868314673447e+01
1.758728946749123168e+01
1.983148439516293848e+01
1.836783367376937193e+01
1.848779160371216435e+01
1.835864777490842314e+01
1.715624374498181837e+01
1.832656083250208567e+01
1.834254774545793154e+01
1.909211433902286004e+01
1.787022275382344461e+01
1.802470951256895049e+01
1.771756520329369877e+01
1.831891338642406808e+01
1.754474232360338348e+01
1.774263868879435790e+01
1.877716475362444015e+01
1.851169623600322467e+01
1.856246514122019065e+01
1.844591892328580585e+01
1.849071286353728993e+01
1.800150521233985046e+01
1.724010041880096367e+01
1.836478124459748784e+01
1.881212806176639418e+01
1.883746832408348126e+01
1.822252021111271958e+01
1.792513550642260256e+01
1.835598266962604797e+01
1.754610369849692830e+01
1.746573515561575363e+01
1.737456421047974686e+01
1.886680039964776157e+01
1.864842472127746831e+01
1.923744101253686978e+01
1.869385237321154491e+01
1.842699423156859950e+01
1.855470852515184887e+01
1.808955145357546357e+01
1.857400715522937773e+01
1.829386432330154122e+01
1.758395667613446278e+01
1.800772614048100095e+01
1.810719630093306520e+01
1.837620294147843580e+01
1.878792618231877753e+01
1.810950434185498992e+01
1.754356990955366413e+01
1.815841690939753406e+01
1.888494009270439022e+01
1.875548945646412946e+01
1.863391167214004795e+01
1.818380568483476267e+01
1.869087208968968028e+01
1.851300358728865803e+01
1.751951529231757476e+01
1.901637953946605464e+01
1.780297268972536884e+01
1.919326297066637110e+01
1.818227099079745912e+01
1.740904131429683943e+01
1.776814091467454304e+01
1.771404721038735985e+01
1.863941064337968712e+01
1.863229986129119098e+01
1.859474118394507514e+01
1.946999437948419143e+01
1.790798502291966798e+01
1.804336810889690312e+01
1.897657910056022601e+01
1.826762384412361939e+01
1.805487912439177833e+01
1.777228974661757377e+01
1.859353010849861931e+01
1.720375094757597623e+01
1.918211000047585202e+01
1.745064518288695155e+01
1.847493232501508587e+01
1.767671637084442793e+01
1.884276620274210856e+01
1.790004302404658532e+01
1.859528845106784090e+01
1.876378678282851453e+01
1.815539261471198529e+01
1.849172971453284120e+01
1.821635997363820536e+01
1.874871209515999482e+01
1.868710908658874814e+01
1.875325550324048507e+01
1.883777219013657955e+01
1.706303132921091859e+01
1.882916508957010393e+01
1.872034789883227646e+01
1.751328373047100584e+01
1.748475967715910073e+01
1.907773857204423251e+01
1.810984903884502728e+01
1.865716993283182390e+01
1.735157759613748141e+01
1.904867697167012963e+01
1.807797013080180193e+01
1.888586101378814419e+01
1.817860877390722152e+01
1.870247910092573207e+01
1.797810995506910103e+01
1.801703802868377124e+01
1.756716465002605787e+01
1.840441320440593387e+01
1.889018021915648049e+01
1.728840353464739721e+01
1.750509219759814528e+01
1.790750414623622433e+01
1.753143224922329679e+01
1.856688455787877245e+01
1.869243205206672798e+01
1.883967906197786490e+01
1.832720233954834654e+01
1.858436142048626394e+01
1.839101395259758576e+01
1.746201476177274614e+01
1.818677365024968751e+01
1.740675713563220839e+01
1.808461665145766517e+01
1.738662939365648086e+01
1.880365312864249816e+01
1.871268864813457355e+01
1.832127050406462843e+01
1.757127137392551930e+01
1.701859362990746405e+01
1.822216643475847420e+01
1.912711439061658325e+01
1.859815381254709266e+01
1.872846692541186187e+01
1.812520276427391508e+01
1.799745985518266878e+01
1.810922067459270934e+01
1.782218187541650778e+01
1.832313952493326781e+01
1.894791666198607771e+01
1.817525587335063264e+01
1.826821993576596270e+01
1.873005370036755579e+01
1.855995795747354293e+01
1.748597629856612556e+01
1.774498978059819976e+01
1.829802957189223989e+01
1.867321637764583642e+01
1.830274393616736006e+01
1.794458234731456159e+01
1.887820398201728267e+01
1.876664805530452895e+01
1.806802226642626152e+01
1.832499972486779072e+01
1.882742766969547077e+01
1.893865094093553836e+01
1.875887484309116715e+01
1.832036437201809775e+01
1.884201502100323822e+01
1.816222405732551692e+01
1.851431726269753852e+01
1.811523887683643963e+01
1.898708687686163543e+01
1.944018172159466928e+01
1.899492693047480785e+01
1.925989250810647491e+01
1.809894693071081662e+01
1.800515133794981892e+01
1.861620140666963863e+01
1.861404750615612258e+01
1.778875575832550382e+01
1.886875255770453208e+01
1.800268500542748740e+01
1.837970096376114526e+01
1.800233771145919803e+01
1.874296049923490770e+01
1.832170195821434788e+01
1.835980773619410655e+01
1.796509792885309054e+01
1.853854863495741512e+01
1.775021723473431834e+01
1.771777515345889498e+01
1.703960712497610075e+01
1.786585040402588120e+01
1.819171535079013680e+01
1.816410200445292489e+01
1.893087089397286960e+01
1.882525970758426226e+01
1.859107818613310670e+01
1.730396798094220756e+01
1.711790829050077889e+01
1.780077406236888393e+01
1.752700105083018656e+01
1.846719115720004112e+01
1.778093581991372929e+01
1.784362037983998661e+01
1.855218040134548119e+01
1.817214886273813690e+01
1.886145339332835746e+01
1.739345204454742699e+01
1.734720309534023031e+01
1.784680973318088704e+01
1.872180530748877914e+01
1.934837590738734292e+01
1.790002274378269576e+01
1.946858343699488358e+01
1.858530418950069674e+01
1.831409559243036966e+01
1.860694010497239503e+01
1.780637405336871382e+01
1.804840371129378696e+01
1.898545239609589430e+01
1.798216315210008531e+01
1.921786559358107027e+01
1.822943108138715118e+01
1.881542397073091166e+01
1.824007140897783685e+01
1.890926242216420405e+01
1.844113739084871284e+01
1.749536474231002714e+01
1.721139300228774260e+01
1.814270994261300984e+01
1.768843555559378444e+01
1.905168802414057794e+01
1.807118114343106896e+01
1.883682357899360227e+01
1.790314807701586020e+01
1.863309589255428023e+01
1.829705425617434855e+01
1.811066508063428770e+01
1.805034969671552503e+01
1.803823107247891500e+01
1.827522440529245173e+01
1.832751732539307454e+01
1.871399056040772280e+01
1.824225685423901666e+01
1.843829820319217205e+01
1.805706100435396166e+01
1.774972431909889181e+01
1.865511753169243292e+01
1.987972906171923526e+01
1.813505667714263936e+01
1.787896725745138937e+01
1.806471843320844073e+01
1.831850030992343292e+01
1.840633730315719063e+01
1.874306490101409750e+01
1.776630293359204771e+01
1.741673059889453867e+01
1.837102461093844497e+01
1.854688756955929207e+01
1.839357420848673996e+01
1.839910948975770566e+01
1.753214523436954408e+01
1.793758688495397990e+01
1.825807992104622457e+01
1.920454481322529716e+01
1.801392449246549532e+01
1.895706679712407805e+01
1.866590905150528101e+01
1.753951194747790154e+01
1.852478900313020205e+01
1.860286618402285441e+01
1.765956219364201374e+01
1.860614625604990735e+01
1.901682178974875370e+01
1.736163019714424749e+01
1.794842614671916081e+01
1.769164462896706524e+01
1.804287769131619612e+01
1.821722989761817857e+01
1.773282757166036561e+01
1.730224347023130704e+01
1.885209292111494506e+01
1.943564333437212355e+01
1.792804064118480412e+01
1.778325608503898536e+01
1.798553558442858247e+01
1.864058921503085742e+01
1.855825653829230859e+01
1.853171628918587643e+01
1.806684438519501867e+01
1.927643944100300288e+01
1.780191669057889570e+01
1.843184149824465123e+01
1.824159812552424498e+01
1.814017441567229483e+01
1.907636115700204726e+01
1.858637164774477668e+01
1.919338745577521621e+01
1.754837130312082039e+01
1.962968253376589445e+01
1.904581611406690200e+01
1.805567269100337313e+01
1.810594721482746650e+01
1.894702348570316630e+01
1.868826166177777637e+01
1.751887704780666866e+01
1.771401361759909321e+01
1.965135163279072827e+01
1.859413962031742074e+01
1.840651436593884327e+01
1.798062987983942307e+01
1.805084984834816808e+01
1.793199022760247274e+01
1.804194837363061410e+01
1.820694697685517127e+01
1.813452908209087511e+01
1.768514001785975509e+01
1.856567298189154158e+01
1.774548978141102396e+01
1.986018326166344750e+01
1.916792748920698841e+01
1.744097649567667574e+01
1.835061464754551963e+01
1.843483994133740111e+01
1.789299395083997624e+01
1.848802143293249500e+01
1.845542807645412964e+01
1.733982997077231758e+01
1.784654034616495721e+01
1.891472116561936900e+01
1.782578112252021185e+01
1.731730238173270209e+01
1.733019311296416731e+01
1.823440811636541170e+01
1.778846534393098722e+01
1.920083234323747945e+01
1.807720653069933192e+01
1.821784253895816619e+01
1.777535867465325481e+01
1.783667393303034387e+01
1.868957336019620641e+01
1.837930901016993701e+01
1.763580043140006737e+01
1.782855817887188365e+01
1.900306490831231443e+01
1.886755939638666746e+01
1.822233044832770688e+01
1.882715428101894872e+01
1.800515880523419199e+01
1.820511314057814545e+01
1.805459210095567357e+01
1.857782402657054632e+01
1.755716097717917279e+01
1.952394255288135483e+01
1.795267625439481662e+01
1.863866503082329729e+01
1.847064687339647193e+01
1.770920245738494714e+01
1.827922321526277827e+01
1.828315568319404250e+01
1.807390810467186881e+01
1.902436859277206338e+01
1.773462372390811836e+01
1.894104177606652328e+01
1.836434154670860153e+01
1.759568476100247381e+01
1.797895602319675490e+01
1.817899004533837370e+01
1.866939312938722040e+01
1.819508797478890116e+01
1.811637278880925805e+01
1.915954766441185342e+01
1.792832486324764218e+01
1.828846665173413299e+01
1.864471952675739530e+01
1.813698940644534474e+01
1.836569709944646789e+01
1.768431024026201115e+01
1.774970574088694519e+01
1.949390089595101827e+01
1.822444730101353727e+01
1.945578294328722180e+01
1.796676951838774272e+01
1.779937878813503005e+01
1.846447420272269824e+01
1.742431799592298347e+01
1.680027076810893405e+01
1.820403837023594207e+01
1.759020840978628897e+01
1.825146306271630436e+01
1.802629631365584828e+01
1.762893983972257672e+01
1.767302414775737063e+01
1.766662852876701351e+01
1.804498816819095453e+01
1.723157562102356266e+01
1.833760252109479794e+01
1.848742227301042718e+01
1.883086783994971825e+01
1.726023317139449631e+01
1.971304786466426862e+01
1.829873475885504419e+01
1.807559034878886450e+01
1.821281294462044897e+01
1.874367902264928887e+01
1.811783562526651892e+01
1.757484121918325215e+01
1.828268654755570566e+01
1.833683916813788173e+01
1.849677537547782080e+01
1.844392883055744647e+01
1.787411936663113465e+01
1.776575192592133234e+01
1.823468713687908505e+01
1.835624621370206810e+01
1.777190901938118373e+01
1.810262230206793177e+01
1.845987592838220337e+01
1.839001135855598790e+01
1.817187880474452299e+01
1.864501186142508615e+01
1.887064481172879482e+01
1.833521074493942393e+01
1.895557896111723295e+01
1.773374952187871045e+01
1.740950401183364704e+01
1.715651514511076314e+01
1.958474395747663976e+01
1.752479420871029703e+01
1.861186685576934963e+01
1.689441081182325988e+01
1.766760908989228085e+01
1.804488879414289926e+01
1.910050247594551820e+01
1.781250632035198578e+01
1.678997455211420231e+01
1.782711165655879526e+01
1.763531724657733335e+01
1.876005368588763389e+01
1.791792668311313719e+01
1.882989548577275229e+01
1.841593575840735753e+01
1.857922202968542891e+01
1.814998428390020280e+01
1.907568171409365121e+01
1.818609730589649587e+01
1.895305144800753538e+01
1.928900280647149401e+01
1.874985371196085282e+01
1.928160574546684813e+01
1.875217614912868669e+01
1.839595545896125373e+01
1.848381995438190017e+01
1.735560264725873836e+01
1.771086886846019581e+01
1.781512630059377500e+01
1.837457039328636910e+01
1.864780285933859716e+01
1.793627507725687664e+01
1.901413028646717152e+01
1.848593379445784990e+01
1.834663717875801581e+01
1.933536791830036350e+01
1.848796457838868434e+01
1.784564588045000377e+01
1.787364183487381197e+01
1.781931689769223226e+01
1.846201463376672436e+01
1.919747188018551043e+01
1.923209137154693948e+01
1.787321556958848134e+01
1.834167644876847447e+01
1.879929845912475983e+01
1.764567660221657164e+01
1.794541532815907559e+01
1.741465867684352276e+01
1.861563135719291040e+01
1.818706362321875147e+01
1.774705046801315689e+01
1.781957820510803003e+01
1.772823154176312599e+01
1.846880685456083526e+01
1.890686202440623731e+01
1.738596757448826935e+01
1.870311173270256333e+01
1.818859620791235798e+01
1.781564259281952545e+01
1.809263910848514811e+01
1.766771536022977429e+01
1.796344409816027365e+01
1.794153091601266681e+01
1.738350943361074030e+01
1.772904415711772685e+01
1.884078795597756084e+01
1.734585256207375892e+01
1.852864413363136720e+01
1.843568904088420268e+01
1.874743552822254955e+01
1.802402309090343380e+01
1.712890801760422832e+01
1.892782719339706077e+01
1.830308062023481597e+01
1.840729209847237513e+01
1.813238091864645440e+01
1.878659360549362844e+01
1.903591394392789837e+01
1.788099063366181696e+01
1.840048536065520679e+01
1.779839732857865187e+01
1.823633783558950938e+01
1.869973522301328472e+01
1.746961281455638471e+01
1.801268325295808737e+01
1.944210979589969313e+01
1.717031703496565953e+01
1.764785090873232321e+01
1.811870164877705136e+01
1.853567390599560127e+01
1.739361318719923233e+01
1.825987942291890676e+01
1.868262584158648565e+01
1.794521231919318893e+01
1.797280324747113056e+01
1.815169219835885883e+01
1.874133000903840340e+01
1.882734607661985393e+01
1.811613110106120317e+01
1.735402804368878193e+01
1.811426113359026147e+01
1.856573261712313538e+01
1.889673020186652863e+01
1.806234441666112644e+01
1.724984429250394768e+01
1.834675603964219448e+01
1.884010063356462794e+01
1.754845663730884198e+01
1.897090142292697834e+01
1.758432875344577440e+01
1.925160476440861856e+01
1.834038300660408538e+01
1.796629901647659366e+01
1.788115663358597374e+01
1.795840188749399502e+01
1.805989673527582440e+01
1.761587018329128185e+01
1.869200447104465113e+01
1.849330409190272562e+01
1.822334920090898436e+01
1.767354997726834398e+01
1.823738438199202605e+01
1.807283076469850513e+01
1.869560340276525778e+01
1.866002053829775775e+01
1.857547218233784392e+01
1.911700072991575539e+01
1.773492898650294336e+01
1.884872915066094734e+01
1.914006480494125029e+01
1.801645542974235426e+01
1.931987152454011891e+01
1.853921746521236358e+01
1.810394866371423817e+01
1.795016009989264205e+01
1.813996295645559442e+01
1.837257550052945732e+01
1.809680650333032759e+01
1.910603084779421579e+01
1.798700922923191570e+01
1.782021731721722446e+01
1.828050852166498785e+01
1.951049779348499413e+01
1.818708466932640633e+01
1.832602981319767466e+01
1.865269094862437527e+01
1.958964162857007807e+01
1.848325599209162817e+01
1.796052506273474947e+01
1.799152768596690422e+01
1.785087895934741908e+01
1.871994520574425280e+01
1.816326681857381686e+01
1.804376282694673250e+01
1.902273597386661308e+01
1.831594648052005780e+01
1.871078300301289943e+01
1.722448429329460851e+01
1.887351085177739307e+01
1.805947217362765755e+01
