1.811574800388038042e+01
1.691022669847952642e+01
1.690103315838658915e+01
1.784290228042693016e+01
1.743580772912914512e+01
1.732874090910552667e+01
1.686516361908834227e+01
1.671996569244312170e+01
1.657061673269325297e+01
1.715927001195706225e+01
1.774426949346582205e+01
1.655173699527781395e+01
1.663966144216865217e+01
1.674813309435265296e+01
1.760224222108660186e+01
1.697954555524589182e+01
1.616535426748600912e+01
1.618624661063918069e+01
1.657468351405559659e+01
1.694084893112241375e+01
1.622685683344094798e+01
1.736363978378404838e+01
1.766614492785041435e+01
1.719309885210062205e+01
1.811796498496686780e+01
1.703237253653078298e+01
1.721108532158659443e+01
1.729687493934481424e+01
1.794346181336070600e+01
1.645281506805582694e+01
1.741682629361185874e+01
1.667208454830279862e+01
1.739358240209434570e+01
1.648227395390407679e+01
1.615276839665326136e+01
1.707136818564210046e+01
1.657143602645120239e+01
1.755143007223767171e+01
1.768809249421320828e+01
1.666963743050636992e+01
1.721125493241317628e+01
1.739201324496298184e+01
1.641517264750866190e+01
1.673295539160810108e+01
1.689840570129569741e+01
1.702524246859643142e+01
1.616349651829928291e+01
1.669844538170381654e+01
1.782794165403284836e+01
1.818471015692442450e+01
1.705247003438621078e+01
1.729594975357906250e+01
1.737832404194139002e+01
1.674161988821525782e+01
1.759845141905068289e+01
1.665060838812038568e+01
1.694710221019611041e+01
1.793200902686118070e+01
1.667858707605222435e+01
1.725320979058794180e+01
1.783079403401815455e+01
1.805988771972030449e+01
1.664927473554903159e+01
1.708274567593608140e+01
1.769690776220203787e+01
1.842342557788029112e+01
1.687375028100982277e+01
1.708486897839021523e+01
1.766650900774993005e+01
1.665382434370406273e+01
1.720221174592240132e+01
1.724401534535172331e+01
1.707360073298591274e+01
1.651025658607196789e+01
1.766872730094259580e+01
1.594822927663635959e+01
1.760008198899840792e+01
1.785900408859783539e+01
1.751811525751713816e+01
1.798999945300190006e+01
1.639573015753062180e+01
1.739209366597278361e+01
1.692478375556767034e+01
1.746033690276930628e+01
1.747516982583518441e+01
1.829175644457583871e+01
1.656470212757704630e+01
1.708271345304127564e+01
1.680079842186582795e+01
1.641109398005412956e+01
1.774022470199081170e+01
1.726876260559307141e+01
1.676778353967716484e+01
1.621723747939221383e+01
1.707744762524866999e+01
1.693026920459163875e+01
1.812962671194413744e+01
1.701069470606904943e+01
1.741369990558070313e+01
1.758904285932475275e+01
1.678498535943317194e+01
1.679327831593127840e+01
1.658985171246790813e+01
1.664988659527197967e+01
1.633106552799753430e+01
1.666374504905289200e+01
1.608669676605670773e+01
1.743090614373834413e+01
1.637604373072699460e+01
1.690992027797848607e+01
1.630204860745046958e+01
1.770831286446274078e+01
1.705234691928398405e+01
1.731196103592125013e+01
1.645268153727515070e+01
1.853720153117091840e+01
1.721381563407614124e+01
1.722877882034650909e+01
1.801189107408181656e+01
1.701035152792983141e+01
1.660870156651483853e+01
1.760223635948412380e+01
1.662174194751551681e+01
1.703032945576510571e+01
1.687216838229285898e+01
1.708964907165447755e+01
1.829282286281635805e+01
1.852929609193126836e+01
1.628787978549426896e+01
1.732157384832296287e+01
1.716867003863046648e+01
1.599873864766006015e+01
1.745949002310164389e+01
1.773124875009059664e+01
1.681053465868713914e+01
1.755199721420217784e+01
1.716136365310233458e+01
1.656544208344795877e+01
1.612914221289241112e+01
1.714900668287555874e+01
1.728491490440271505e+01
1.626361732625534273e+01
1.793258378123612573e+01
1.858853170407117972e+01
1.708344794012474566e+01
1.753068643922740577e+01
1.683521822915552946e+01
1.591263011847493836e+01
1.645158193404204638e+01
1.805302514364500510e+01
1.646055689984771675e+01
1.737056164662861590e+01
1.743004418496659724e+01
1.758745019606280380e+01
1.787706545999650132e+01
1.671697389732757699e+01
1.809705656257315454e+01
1.596620094633345666e+01
1.664588862613402043e+01
1.809509466507828179e+01
1.755522011915926228e+01
1.677849059074995353e+01
1.668789856684048445e+01
1.709131732898716649e+01
1.702306875847208900e+01
1.676394433236403003e+01
1.646006046444980342e+01
1.719425966011942819e+01
1.696080877757352567e+01
1.775763803311878064e+01
1.691701301968543802e+01
1.766749398211865341e+01
1.767656766654208411e+01
1.741490201341217769e+01
1.713025226734791318e+01
1.692715395462203531e+01
1.762461035060635339e+01
1.749520678598511836e+01
1.615094856436515514e+01
1.715811635576706706e+01
1.702844734164319718e+01
1.682793960749681617e+01
1.668687436239646260e+01
1.697981952010221107e+01
1.672447683428396559e+01
1.823992370526922357e+01
1.718953266252952972e+01
1.724257556137433767e+01
1.712962197339918902e+01
1.698802940056246769e+01
1.733579249957805501e+01
1.680403233402580554e+01
1.661491872388602076e+01
1.711548623163379901e+01
1.706216164766293986e+01
1.600621165366580811e+01
1.784432697973807436e+01
1.667261025623700732e+01
1.655905118851771007e+01
1.766894320770417792e+01
1.695337188208262802e+01
1.699708962141522051e+01
1.674540062317903022e+01
1.751685079248723298e+01
1.697078183503922233e+01
1.685471414683000546e+01
1.734019616464086155e+01
1.720340266059290713e+01
1.707540046049451732e+01
1.671163411531315290e+01
1.782215555072206570e+01
1.660310154315559217e+01
1.816779194289458843e+01
1.703232439656963493e+01
1.813173002814382428e+01
1.700784870930889880e+01
1.728679961387251041e+01
1.759703369503576909e+01
1.767583308382850404e+01
1.703994482377725816e+01
1.732494952830732160e+01
1.761794663210786283e+01
1.724613061219158183e+01
1.747044343465744731e+01
1.731419842235280626e+01
1.666717232656846903e+01
1.727861866968727611e+01
1.694072480700988592e+01
1.653830951852183517e+01
1.636116595907431304e+01
1.746510514359525246e+01
1.722307119939035047e+01
1.676821366608041686e+01
1.816846966768084926e+01
1.734149521806206096e+01
1.688082248929175577e+01
1.678614349174107190e+01
1.730096413598333172e+01
1.678572058242982123e+01
1.663121645213187350e+01
1.747715938854260287e+01
1.733140465629205096e+01
1.725344111086102927e+01
1.880224817063197307e+01
1.677599136837527283e+01
1.748577266287788134e+01
1.701694588832750554e+01
1.642071914663719667e+01
1.703105746979511537e+01
1.696240733145516799e+01
1.642855597895547604e+01
1.682870711937069785e+01
1.693306653433116438e+01
1.693700044741697752e+01
1.793444016053357970e+01
1.634706870185378946e+01
1.743892186413896184e+01
1.707748017007247654e+01
1.794334890577113484e+01
1.719197623556853216e+01
1.756124382355712754e+01
1.769169981738054176e+01
1.711517532479279069e+01
1.635525492792447722e+01
1.581697403026925564e+01
1.673762583717196861e+01
1.768689642877275503e+01
1.734988628520612508e+01
1.769635800016702376e+01
1.740048610763644632e+01
1.754118197533188095e+01
1.692197724375775891e+01
1.631418739599753565e+01
1.642142247765485763e+01
1.729837612588764983e+01
1.640276227610331006e+01
1.762786379869930542e+01
1.807674234169565608e+01
1.710452038117761475e+01
1.660059077275137440e+01
1.687998556807161066e+01
1.776183601242972898e+01
1.654604136986904095e+01
1.792759736273967164e+01
1.612238539328329168e+01
1.647221139927131972e+01
1.687304750673958864e+01
1.770395022030058385e+01
1.681855517786700105e+01
1.797973352417334780e+01
1.727402450320944638e+01
1.632795734913579366e+01
1.735848932506452158e+01
1.725517603130689182e+01
1.735936312531945802e+01
1.678340734047798222e+01
1.656803662676017908e+01
1.667786117645906430e+01
1.688413302162300766e+01
1.701181763667636204e+01
1.774792900323665990e+01
1.678249053219851206e+01
1.583149215662292342e+01
1.701559031842761627e+01
1.726951694892068900e+01
1.721812007894756036e+01
1.738841369501313139e+01
1.794941921118736516e+01
1.731510286247919339e+01
1.723417022045122593e+01
1.770306111430052454e+01
1.601682539443464393e+01
1.684556581966169375e+01
1.765499136769927802e+01
1.618969964035522224e+01
1.812195880824535266e+01
1.625431139074565934e+01
1.654147660878778581e+01
1.682927367386331241e+01
1.692396754280941451e+01
1.773825617360008167e+01
1.742346682261760904e+01
1.702081526353980578e+01
1.700211827750370475e+01
1.686012576547130237e+01
1.773220058909025454e+01
1.791697401865104666e+01
1.645774666804878095e+01
1.671099036047810671e+01
1.595617374007090561e+01
1.700821293132197098e+01
1.699165823160527466e+01
1.719184658374658170e+01
1.698314116773724791e+01
1.790914738031463216e+01
1.702176986913954693e+01
1.638041492081895711e+01
1.658567937158657202e+01
1.731528506876124496e+01
1.651938664409813029e+01
1.643956607144517790e+01
1.732206863181178136e+01
1.717663751734598065e+01
1.694319738265846098e+01
1.673921800384236036e+01
1.675081149937410530e+01
1.683642136925860555e+01
1.723039854149178041e+01
1.740765016068078097e+01
1.862555801535961564e+01
1.783878937802091613e+01
1.696967256520370526e+01
1.729266740751323184e+01
1.680107432061473460e+01
1.676938215475982474e+01
1.716911175128920419e+01
1.840263750966709821e+01
1.742131323212346672e+01
1.726000772200387701e+01
1.686726042289654615e+01
1.745145426398431709e+01
1.777635544504742171e+01
1.749138372294397925e+01
1.674112249068060265e+01
1.614908332101641619e+01
1.824377828724075101e+01
1.702360347373552685e+01
1.703232667124552790e+01
1.665545903575791797e+01
1.765639782909604705e+01
1.724051864366208520e+01
1.693386410234679218e+01
1.708263128403868691e+01
1.780760901767463267e+01
1.760416082810221994e+01
1.736424755773370876e+01
1.639505262375725891e+01
1.736296604793998100e+01
1.738055873136775631e+01
1.642277104751645567e+01
1.688501727657820339e+01
1.739280261673115646e+01
1.733742710521128316e+01
1.828106657175124639e+01
1.792258349974434495e+01
1.679214403932751765e+01
1.695023585980838732e+01
1.697915415780832404e+01
1.697788653822584237e+01
1.727963170155712547e+01
1.767291638803686027e+01
1.619385559419561460e+01
1.742658674694052223e+01
1.698646989947592445e+01
1.662548103516128961e+01
1.695868553965680547e+01
1.768623235267946470e+01
1.693241234740511203e+01
1.709262554778486631e+01
1.831518480734531096e+01
1.842298815905626341e+01
1.762130921046613707e+01
1.724241989021194499e+01
1.635063385168852790e+01
1.727494213293745773e+01
1.729145008146661766e+01
1.714127344884308357e+01
1.788511063547896640e+01
1.720718541125966894e+01
1.687296613866442030e+01
1.660794742698657345e+01
1.691619608907820904e+01
1.724247110700282448e+01
1.699651237300436790e+01
1.704341152809635318e+01
1.795314264447343078e+01
1.672074803545756438e+01
1.671872357337002768e+01
1.825309190635542933e+01
1.718697100833126612e+01
1.707398252841500508e+01
1.715995507632008099e+01
1.709678198303498320e+01
1.570688053729662315e+01
1.785742103119485691e+01
1.740638800384547125e+01
1.665776972012751500e+01
1.663493467391500147e+01
1.655657741235047453e+01
1.787056635483939004e+01
1.788831810913941567e+01
1.745347937830397456e+01
1.724477322413380165e+01
1.678727322751809936e+01
1.817140472083288927e+01
1.792502968436664901e+01
1.758083284578655991e+01
1.645359404700759498e+01
1.646437107633287411e+01
1.711173197624193065e+01
1.759521155803542669e+01
1.733156564248975684e+01
1.749813949248967759e+01
1.779866419889540552e+01
1.697527681666981536e+01
1.727093509455959008e+01
1.680151018020040965e+01
1.679257214379515872e+01
1.790489838849207516e+01
1.722465033688570557e+01
1.790594002177367017e+01
1.709880588003410296e+01
1.773807273600040801e+01
1.644855712954215221e+01
1.644452160521656481e+01
1.757989724688788158e+01
1.689861103405084464e+01
1.776327413759737439e+01
1.729158105680008362e+01
1.676341027236793479e+01
1.648693076402288682e+01
1.649809009528847525e+01
1.721993816953071033e+01
1.690441388234360787e+01
1.642834601004317463e+01
1.773583020778717767e+01
1.676586091954512625e+01
1.722169985172811835e+01
1.671431319355425060e+01
1.762635044578160404e+01
1.626237027466213192e+01
1.735338562322987244e+01
1.649440943540681559e+01
1.669093698424248018e+01
1.670272525364086036e+01
1.719038798996975004e+01
1.706974797618697437e+01
1.667655899344756421e+01
1.699390650219739385e+01
1.782412858084446228e+01
1.737133520863674363e+01
1.672236186098908206e+01
1.694228846615001771e+01
1.791744324907532970e+01
1.674534370681347184e+01
1.699423694232340054e+01
1.617102723844686096e+01
1.592697675296830440e+01
1.658650087543877305e+01
1.703769556161883258e+01
1.692862005767198497e+01
1.774856921794567555e+01
1.693022718650774650e+01
1.750508317753135401e+01
1.794856618561946959e+01
1.738183047981333473e+01
1.689770889490022654e+01
1.714095251307134404e+01
1.721176600750718677e+01
1.768137050737516702e+01
1.734778886474197890e+01
1.731126653159530804e+01
1.733387989010341101e+01
1.729168151711019163e+01
1.766719289938870929e+01
1.722278228411302337e+01
1.669166807190018886e+01
1.752273502906697544e+01
1.707637609690559799e+01
1.720127042026578579e+01
1.656205347556903718e+01
1.662951668225750268e+01
1.769771106451536014e+01
1.744250336707592552e+01
1.661184389691747754e+01
1.639686135854907789e+01
1.728172505132780756e+01
1.742308579980252503e+01
1.628634612801129933e+01
1.746657587105956821e+01
1.703233727292119681e+01
1.752352044242749329e+01
1.659814863841529586e+01
1.721334662266771076e+01
1.747944542486447261e+01
1.651815332854222973e+01
1.677185584568298893e+01
1.721987083474078162e+01
1.749746147365735993e+01
1.704714619133494935e+01
1.683696989570147551e+01
1.684290907012157135e+01
1.657668362440843879e+01
1.701375981709736251e+01
1.608551660978224263e+01
1.817887555015919787e+01
1.668209577769143337e+01
1.768710241998259391e+01
1.760321609810180021e+01
1.644823992701365256e+01
1.799014358543411163e+01
1.801248802905978508e+01
1.651325632218772910e+01
1.611753563233339648e+01
1.742189132645372851e+01
1.710172613097351757e+01
1.647764223592356103e+01
1.687646249756410199e+01
1.706940994425934832e+01
1.741106243447969248e+01
1.626385540378337424e+01
1.778469821931296124e+01
1.662876594634660421e+01
1.777191431999950666e+01
1.808624842798601406e+01
1.712326176180810222e+01
1.727099086864831534e+01
1.736378812662181303e+01
1.661275402396581669e+01
1.705679596307901136e+01
1.731035061388157104e+01
1.717382297197681851e+01
1.677991778738633144e+01
1.698282263895427846e+01
1.755297636792042937e+01
1.773594305142107075e+01
1.726122448511875973e+01
1.749083467701277073e+01
1.722642112018872496e+01
1.701976797648575257e+01
1.763600212898704100e+01
1.754802005051446656e+01
1.624108396179523695e+01
1.779786857784036869e+01
1.664196917804699893e+01
1.706237091803448536e+01
1.692955357458417254e+01
1.715795560004975329e+01
1.626070242502918717e+01
1.748980724666940390e+01
1.684401945582558824e+01
1.781801000896786036e+01
1.692702817498906853e+01
1.717220448446401448e+01
1.613331856796531483e+01
1.717742289355204832e+01
1.699429552937370502e+01
1.722026297044216392e+01
1.710925165915059409e+01
1.710300989514270498e+01
1.679947627151332412e+01
1.600301949373566046e+01
1.635162586652534245e+01
1.824652206547029110e+01
1.743487796447743321e+01
1.845345820675884241e+01
1.648853379915622241e+01
1.699573564769906397e+01
1.647145657158880994e+01
1.641070559652560945e+01
1.710033427342518664e+01
1.583963871721043759e+01
1.753426552859885845e+01
1.798860182833480081e+01
1.642998337844248979e+01
1.666590171583534996e+01
1.677979773978193379e+01
1.698991490140891258e+01
1.753482019713257856e+01
1.782312620545243576e+01
1.683315441350359620e+01
1.692947965764987117e+01
1.752197528586610886e+01
1.777824979356839208e+01
1.802383269720463588e+01
1.678145064923641527e+01
1.659068622411508898e+01
1.722342626625989226e+01
1.748945448024812066e+01
1.666541403037577851e+01
1.678020119518461328e+01
1.845591472885843842e+01
1.739697130502602818e+01
1.705554709578948192e+01
1.711517507295302920e+01
1.742376401744409264e+01
1.704896639377758660e+01
1.790963132518205825e+01
1.642103105981796674e+01
1.641998620378451790e+01
1.708789569319910129e+01
1.742382795113805116e+01
1.675782315719933635e+01
1.686665845306665545e+01
1.676631766274212865e+01
1.697117267135050867e+01
1.659087526897335962e+01
1.747328048241889675e+01
1.671028774539130879e+01
1.779876912751358375e+01
1.713185401477160141e+01
1.693618209267910757e+01
1.753943449434849811e+01
1.681706809843632300e+01
1.736223561455425113e+01
1.821478635128902468e+01
1.648815963363259129e+01
1.721845218049363879e+01
1.696628561059199924e+01
1.788003510284898567e+01
1.619767262572466748e+01
1.664888873125105562e+01
1.721232675414348279e+01
1.638646802402876901e+01
1.742347843437945798e+01
1.795288281509488826e+01
1.713873356806612946e+01
1.696686047404694975e+01
1.680369790855851519e+01
1.720584072123862640e+01
1.624500585008662767e+01
1.681091063055999868e+01
1.730188929121631247e+01
1.689835887625199717e+01
1.863785093054175590e+01
1.767592237393259325e+01
1.749933494518750976e+01
1.639382406886209154e+01
1.711027851808486844e+01
1.747839322143828156e+01
1.665075339551994915e+01
1.787522799576877119e+01
1.680416085546014671e+01
1.784004392037077480e+01
1.641273404156680726e+01
1.687013638178684616e+01
1.732642426313003980e+01
1.750441294307395879e+01
1.660972282116429710e+01
1.695386269050855077e+01
1.690449469538869920e+01
1.774628920293177359e+01
1.684704886079426700e+01
1.733474571150221166e+01
1.667603183616238027e+01
1.776043392438833735e+01
1.725637877040099966e+01
1.832374699823505892e+01
1.732200322191933850e+01
1.720478458455015769e+01
1.738860401002624556e+01
1.660003124269670138e+01
1.662075656086141962e+01
1.777531173135157161e+01
1.736791034951713186e+01
1.675779928510961980e+01
1.772031972097681063e+01
1.727709868336669530e+01
1.769995178457638474e+01
1.674922605767861583e+01
1.742351283344755331e+01
1.662985824046611327e+01
1.709851059214201996e+01
1.703480340237344137e+01
1.749718591089197872e+01
1.757912034181764582e+01
1.740992023843842063e+01
1.685558618802722108e+01
1.609104620222804627e+01
1.736648801581507229e+01
1.733244576261139613e+01
1.714624328731618519e+01
1.752615449624871147e+01
1.721584718030369388e+01
1.764786082189013072e+01
1.699943492496920072e+01
1.767472868050389323e+01
1.642376439739189209e+01
1.770976309201866528e+01
1.684855168658530999e+01
1.712695236442268154e+01
1.730059026384294185e+01
1.704740879630343287e+01
1.725225249905880531e+01
1.681930593122453388e+01
1.652022589311618717e+01
1.629376026780208875e+01
1.772492455285590296e+01
1.685070895716260964e+01
1.688566442176116311e+01
1.734967997210821977e+01
1.595573558226345945e+01
1.757290381015391745e+01
1.722136296777653897e+01
1.706003902799148975e+01
1.736213707366487213e+01
1.590737852120308737e+01
1.746796995698764121e+01
1.690744844297561045e+01
1.610029500780251865e+01
1.733580100975868987e+01
1.622598575253048026e+01
1.734715684997132712e+01
1.661311232116852921e+01
1.704659025941939632e+01
1.720504499661020148e+01
1.663156785734341980e+01
1.718431487586984829e+01
1.629417488036583705e+01
1.651210086085664486e+01
1.733733864956078463e+01
1.744981370312633828e+01
1.805151443141164691e+01
1.683184883250905273e+01
1.685456101001659235e+01
1.762648076574521383e+01
1.702534636335814611e+01
1.705994851699139403e+01
1.712513202933418555e+01
1.734742244949854140e+01
1.837411591679100908e+01
1.767165272301075518e+01
1.660984690631937966e+01
1.727118844639210948e+01
1.726395798167242290e+01
1.718350994430430134e+01
1.726649614291049772e+01
1.646663117551804589e+01
1.782974511199632062e+01
1.748803540667238110e+01
1.652370046328037390e+01
1.673353837110833453e+01
1.682148353595719925e+01
1.665419377189671835e+01
1.671462771817373749e+01
1.776235095804693032e+01
1.803579090518465833e+01
1.674205068476810965e+01
1.663773239966106132e+01
1.648899551277582987e+01
1.670347018993453148e+01
1.670230699331015245e+01
1.617062195131704527e+01
1.702013292884266704e+01
1.687593443202491983e+01
1.576974678182880396e+01
1.709799548811267300e+01
1.748195170306065194e+01
1.614489365896906392e+01
1.755522183804013281e+01
1.821728237083377167e+01
1.666450645110422357e+01
1.630315963392813217e+01
1.703375534779905465e+01
1.759364220061952366e+01
1.701290260671806820e+01
1.652440190130497655e+01
1.705489823247484082e+01
1.757755777333142788e+01
1.651312175673391636e+01
1.664785138189590441e+01
1.779176515619383991e+01
1.791602321544178267e+01
1.719074351426156611e+01
1.722470848806846533e+01
1.756017728104518838e+01
1.650834532221519524e+01
1.785332080007178490e+01
1.670239408632251354e+01
1.780451259155769961e+01
1.650036739820775722e+01
1.826696035248999195e+01
1.675378122346086229e+01
1.772470388516440565e+01
1.687774822196874780e+01
1.755669682933954689e+01
1.676452759711479601e+01
1.699556681696555671e+01
1.722661770628555900e+01
1.775607402006233215e+01
1.693740116356153536e+01
1.656039733514594658e+01
1.619050527390902872e+01
1.787884099656277925e+01
1.705081831066666354e+01
1.708857649961554870e+01
1.749252502484455718e+01
1.690996673417223661e+01
1.664545144739092919e+01
1.766671018677737948e+01
1.739303143049700040e+01
1.725240966940814502e+01
1.692765276149727782e+01
1.674040509356113304e+01
1.674386683330197201e+01
1.723038336237790347e+01
1.776143422075300649e+01
1.712936752291686560e+01
1.663279437965663021e+01
1.758572974121473109e+01
1.676073962748255752e+01
1.734659172414820816e+01
1.645407897758622795e+01
1.649870667258643664e+01
1.716597653994607953e+01
1.668426127975063267e+01
1.730868774911123253e+01
1.810266754153050783e+01
1.697579360043612695e+01
1.739431853899339941e+01
1.690132859368744533e+01
1.633022120335417071e+01
1.621936230961211578e+01
1.712980673694241318e+01
1.685514174975556045e+01
1.751018207740310828e+01
1.714199696574389264e+01
1.612970303235221792e+01
1.680447561151324720e+01
1.666569870516031315e+01
1.734116737609027581e+01
1.642882394997088014e+01
1.696865189045838207e+01
1.692614305118676299e+01
1.747265955241092072e+01
1.735769736766717841e+01
1.688951116637020178e+01
1.643994642665155581e+01
1.735299890955326063e+01
1.701638613448523785e+01
1.689864456828670214e+01
1.696511949374608008e+01
1.675998249447314237e+01
1.751409522345430148e+01
1.715813410844675602e+01
1.591440404566552402e+01
1.626773770745836956e+01
1.700225971165308891e+01
1.813557079179369680e+01
1.701103176327954358e+01
1.660979686903221975e+01
1.646688932196439836e+01
1.792875086446309751e+01
1.737862560150707836e+01
1.634242786542648318e+01
1.751976011599087357e+01
1.706814195126469258e+01
1.680436174597240750e+01
1.643427852290629332e+01
1.655595179069574741e+01
1.695176987258027879e+01
1.860051978422170293e+01
1.815389525187884345e+01
1.731404927460680554e+01
1.700825609083113577e+01
1.756218020355125020e+01
1.778288784504793085e+01
1.602796204568871019e+01
1.596211365762667178e+01
1.655918296106089116e+01
1.748873079179420742e+01
1.690428828803391426e+01
1.760688987366282277e+01
1.666025200201699619e+01
1.716254743541310646e+01
1.555121114454179931e+01
1.650296875664618312e+01
1.625092175747730039e+01
1.709278555293170498e+01
1.716446644533912647e+01
1.786398603385757156e+01
1.706971939063864241e+01
1.745626917571199854e+01
1.757193857200314824e+01
1.687511349028880758e+01
1.607979160278948783e+01
1.778915111752067091e+01
1.760631191511606630e+01
1.743948954111795402e+01
1.838933285356289105e+01
1.653360394730950134e+01
1.688997057723119966e+01
1.683611629069617877e+01
1.712519884090240296e+01
1.696070960191044463e+01
1.734380974566242273e+01
1.762710612838206004e+01
1.694909551605827858e+01
1.653324636778723900e+01
1.695736780999141402e+01
1.761694533131839080e+01
1.743164862536031023e+01
1.771081538141860534e+01
1.646922007664055343e+01
1.784160109190901977e+01
1.731594308465932741e+01
1.726703316421806278e+01
1.595186155486919510e+01
1.709959853495207938e+01
1.614797633644991137e+01
1.746002019888319268e+01
1.613759383831992622e+01
1.766884502832787263e+01
1.716578011864018904e+01
1.690573063580073665e+01
1.683709830674468222e+01
1.769413835339236840e+01
1.700161362766910145e+01
1.741879121746675452e+01
1.786095344254156458e+01
1.834316837385999932e+01
1.736397015774438657e+01
1.755504112186421040e+01
1.694512737967622940e+01
1.642029780399117200e+01
1.698501239790596529e+01
1.631254399698002544e+01
1.748013290254025520e+01
1.689124951249229767e+01
1.738311130253150694e+01
1.640454412476276147e+01
1.768403592667715785e+01
1.623344002934181418e+01
1.737423914490836552e+01
1.605220608790915549e+01
1.685151073759895723e+01
1.662317189371074022e+01
1.739965524206250080e+01
1.697183197017555045e+01
1.611505508785051788e+01
1.770837540355616113e+01
1.771391547258239285e+01
1.637369740130021256e+01
1.706946349166452492e+01
1.671142188526501116e+01
1.684753965043391588e+01
1.781789813789987420e+01
1.774119509623242763e+01
1.763847474519326752e+01
1.776524902453804344e+01
1.685311448425863645e+01
1.675653830538934130e+01
1.740896347704823910e+01
1.668647825042307176e+01
1.742614543797440518e+01
1.694727418849882383e+01
1.683231110387709251e+01
1.651063763115307026e+01
1.733062280158252477e+01
1.773133543522166633e+01
1.667429448447637341e+01
1.750731108159698124e+01
1.807339250915960704e+01
1.817931399855028474e+01
1.726276474172842512e+01
1.744676168745125722e+01
1.742537501052644089e+01
1.710165938663203278e+01
1.692786044532645207e+01
1.767362803887485256e+01
1.809041135176736859e+01
1.783846296622694894e+01
1.651395737344212478e+01
1.745292525420600072e+01
1.733051963852278732e+01
1.672888921671412632e+01
1.699040078693274936e+01
1.611429442951661173e+01
1.649422978775310966e+01
1.650856556214863957e+01
1.697626319715902810e+01
1.744595339519925759e+01
1.713430813506528949e+01
1.700972321508362484e+01
1.686488467645850164e+01
1.829932655821877674e+01
1.705121605554615272e+01
1.789906874207096976e+01
1.698459638859761611e+01
1.684279207908416964e+01
1.715656129484028014e+01
1.708138550571904091e+01
1.763356345713208029e+01
1.769732073029831199e+01
1.721976054921511334e+01
1.701741845384155383e+01
1.715121952883404077e+01
1.643484979255378420e+01
1.638137743544989178e+01
1.713772811586354194e+01
1.723712868135169529e+01
1.702889111509990983e+01
1.661515144722800486e+01
1.725314089153300046e+01
1.769036467679741875e+01
1.709795234415951981e+01
1.781044064231555168e+01
1.677797916010288404e+01
1.720065727931757493e+01
1.617131776656803055e+01
1.765192520419902777e+01
1.682102446213112401e+01
1.738847708567399764e+01
1.792449483271286326e+01
1.679250265380832374e+01
1.701446532582987103e+01
1.588989921289765306e+01
1.726460165276974479e+01
1.732529875192825486e+01
1.747612226032192240e+01
1.690120819333509772e+01
1.636849327853381553e+01
1.768275049487008133e+01
1.646097077299419098e+01
1.800274486503525395e+01
1.734559574700676166e+01
1.744485238376771719e+01
1.705176728628233462e+01
1.698795583251095564e+01
1.660209339856248789e+01
1.859929480297470761e+01
1.717476237642165060e+01
1.692507481707058759e+01
1.643860209906027947e+01
1.813878911535350369e+01
1.650347245277713171e+01
1.784204420979397199e+01
1.672526178956861642e+01
1.730876701183343513e+01
1.748424546070380003e+01
1.595312442823865950e+01
1.784499224184585131e+01
1.725456388715032219e+01
1.682075028528965177e+01
1.708599270418704208e+01
1.751382293467120022e+01
1.760702946821569270e+01
1.760769955632692430e+01
1.704901386450229595e+01
1.664492493976155529e+01
1.621295403393956391e+01
1.740999797347723188e+01
1.755956355269199776e+01
1.727422039491966288e+01
1.677182459655917768e+01
1.672489945289806457e+01
1.715237288085333134e+01
1.755258509501890174e+01
1.672700378392096709e+01
1.734037006343719156e+01
1.598586408681050308e+01
1.690381629290400056e+01
1.764004679625249139e+01
1.733448256996813797e+01
1.722447611892996022e+01
1.775905380988182714e+01
1.651064947194693389e+01
1.702896446393608443e+01
1.769651039242750201e+01
1.702172143929486126e+01
1.810033266153947196e+01
1.751870754143624254e+01
1.703688352905926351e+01
1.708879846036142425e+01
1.672335311016362880e+01
1.641907199475625845e+01
1.765190420100769586e+01
1.699672022449559350e+01
1.670815191414315493e+01
1.739506369920385609e+01
1.665829056765467087e+01
1.667566903268891565e+01
1.687458712231483204e+01
1.736081899562538311e+01
1.802228572068747425e+01
1.633904581062295236e+01
1.770514725066096418e+01
1.703629227456406170e+01
1.708100059480591426e+01
1.735913966475740366e+01
1.673192428673658583e+01
1.718847957240027569e+01
1.704527549087255878e+01
1.656726800043219328e+01
1.740983670775065661e+01
1.629168833008624873e+01
1.712244555171700355e+01
1.768500064198481425e+01
1.609907870479379000e+01
1.786412352000830239e+01
1.726464076647465262e+01
1.742777205964183906e+01
1.783451806371971315e+01
1.714807383316200173e+01
1.710237598137113935e+01
1.673868354798617375e+01
1.792383300599504281e+01
1.693062506470234752e+01
1.671326002538524591e+01
1.765093932389216036e+01
1.656453414235143029e+01
1.685773168741803119e+01
1.783827465361726539e+01
1.697216609619179906e+01
1.754088414704424892e+01
1.775347090348655144e+01
1.665904829097749484e+01
1.672828737241668406e+01
1.703447350639826041e+01
1.789984417591515609e+01
