1.918822400000000172e+01
1.927094400000000007e+01
1.900289599999999979e+01
1.933254399999999862e+01
1.904883200000000087e+01
1.943937599999999932e+01
1.911377600000000143e+01
1.898283199999999837e+01
1.919561600000000112e+01
1.897807999999999851e+01
1.880225599999999986e+01
1.907364799999999860e+01
1.907259200000000021e+01
1.923486400000000174e+01
1.931195200000000156e+01
1.935472000000000037e+01
1.909177599999999941e+01
1.921004800000000046e+01
1.882267200000000074e+01
1.918153600000000125e+01
1.920371199999999945e+01
1.944870399999999933e+01
1.931159999999999854e+01
1.908772799999999847e+01
1.892492800000000130e+01
1.885382399999999947e+01
1.935806399999999883e+01
1.909987200000000129e+01
1.919948799999999878e+01
1.938182400000000172e+01
1.883675200000000061e+01
1.951259200000000149e+01
1.925985599999999920e+01
1.955307200000000023e+01
1.907681600000000088e+01
1.911852800000000130e+01
1.915144000000000091e+01
1.927076800000000034e+01
1.916569600000000051e+01
1.936246399999999923e+01
1.916921599999999870e+01
1.924753600000000020e+01
1.952332799999999935e+01
1.910814399999999935e+01
1.901204800000000006e+01
1.935049599999999970e+01
1.907417600000000135e+01
1.932743999999999929e+01
1.941209599999999824e+01
1.932321599999999862e+01
1.925035199999999946e+01
1.940558400000000105e+01
1.886632000000000176e+01
1.897632000000000119e+01
1.940945599999999871e+01
1.906960000000000122e+01
1.898195199999999971e+01
1.949815999999999860e+01
1.933940799999999882e+01
1.905199999999999960e+01
1.920881599999999878e+01
1.894428800000000024e+01
1.886561599999999927e+01
1.884502399999999867e+01
1.945433600000000141e+01
1.938111999999999924e+01
1.935683200000000070e+01
1.881616000000000000e+01
1.939168000000000092e+01
1.935260800000000003e+01
1.907699200000000062e+01
1.932462400000000002e+01
1.909828800000000015e+01
1.905921599999999927e+01
1.936422400000000010e+01
1.923592000000000013e+01
1.877691199999999938e+01
1.922430400000000006e+01
1.879521599999999992e+01
1.925862400000000108e+01
1.914492800000000017e+01
1.920952000000000126e+01
1.921180800000000133e+01
1.907047999999999988e+01
1.936105600000000138e+01
1.885329600000000028e+01
1.961836800000000025e+01
1.930878399999999928e+01
1.872358399999999889e+01
1.898670399999999958e+01
1.932779199999999875e+01
1.899374399999999952e+01
1.904073599999999900e+01
1.872006400000000070e+01
1.939625600000000105e+01
1.917062400000000011e+01
1.924859199999999859e+01
1.914281599999999983e+01
1.945327999999999946e+01
1.903492800000000074e+01
1.932550399999999868e+01
1.958844799999999964e+01
1.913806399999999996e+01
1.915144000000000091e+01
1.944201599999999885e+01
1.917590399999999917e+01
1.912292800000000170e+01
1.922518399999999872e+01
1.900307199999999952e+01
1.904812799999999839e+01
1.926707199999999887e+01
1.902225599999999872e+01
1.885153599999999940e+01
1.911835200000000157e+01
1.900184000000000140e+01
1.957454399999999950e+01
1.896611199999999897e+01
1.932515199999999922e+01
1.901046399999999892e+01
1.920512000000000086e+01
1.896910400000000152e+01
1.919279999999999831e+01
1.920758400000000066e+01
1.942335999999999885e+01
1.905939199999999900e+01
1.883763199999999927e+01
1.909582400000000035e+01
1.896593599999999924e+01
1.907259200000000021e+01
1.934768000000000043e+01
1.907311999999999941e+01
1.935859200000000158e+01
1.947035199999999833e+01
1.935313599999999923e+01
1.921374399999999838e+01
1.920107199999999992e+01
1.916886399999999924e+01
1.913560000000000016e+01
1.907311999999999941e+01
1.886315199999999948e+01
1.896804799999999958e+01
1.919579200000000085e+01
1.940030399999999844e+01
1.884414400000000001e+01
1.888110400000000055e+01
1.899867199999999912e+01
1.899532800000000066e+01
1.872974400000000017e+01
1.918224000000000018e+01
1.910268800000000056e+01
1.892422399999999882e+01
1.930843199999999982e+01
1.912856000000000023e+01
1.921656000000000120e+01
1.939995199999999897e+01
1.951171199999999928e+01
1.916393599999999964e+01
1.906572800000000001e+01
1.905903999999999954e+01
1.944324800000000053e+01
1.909934399999999854e+01
1.929927999999999955e+01
1.942300799999999938e+01
1.907593599999999867e+01
1.901856000000000080e+01
1.894640000000000057e+01
1.912679999999999936e+01
1.921145599999999831e+01
1.959724800000000045e+01
1.892950400000000144e+01
1.865001600000000082e+01
1.894886400000000037e+01
1.907892800000000122e+01
1.941948800000000119e+01
1.944096000000000046e+01
1.947950399999999860e+01
1.929417600000000022e+01
1.925052799999999920e+01
1.925527999999999906e+01
1.922764799999999852e+01
1.918417600000000078e+01
1.896452800000000138e+01
1.934328000000000003e+01
1.906854399999999927e+01
1.917731200000000058e+01
1.910409599999999841e+01
1.898142400000000052e+01
1.943849600000000066e+01
1.885875199999999907e+01
1.911060799999999915e+01
1.919526400000000166e+01
1.939361600000000152e+01
1.902647999999999939e+01
1.964459199999999939e+01
1.942881600000000120e+01
1.909617599999999982e+01
1.914158400000000171e+01
1.897121599999999830e+01
1.930438399999999888e+01
1.916217599999999877e+01
1.912310400000000143e+01
1.896488000000000085e+01
1.917819199999999924e+01
1.972185599999999894e+01
1.902753600000000134e+01
1.918505599999999944e+01
1.941403199999999885e+01
1.940153600000000012e+01
1.902296000000000120e+01
1.955324799999999996e+01
1.914897600000000111e+01
1.918611200000000139e+01
1.912134400000000056e+01
1.934240000000000137e+01
1.937531200000000098e+01
1.891278399999999849e+01
1.904214400000000040e+01
1.885752000000000095e+01
1.879680000000000106e+01
1.905059200000000175e+01
1.893619199999999836e+01
1.915337600000000151e+01
1.874100800000000078e+01
1.884748799999999846e+01
1.924912000000000134e+01
1.916886399999999924e+01
1.935014400000000023e+01
1.919579200000000085e+01
1.912521600000000177e+01
1.903105599999999953e+01
1.917326399999999964e+01
1.937742400000000131e+01
1.933940799999999882e+01
1.951558400000000049e+01
1.907047999999999988e+01
1.904900800000000061e+01
1.925140800000000141e+01
1.898195199999999971e+01
1.899163199999999918e+01
1.914915200000000084e+01
1.910339199999999948e+01
1.889377599999999902e+01
1.928379199999999827e+01
1.920072000000000045e+01
1.948407999999999873e+01
1.927252800000000121e+01
1.943075199999999825e+01
1.910198400000000163e+01
1.905094400000000121e+01
1.886649600000000149e+01
1.941931200000000146e+01
1.939361600000000152e+01
1.968612800000000007e+01
1.890856000000000137e+01
1.892879999999999896e+01
1.935964799999999997e+01
1.911659200000000070e+01
1.872604799999999869e+01
1.888902399999999915e+01
1.923046400000000133e+01
1.927428799999999853e+01
1.910656000000000176e+01
1.924736000000000047e+01
1.916499200000000158e+01
1.923504000000000147e+01
1.889976000000000056e+01
1.891278399999999849e+01
1.944606399999999979e+01
1.974772799999999862e+01
1.889817599999999942e+01
1.927833599999999947e+01
1.916534400000000105e+01
1.926707199999999887e+01
1.909019199999999827e+01
1.885998400000000075e+01
1.916728000000000165e+01
1.916956800000000172e+01
1.927199999999999847e+01
1.950801600000000136e+01
1.925457600000000014e+01
1.884027199999999880e+01
1.916305600000000098e+01
1.903228800000000120e+01
1.896664000000000172e+01
1.917079999999999984e+01
1.914158400000000171e+01
1.935014400000000023e+01
1.924155199999999866e+01
1.904865600000000114e+01
1.936739199999999883e+01
1.938745600000000024e+01
1.912398400000000009e+01
1.921638400000000146e+01
1.905780800000000141e+01
1.895889599999999930e+01
1.889448000000000150e+01
1.920670399999999844e+01
1.923328000000000060e+01
1.901275199999999899e+01
1.932022399999999962e+01
1.904390400000000128e+01
1.889395199999999875e+01
1.870263999999999882e+01
1.907646400000000142e+01
1.915513599999999883e+01
1.927270400000000095e+01
1.908156800000000075e+01
1.949956800000000001e+01
1.917942400000000092e+01
1.869964799999999983e+01
1.911184000000000083e+01
1.925211200000000034e+01
1.887916799999999995e+01
1.894076799999999849e+01
1.888796800000000076e+01
1.898793600000000126e+01
1.941720000000000113e+01
1.881844800000000006e+01
1.940417599999999965e+01
1.909441599999999895e+01
1.893425600000000131e+01
1.884731199999999873e+01
1.892651199999999889e+01
1.936035199999999890e+01
1.932268799999999942e+01
1.956327999999999889e+01
1.922993599999999859e+01
1.933571200000000090e+01
1.916393599999999964e+01
1.935260800000000003e+01
1.866743999999999915e+01
1.901451199999999986e+01
1.913736000000000104e+01
1.918452800000000025e+01
1.889113599999999948e+01
1.883939200000000014e+01
1.913788800000000023e+01
1.875755200000000045e+01
1.924348799999999926e+01
1.862748799999999960e+01
1.919279999999999831e+01
1.925739199999999940e+01
1.882900800000000174e+01
1.885118399999999994e+01
1.937126400000000004e+01
1.940312000000000126e+01
1.918558399999999864e+01
1.895854399999999984e+01
1.934768000000000043e+01
1.918945599999999985e+01
1.902964800000000167e+01
1.895273600000000158e+01
1.931599999999999895e+01
1.889201600000000170e+01
1.923979200000000134e+01
1.908843200000000095e+01
1.881809600000000060e+01
1.929804800000000142e+01
1.889623999999999882e+01
1.913454400000000177e+01
1.920688000000000173e+01
1.959795199999999937e+01
1.945398399999999839e+01
1.921462400000000059e+01
1.918347199999999830e+01
1.908772799999999847e+01
1.913190399999999869e+01
1.932198400000000049e+01
1.911694400000000016e+01
1.927129599999999954e+01
1.938393599999999850e+01
1.946964799999999940e+01
1.894270399999999910e+01
1.907593599999999867e+01
1.906977600000000095e+01
1.913348799999999983e+01
1.912398400000000009e+01
1.924507200000000040e+01
1.927780800000000028e+01
1.908983999999999881e+01
1.898758399999999824e+01
1.918435200000000052e+01
1.915883200000000031e+01
1.923257600000000167e+01
1.933588800000000063e+01
1.929857600000000062e+01
1.914686400000000077e+01
1.902348800000000040e+01
1.890503999999999962e+01
1.914158400000000171e+01
1.920617599999999925e+01
1.946366400000000141e+01
1.932515199999999922e+01
1.905745599999999840e+01
1.910268800000000056e+01
1.919632000000000005e+01
1.898776000000000153e+01
1.935401600000000144e+01
1.900571199999999905e+01
1.906942400000000148e+01
1.916675199999999890e+01
1.913172799999999896e+01
1.923644799999999933e+01
1.919561600000000112e+01
1.918523199999999918e+01
1.905217599999999933e+01
1.927111999999999981e+01
1.925580799999999826e+01
1.925616000000000128e+01
1.925703999999999994e+01
1.865617599999999854e+01
1.909001599999999854e+01
1.926566400000000101e+01
1.885100800000000021e+01
1.899127999999999972e+01
1.944359999999999999e+01
1.897966399999999965e+01
1.873502399999999923e+01
1.935454400000000064e+01
1.910867199999999855e+01
1.896259200000000078e+01
1.929382400000000075e+01
1.895766400000000118e+01
1.932796799999999848e+01
1.901820800000000133e+01
1.887969599999999915e+01
1.909582400000000035e+01
1.911641600000000096e+01
1.915988799999999870e+01
1.904724799999999973e+01
1.892246400000000150e+01
1.922923199999999966e+01
1.904953599999999980e+01
1.914158400000000171e+01
1.869947200000000009e+01
1.936070399999999836e+01
1.905939199999999900e+01
1.917326399999999964e+01
1.902260800000000174e+01
1.933764800000000150e+01
1.873467199999999977e+01
1.930438399999999888e+01
1.915584000000000131e+01
1.923627199999999959e+01
1.910163199999999861e+01
1.902771200000000107e+01
1.930720000000000169e+01
1.898054399999999831e+01
1.880208000000000013e+01
1.886051199999999994e+01
1.889571199999999962e+01
1.880278399999999905e+01
1.923222399999999865e+01
1.928643200000000135e+01
1.910884799999999828e+01
1.919473599999999891e+01
1.865142399999999867e+01
1.925281599999999926e+01
1.906748800000000088e+01
1.920916799999999824e+01
1.926566400000000101e+01
1.902243199999999845e+01
1.912433599999999956e+01
1.848545599999999922e+01
1.862044799999999967e+01
1.887969599999999915e+01
1.882302400000000020e+01
1.913736000000000104e+01
1.938200000000000145e+01
1.923028800000000160e+01
1.936897599999999997e+01
1.927534400000000048e+01
1.871865599999999930e+01
1.936545599999999823e+01
1.909969600000000156e+01
1.873203200000000024e+01
1.923275200000000140e+01
1.885857599999999934e+01
1.914193600000000117e+01
1.902894399999999919e+01
1.926355200000000067e+01
1.901345600000000147e+01
1.901468799999999959e+01
1.920547200000000032e+01
1.898740799999999851e+01
1.958281600000000111e+01
1.904460800000000020e+01
1.928854400000000169e+01
1.921110399999999885e+01
1.948971200000000081e+01
1.918611200000000139e+01
1.905006399999999900e+01
1.904566399999999859e+01
1.910902400000000156e+01
1.895942399999999850e+01
1.887160000000000082e+01
1.911993599999999915e+01
1.907963200000000015e+01
1.924172799999999839e+01
1.919719999999999871e+01
1.936809600000000131e+01
1.887318399999999841e+01
1.960463999999999984e+01
1.895819200000000038e+01
1.919632000000000005e+01
1.890644800000000103e+01
1.885153599999999940e+01
1.869190400000000096e+01
1.926513599999999826e+01
1.883640000000000114e+01
1.900500800000000012e+01
1.911307199999999895e+01
1.933782400000000123e+01
1.932022399999999962e+01
1.941332799999999992e+01
1.934961600000000104e+01
1.934486400000000117e+01
1.920652799999999871e+01
1.891331200000000123e+01
1.947739199999999826e+01
1.921480000000000032e+01
1.911060799999999915e+01
1.918030399999999958e+01
1.886702400000000068e+01
1.922113600000000133e+01
1.882249600000000100e+01
1.926918399999999920e+01
1.910286400000000029e+01
1.901433600000000013e+01
1.857697599999999838e+01
1.932163200000000103e+01
1.872516800000000003e+01
1.936580800000000124e+01
1.897755199999999931e+01
1.900940800000000053e+01
1.935331199999999896e+01
1.889324799999999982e+01
1.897966399999999965e+01
1.904073599999999900e+01
1.896470400000000112e+01
1.904214400000000040e+01
1.922641600000000039e+01
1.909441599999999895e+01
1.904337599999999853e+01
1.915020799999999923e+01
1.935454400000000064e+01
1.912539200000000150e+01
1.891911999999999949e+01
1.909019199999999827e+01
1.920952000000000126e+01
1.900254400000000032e+01
1.914615999999999829e+01
1.949640000000000128e+01
1.907839999999999847e+01
1.881739200000000167e+01
1.932110399999999828e+01
1.908860800000000069e+01
1.905833600000000061e+01
1.926425599999999960e+01
1.892862399999999923e+01
1.923151999999999973e+01
1.937126400000000004e+01
1.896153599999999884e+01
1.902454399999999879e+01
1.918751999999999924e+01
1.879750399999999999e+01
1.959654400000000152e+01
1.932057599999999908e+01
1.914756799999999970e+01
1.917942400000000092e+01
1.922007999999999939e+01
1.903211200000000147e+01
1.929435199999999995e+01
1.903492800000000074e+01
1.910251200000000082e+01
1.917960000000000065e+01
1.904003200000000007e+01
1.922641600000000039e+01
1.929611200000000082e+01
1.924208000000000141e+01
1.876476800000000011e+01
1.893707200000000057e+01
1.912257599999999869e+01
1.898300800000000166e+01
1.919860800000000012e+01
1.925105599999999839e+01
1.909371200000000002e+01
1.924823999999999913e+01
1.890468800000000016e+01
1.917871999999999844e+01
1.916129600000000011e+01
1.946841600000000128e+01
1.900060799999999972e+01
1.881792000000000087e+01
1.914316799999999930e+01
1.931652800000000170e+01
1.901592000000000127e+01
1.910708800000000096e+01
1.932356800000000163e+01
1.883640000000000114e+01
1.884449599999999947e+01
1.905129600000000067e+01
1.931723200000000062e+01
1.956503999999999976e+01
1.912979199999999835e+01
1.923873599999999939e+01
1.891137600000000063e+01
1.900764799999999966e+01
1.899409599999999898e+01
1.917238400000000098e+01
1.847313600000000022e+01
1.915390400000000071e+01
1.884115200000000101e+01
1.890785599999999889e+01
1.936088000000000164e+01
1.880912000000000006e+01
1.922166400000000053e+01
1.914950400000000030e+01
1.911184000000000083e+01
1.934187199999999862e+01
1.877691199999999938e+01
1.880612800000000107e+01
1.927552000000000021e+01
1.894393600000000077e+01
1.913595199999999963e+01
1.914176000000000144e+01
1.917678400000000138e+01
1.897297599999999917e+01
1.904513599999999940e+01
1.907435200000000108e+01
1.913595199999999963e+01
1.897579199999999844e+01
1.911711999999999989e+01
1.911817599999999828e+01
1.899849599999999938e+01
1.870950399999999902e+01
1.887124800000000135e+01
1.909776000000000096e+01
1.922676799999999986e+01
1.915020799999999923e+01
1.914369599999999849e+01
1.947263999999999839e+01
1.961044800000000166e+01
1.940628799999999998e+01
1.925334399999999846e+01
1.927745600000000081e+01
1.905112000000000094e+01
1.924894400000000161e+01
1.878166399999999925e+01
1.888075200000000109e+01
1.923996800000000107e+01
1.935067199999999943e+01
1.893619199999999836e+01
1.894041599999999903e+01
1.940540800000000132e+01
1.972502400000000122e+01
1.887388800000000089e+01
1.925299199999999900e+01
1.933606400000000036e+01
1.905587200000000081e+01
1.906467200000000162e+01
1.936052799999999863e+01
1.909124800000000022e+01
