1.629620445734087042e+01
1.694240138895478154e+01
1.662281346877827204e+01
1.616127152329663019e+01
1.615240609506946257e+01
1.769254829835166376e+01
1.751514650387396443e+01
1.660456368140008721e+01
1.696668787041048887e+01
1.775472256730193621e+01
1.737802525085844252e+01
1.617829635770740282e+01
1.682549575248989271e+01
1.702262530949592545e+01
1.752920518193770505e+01
1.703386644761386748e+01
1.784608250608916791e+01
1.561294435976937045e+01
1.690661987442587488e+01
1.808331839776173311e+01
1.743047568229372501e+01
1.709643049348057531e+01
1.628181483766276116e+01
1.666054829841819895e+01
1.749156520162391359e+01
1.726512105834421362e+01
1.711064305835783017e+01
1.602875037304258399e+01
1.635704682230034379e+01
1.713867059343384724e+01
1.632339814699818348e+01
1.751923321319562987e+01
1.683624140622577769e+01
1.786584072941240464e+01
1.743683070735207963e+01
1.776028402077466239e+01
1.715988120988381027e+01
1.676585745280617701e+01
1.669269526342493037e+01
1.600804283443092046e+01
1.685948044720835171e+01
1.633533311266807075e+01
1.649696006476295196e+01
1.686396035128701598e+01
1.709440348576868374e+01
1.743227394910756090e+01
1.689553881928527090e+01
1.606989143585893132e+01
1.706192767580607494e+01
1.757384784500517227e+01
1.639347085302445350e+01
1.665739968197070553e+01
1.638503448506821059e+01
1.697028622470612547e+01
1.691943259244120767e+01
1.718024524222136762e+01
1.738200854715222476e+01
1.578788189258945529e+01
1.776637412862162080e+01
1.740936437104711842e+01
1.742377034972706440e+01
1.710561956845263865e+01
1.639488355856827084e+01
1.694440498518976312e+01
1.697677678682143920e+01
1.663751558839631173e+01
1.639461083243842410e+01
1.628138514548558646e+01
1.651341442637162871e+01
1.653705751145548675e+01
1.655437312628463431e+01
1.750228712247295348e+01
1.698838839684372459e+01
1.714900944905888380e+01
1.751112688478850288e+01
1.811146805042267971e+01
1.681287160289696914e+01
1.637779286411839408e+01
1.684682296413610558e+01
1.654346679048107305e+01
1.757181578531186261e+01
1.678690950084612510e+01
1.757883422355271819e+01
1.760349203057655032e+01
1.768285099727956933e+01
1.643500115064554379e+01
1.733323889614314339e+01
1.683002078474978447e+01
1.633223276530631907e+01
1.662720881900661496e+01
1.673005813316722623e+01
1.761183432489224288e+01
1.712948718155069727e+01
1.578290904876518219e+01
1.786306879339277387e+01
1.743223502894287336e+01
1.671479194092028209e+01
1.630341195359346074e+01
1.647914207081712235e+01
1.759612569524537662e+01
1.681980827922150468e+01
1.649989974041940144e+01
1.739429481402774513e+01
1.786652772128520184e+01
1.699080627233990981e+01
1.667646777440618067e+01
1.658542497103958624e+01
1.686701068191636210e+01
1.651727299806420746e+01
1.748239884655168908e+01
1.722841034194204823e+01
1.754287001087083198e+01
1.704159053367277821e+01
1.740225624407765181e+01
1.694952453604672371e+01
1.697095472829901652e+01
1.725138657215164173e+01
1.710812446846068369e+01
1.659461595140005485e+01
1.659088106224560377e+01
1.691465769761231996e+01
1.702141765447951016e+01
1.776102046389728883e+01
1.611917635019632655e+01
1.793019136043819728e+01
1.649403040042658830e+01
1.583644661072781012e+01
1.715271180443958698e+01
1.717032041362326567e+01
1.756128405503964274e+01
1.706279465134068474e+01
1.697397619653174416e+01
1.730386314397968661e+01
1.738112565653690922e+01
1.673298840786234720e+01
1.595569880871273760e+01
1.654373985121893753e+01
1.746907437123345375e+01
1.636139787334168005e+01
1.674926736579384823e+01
1.681106263831422964e+01
1.717368348852293636e+01
1.768461497183480802e+01
1.569915550107810454e+01
1.749367045686273414e+01
1.758067425698399688e+01
1.741935243717527726e+01
1.798468549077540146e+01
1.695791186675519668e+01
1.790281948869197848e+01
1.643945361084191958e+01
1.722947242334555540e+01
1.666877876431239613e+01
1.745031897189671355e+01
1.741854718986879647e+01
1.597492092006618769e+01
1.633773868621430125e+01
1.758928051303695383e+01
1.751856093858918229e+01
1.617535113989384143e+01
1.773857872179934603e+01
1.651443838125310748e+01
1.718948747363273810e+01
1.695901640788147091e+01
1.660309836195690991e+01
1.601500979380956124e+01
1.833162758017304128e+01
1.760298427528023879e+01
1.729034485769797058e+01
1.678795988704312236e+01
1.711147100748972605e+01
1.720344980806200752e+01
1.805425596315705050e+01
1.617313668693459405e+01
1.726949128389737353e+01
1.740368922660634610e+01
1.745351041109188373e+01
1.681715675119817632e+01
1.725180778021620043e+01
1.688512049936429804e+01
1.657092228441820225e+01
1.565066762770934261e+01
1.706526245480946002e+01
1.702803458171126039e+01
1.801632767589570605e+01
1.628586644554136953e+01
1.691795318927071889e+01
1.602811493070991133e+01
1.705969981115377720e+01
1.706345696461188410e+01
1.620010536233886711e+01
1.703585701933808494e+01
1.726826176543322333e+01
1.627197229653859267e+01
1.757939946378836638e+01
1.678063253383738029e+01
1.698245560181228697e+01
1.752987675956820368e+01
1.663992749679512428e+01
1.665876227693369316e+01
1.749885784388192533e+01
1.645472928242251953e+01
1.673201228442494681e+01
1.740578777342713579e+01
1.674227856443201290e+01
1.693181907394885855e+01
1.782815999003454266e+01
1.693839422001891748e+01
1.694362313795593877e+01
1.693497835011190134e+01
1.695993865447216464e+01
1.674001897039894615e+01
1.717279267613673710e+01
1.738317022454356220e+01
1.695423160300025955e+01
1.781193648898700133e+01
1.681926102989167404e+01
1.686809898240574412e+01
1.687587539780173529e+01
1.750629861996426229e+01
1.807695360709720944e+01
1.605501982278220297e+01
1.659394329778000809e+01
1.675044823271389305e+01
1.650347088323778877e+01
1.670150812079612734e+01
1.860189752171573119e+01
1.702014270397270224e+01
1.773886273196771768e+01
1.732778465272848578e+01
1.701748258168174033e+01
1.700533186592950230e+01
1.701399942921913677e+01
1.623534262476829326e+01
1.635993797856239240e+01
1.741463958888142471e+01
1.746112344377667469e+01
1.647765839645618868e+01
1.740664711334536108e+01
1.748927204750582121e+01
1.632142882206212420e+01
1.753523653407253491e+01
1.709946081073686486e+01
1.782087301560639503e+01
1.703096846012793364e+01
1.692745245525813047e+01
1.630350944930930979e+01
1.677996791927939313e+01
1.695608416887252190e+01
1.655191894231995775e+01
1.702361425128739825e+01
1.762995383594840249e+01
1.730133828932270390e+01
1.701154615384923119e+01
1.765306103938587157e+01
1.668111768853507115e+01
1.726813518729742825e+01
1.782250187667700203e+01
1.685852602365230624e+01
1.626860289984037777e+01
1.636335508026456154e+01
1.745699715173961408e+01
1.749967132981709739e+01
1.668693921560673488e+01
1.670895365813018074e+01
1.706428295813731566e+01
1.719133708744251621e+01
1.747179797682650815e+01
1.737966091202730468e+01
1.596312304659122994e+01
1.665062314197653492e+01
1.666833249153093632e+01
1.655828504490702002e+01
1.777260109451614056e+01
1.801389679242841524e+01
1.784667686437573764e+01
1.629335997181729212e+01
1.659873929596674103e+01
1.670963203821136034e+01
1.736112869591950769e+01
1.692934898568189439e+01
1.688509652904741287e+01
1.663601413763005965e+01
1.685795178077279388e+01
1.635078887775694412e+01
1.812917384150114586e+01
1.722903559954120567e+01
1.727532028504021611e+01
1.650926010976392533e+01
1.688442412911848933e+01
1.667031429250589269e+01
1.816348941454659638e+01
1.672257838320303946e+01
1.685309551730006916e+01
1.768592416795193145e+01
1.709264504383934735e+01
1.656052286470177037e+01
1.767185207882637243e+01
1.826827395267704901e+01
1.751488436913653146e+01
1.621250267683394952e+01
1.564331627914148370e+01
1.891339015110548161e+01
1.629782785376668386e+01
1.615798005204496590e+01
1.694306618611849657e+01
1.576770693325331685e+01
1.783682809579312689e+01
1.689949298082593998e+01
1.671488244288993030e+01
1.677185305727945064e+01
1.633340415784151034e+01
1.760284671954671509e+01
1.889244601105295729e+01
1.683168733777578652e+01
1.651291485500273382e+01
1.642244771415650817e+01
1.786696464076716850e+01
1.660610780485476923e+01
1.680304483324035303e+01
1.725536535795713533e+01
1.744553477464474867e+01
1.664481449660820189e+01
1.701474949801363934e+01
1.619869435526113222e+01
1.650339936798797424e+01
1.699074278017608819e+01
1.695403889058022529e+01
1.655361605826603011e+01
1.644030061094708728e+01
1.727041555795755201e+01
1.691170468869656318e+01
1.696038730116068294e+01
1.634490468057871837e+01
1.595004841545831908e+01
1.661890749733585793e+01
1.725073658329180404e+01
1.636065435446600347e+01
1.671349834469892315e+01
1.735225667119714288e+01
1.705070047208870321e+01
1.670311765572272122e+01
1.690135642871782551e+01
1.843601486700685399e+01
1.667429473699170117e+01
1.737678963247034503e+01
1.651148977366459647e+01
1.675123429842432543e+01
1.688941307062670205e+01
1.647578215891726572e+01
1.718169053310521122e+01
1.561309903738729510e+01
1.671426210682954405e+01
1.696631003136148763e+01
1.663455691449356522e+01
1.665949539381846378e+01
1.666921342671863471e+01
1.625625927724798814e+01
1.718217510016669181e+01
1.587764501576080534e+01
1.764246043690598142e+01
1.665216913903078222e+01
1.760895650924240385e+01
1.714644440959261118e+01
1.647739192767335581e+01
1.778659653027687781e+01
1.660214459947651733e+01
1.637253165728975546e+01
1.677601817748808344e+01
1.711954271232960423e+01
1.695926005602995446e+01
1.689773474989864965e+01
1.666463875100477665e+01
1.709658736962728653e+01
1.666044843219393456e+01
1.650754119517798202e+01
1.683852730538150766e+01
1.677113781280328197e+01
1.744791723018571972e+01
1.680934036441482959e+01
1.690363336672269767e+01
1.751873041294432909e+01
1.757160044933518250e+01
1.707705391033514530e+01
1.701127910197417492e+01
1.712309033784173806e+01
1.645688465366741582e+01
1.641148065966372727e+01
1.774204373831942405e+01
1.716275125693209347e+01
1.675722468873848214e+01
1.568410608627997149e+01
1.642066203454663054e+01
1.719665527932020055e+01
1.609435939580710340e+01
1.699794886797015181e+01
1.647075839043371559e+01
1.708674838781918126e+01
1.650179523229468614e+01
1.744885614040184763e+01
1.656362156925626650e+01
1.698230251277454883e+01
1.755453502948312661e+01
1.712694816787758967e+01
1.682870507696777906e+01
1.774645185951835558e+01
1.753993361790477934e+01
1.673407118949127081e+01
1.621500905169150641e+01
1.747525120300523938e+01
1.735164509170219560e+01
1.669560344007170372e+01
1.761148265956845194e+01
1.704387147219885890e+01
1.757262232124835322e+01
1.746370792583907772e+01
1.819965167265104711e+01
1.745991682523795419e+01
1.660768882409342240e+01
1.639021013169928764e+01
1.740668979569983321e+01
1.712887892589279204e+01
1.736067213230951012e+01
1.726619424056143615e+01
1.685035852691549607e+01
1.698961205351053039e+01
1.718649720367229961e+01
1.786239929901059043e+01
1.713427860781665046e+01
1.707465869796368452e+01
1.742114402836071108e+01
1.773901094468298822e+01
1.659831590333716278e+01
1.667026548181967271e+01
1.695128013076647733e+01
1.758635399242460551e+01
1.730030122974647355e+01
1.773010450233259050e+01
1.643684842314879901e+01
1.705114718942499863e+01
1.655957946692150884e+01
1.676389031158158716e+01
1.657218852012404042e+01
1.589343314572166399e+01
1.693587983462339608e+01
1.691557771165073731e+01
1.750574854758283649e+01
1.681958775796023176e+01
1.648707378363782539e+01
1.745287042659473542e+01
1.793227996945865144e+01
1.713811227276272575e+01
1.681852012985162759e+01
1.729396592276236078e+01
1.671146928046883318e+01
1.785020351794046078e+01
1.732670458536979652e+01
1.776957442972627632e+01
1.718896103805319342e+01
1.734955972216893372e+01
1.633824933043595706e+01
1.666323149877759491e+01
1.690619223387764336e+01
1.739082030819383107e+01
1.719430313083703510e+01
1.684555867035280841e+01
1.651806769529969898e+01
1.699328943315727258e+01
1.697648858494169488e+01
1.666208390656334970e+01
1.607778194777539582e+01
1.738206689630647261e+01
1.665182506029680454e+01
1.827446334846888831e+01
1.736344165496030101e+01
1.635757184806821485e+01
1.647608741424682322e+01
1.712413784630770053e+01
1.688369795659063044e+01
1.686273078936224934e+01
1.720461917895634585e+01
1.740011312332874382e+01
1.758833074518477346e+01
1.751496769546484700e+01
1.799052335784291401e+01
1.638583013862215054e+01
1.698965240280907807e+01
1.746802951129271619e+01
1.739816576969912987e+01
1.634615113194191949e+01
1.736019023970026254e+01
1.725091173400095812e+01
1.763074461048948649e+01
1.717920004218055396e+01
1.674306795826134575e+01
1.714593668308518559e+01
1.733974788454039739e+01
1.674201961235879565e+01
1.663901393902692050e+01
1.575747605252298200e+01
1.693986139136512392e+01
1.746341442476145289e+01
1.694233640428569743e+01
1.591906247866977431e+01
1.727866789376849255e+01
1.766194578814687688e+01
1.627129574667673495e+01
1.626650268279725253e+01
1.707309642095589197e+01
1.689103094908548286e+01
1.713158105404764697e+01
1.679997202986640659e+01
1.696303916125686229e+01
1.774863330452002685e+01
1.646293334268801090e+01
1.685063662550959052e+01
1.782151559081818704e+01
1.711708909835010317e+01
1.694065611988476050e+01
1.793987119349226589e+01
1.665961849036039055e+01
1.690269524789436772e+01
1.688452668982110438e+01
1.840784590520417652e+01
1.686010900810763857e+01
1.609454911795594967e+01
1.748046297289655371e+01
1.718278509061419612e+01
1.669841269225131342e+01
1.629253881838842588e+01
1.730876720636151944e+01
1.664812527111391560e+01
1.675261047807768833e+01
1.629375394066046212e+01
1.724846369006808544e+01
1.765984111794155709e+01
1.744158199989282920e+01
1.607256468134500338e+01
1.690702824378091051e+01
1.719381963954371173e+01
1.680454870939681200e+01
1.691172141959719255e+01
1.590218597915580823e+01
1.713866667181159187e+01
1.741044403090804948e+01
1.742223797363721260e+01
1.689054242326064426e+01
1.733371742597776688e+01
1.666144568268320469e+01
1.679411223844295620e+01
1.654798799304665735e+01
1.636566060574216408e+01
1.826300380137177015e+01
1.665567852052200593e+01
1.703862645799059550e+01
1.663279503120440239e+01
1.744453054993633856e+01
1.712478254933499144e+01
1.803826961678165475e+01
1.722173618210829105e+01
1.680765102761938934e+01
1.729156116159824208e+01
1.649499220319847126e+01
1.655610692446117227e+01
1.665242158138968165e+01
1.715305004781878750e+01
1.703381212117609422e+01
1.802440519276773756e+01
1.665116677806015133e+01
1.709593336369105643e+01
1.646296441181639736e+01
1.651345451304692702e+01
1.754395709432389339e+01
1.663761796629905376e+01
1.673465203985904637e+01
1.701939526786246404e+01
1.702504319550390122e+01
1.758986262319970706e+01
1.750066952497546069e+01
1.732462020295068683e+01
1.668561320458760022e+01
1.676657024782099015e+01
1.689906279329437311e+01
1.630568342170080243e+01
1.781462458025038487e+01
1.621455030572277067e+01
1.716705504960907547e+01
1.702867485441143813e+01
1.631564430607556915e+01
1.666141016597077495e+01
1.695373899962965680e+01
1.658913016757344749e+01
1.660548980485186021e+01
1.657876448951066806e+01
1.697112736849200232e+01
1.798277336568548890e+01
1.677872709145237096e+01
1.724958702905166064e+01
1.692737304418495725e+01
1.679321502129976906e+01
1.623753568179217766e+01
1.723576354981814518e+01
1.737804479241815514e+01
1.745079401475285863e+01
1.741672447098981280e+01
1.710492393527420418e+01
1.682843743234073131e+01
1.666278746970037616e+01
1.689104933429299038e+01
1.770774620708045788e+01
1.673972773167982808e+01
1.634840692926365335e+01
1.753201677296850036e+01
1.698173417637422844e+01
1.685624405727147135e+01
1.651240229604546172e+01
1.755489928354779039e+01
1.708236883445356824e+01
1.623172853384513203e+01
1.640334215757152592e+01
1.758489673420183053e+01
1.791409855813459728e+01
1.705251182793801945e+01
1.657075877451552515e+01
1.691668320873507625e+01
1.717621567505384661e+01
1.643122967278294055e+01
1.823322086987278823e+01
1.734923338950183691e+01
1.660168264000595428e+01
1.688406098260674071e+01
1.665374876353394384e+01
1.658898630885005332e+01
1.682847835407127590e+01
1.740429268205170033e+01
1.633198260297870874e+01
1.719739019298106797e+01
1.784150682599089777e+01
1.664268510768660647e+01
1.731267551752752354e+01
1.700998163177790801e+01
1.628219413568704610e+01
1.706868257386403798e+01
1.673942025885785156e+01
1.784328330755964132e+01
1.747829120867635666e+01
1.703564966969328509e+01
1.656988657311451263e+01
1.596094494551324061e+01
1.745614126462150040e+01
1.744914419301913000e+01
1.681634605111143443e+01
1.662125308232690202e+01
1.611423814610546756e+01
1.669146518522792633e+01
1.711709315876833060e+01
1.642442321838742458e+01
1.676043166912110394e+01
1.679976865847863721e+01
1.703359042450182770e+01
1.651023167610854259e+01
1.664345832778293754e+01
1.734727871038967706e+01
1.718809125735210230e+01
1.730963118289185942e+01
1.664800229696272638e+01
1.825757857890801361e+01
1.695357695344022630e+01
1.716967018895866559e+01
1.629172781277833693e+01
1.758135919141407300e+01
1.690053131801895248e+01
1.640224020524831516e+01
1.750193703437572879e+01
1.712194164034924171e+01
1.710712718082194783e+01
1.722083341277867063e+01
1.671261189819182391e+01
1.676725875506562247e+01
1.739663253467285742e+01
1.685003003614005834e+01
1.690919920133001852e+01
1.744761338821524177e+01
1.701349881314142465e+01
1.768970900552007564e+01
1.673645172271950443e+01
1.677049164403156922e+01
1.665546169255023656e+01
1.693925919664318869e+01
1.725818669086251234e+01
1.745550006896281658e+01
1.757381970625720413e+01
1.681721004822664156e+01
1.657536095178252822e+01
1.714877152687241946e+01
1.636648551049245270e+01
1.740408223385148645e+01
1.675634797988629998e+01
1.611998197436993507e+01
1.742569188277431635e+01
1.698875785348944234e+01
1.730744036995274371e+01
1.663978342994143844e+01
1.746944156260207848e+01
1.711718892648383061e+01
1.633143891981070794e+01
1.646982513226367573e+01
1.652160706376949406e+01
1.721477413982941940e+01
1.678143256313703091e+01
1.730327766949467616e+01
1.613220510947325792e+01
1.708454501396572667e+01
1.688024777258746312e+01
1.716950852354082357e+01
1.770545462762616751e+01
1.719494174024349675e+01
1.652576153619250832e+01
1.714394655334317363e+01
1.775803681838336701e+01
1.693126307941472319e+01
1.754980082471618275e+01
1.701435799034569030e+01
1.683046428032121966e+01
1.703413975521170443e+01
1.716381919139156054e+01
1.647257822149351014e+01
1.700341366444817481e+01
1.733126795638051831e+01
1.615890199113204062e+01
1.664509696825016150e+01
1.738135494715221796e+01
1.629852179271404111e+01
1.681012634003782225e+01
1.745453449589641792e+01
1.656514206186079008e+01
1.585520234158913588e+01
1.748763224681630746e+01
1.734476435029699104e+01
1.699412961594093829e+01
1.696700530320437750e+01
1.702574683959170088e+01
1.762415486350587202e+01
1.681961970935816808e+01
1.658224571287636095e+01
1.726245496345833885e+01
1.739273448588770421e+01
1.660430226825762645e+01
1.726467738052000911e+01
1.696707512878147384e+01
1.648194426840179361e+01
1.738704160530245701e+01
1.703164753290627331e+01
1.720746944829397052e+01
1.723666033351068805e+01
1.652110474375418647e+01
1.692900995836490452e+01
1.676124883713382019e+01
1.578046298967517025e+01
1.594064821683195277e+01
1.648601537921585702e+01
1.612112942832556683e+01
1.716039195527114103e+01
1.670451238349043876e+01
1.689330125192829257e+01
1.673843150065509278e+01
1.693862203788509291e+01
1.685047728728401495e+01
1.597004917145166658e+01
1.770825352492727589e+01
1.660734780510465214e+01
1.729730313262536257e+01
1.718423751679858569e+01
1.771952883961461467e+01
1.734582066768894038e+01
1.749601624121983434e+01
1.608182337548510077e+01
1.667193371805639757e+01
1.746642059297853677e+01
1.650731234282261184e+01
1.744087311645168015e+01
1.723754119732234713e+01
1.639059102258215717e+01
1.612832720777654671e+01
1.718797559150308274e+01
1.705729903645849177e+01
1.809282310140725869e+01
1.718301722792663355e+01
1.583667737024812716e+01
1.629283673684813394e+01
1.667515485361185412e+01
1.578871976638947494e+01
1.687129542100836943e+01
1.733226621285412605e+01
1.723658926380320366e+01
1.605404890421518971e+01
1.847571336208174841e+01
1.648356969220419899e+01
1.669067527955411734e+01
1.713862697136002922e+01
1.660174420559096831e+01
1.651473366505603124e+01
1.665677589229690980e+01
1.681577811942605649e+01
1.702464730036030716e+01
1.724541576754171857e+01
1.650680082766404055e+01
1.740211990238893947e+01
1.598884866344616285e+01
1.607604993925133030e+01
1.631843639759837217e+01
1.643129672737278568e+01
1.766430530766214702e+01
1.744234533191570335e+01
1.816988340999882823e+01
1.557946000378679408e+01
1.617441145798139956e+01
1.739100189473005287e+01
1.726134725771878919e+01
1.717092762651959248e+01
1.759377402763865206e+01
1.694847011965340755e+01
1.794938227031035893e+01
1.762291909500056164e+01
1.689123335891585498e+01
1.622328750497707617e+01
1.710564909642161879e+01
1.727595326008301058e+01
1.718903047831337005e+01
1.642358301331880455e+01
1.649941850396394827e+01
1.637254016832928016e+01
1.788662300988350751e+01
1.644677914330058144e+01
1.680313316968035764e+01
1.631993561488829414e+01
1.617249576075049688e+01
1.664956988899951185e+01
1.726036397663623845e+01
1.722148327833060577e+01
1.702231800320700117e+01
1.734858981049747584e+01
1.697593218320280073e+01
1.743179935399243163e+01
1.729543239901854079e+01
1.757226896261139970e+01
1.711908971904821897e+01
1.718814614574237964e+01
1.698916174630670994e+01
1.699101133034438860e+01
1.783035208232724145e+01
1.699796332835862955e+01
1.676339911940177174e+01
1.720185811301618628e+01
1.803368588436345732e+01
1.600385115401728342e+01
1.683857096771245310e+01
1.685025034536097976e+01
1.728725744013071264e+01
1.673131101246309171e+01
1.693377182494163691e+01
1.744808479298336223e+01
1.643887568818339417e+01
1.718752686691913567e+01
1.727453658345366705e+01
1.629338923322745813e+01
1.696540578515011433e+01
1.668926812371586976e+01
1.646161958356802657e+01
1.748650958338510009e+01
1.747835806702770611e+01
1.728409894610077657e+01
1.680816776167932147e+01
1.677383851605725695e+01
1.765613965124677520e+01
1.732372519746955319e+01
1.701061589562310417e+01
1.743047703553039440e+01
1.726059651362007941e+01
1.672815861540175675e+01
1.659196443920686903e+01
1.635025548877456814e+01
1.741293358390367629e+01
1.699039425868265951e+01
1.701329814024385811e+01
1.736692267723855210e+01
1.740354616323424608e+01
1.671000421878608222e+01
1.736456524548097846e+01
1.761286462019738863e+01
1.736184035540696158e+01
1.697675571807774020e+01
1.701953664426772406e+01
1.662174693060529762e+01
1.776996112598117605e+01
1.695332307398257399e+01
1.656255719981418650e+01
1.625488626134464809e+01
1.778853165068627007e+01
1.677759504505759125e+01
1.769923084814222136e+01
1.672947162032690471e+01
1.727515342046117652e+01
1.668957346397181141e+01
1.770590822936267017e+01
1.747062326278828337e+01
1.719658469083152141e+01
1.642046320843519425e+01
1.707788644822875312e+01
1.715817879420743708e+01
1.754204418895451667e+01
1.736356044589544112e+01
1.744263120030054637e+01
1.807436031039481605e+01
1.677734145194473925e+01
1.648641136742805102e+01
1.710633622042025337e+01
1.702510312003821369e+01
1.764181679149181292e+01
1.732946009812958721e+01
1.699714544698778695e+01
1.660965732620745783e+01
1.782789261683690540e+01
1.649009337818281651e+01
1.708996001965223499e+01
1.669368130572971154e+01
1.758819125507676517e+01
1.686385991581580512e+01
1.689757100833481118e+01
1.689827303521041557e+01
1.692477115798263299e+01
1.652684221446362400e+01
1.708262316538827008e+01
1.747644386199744559e+01
1.751213082691178968e+01
1.701739411726172690e+01
1.786142733976013375e+01
1.640957530490462801e+01
1.801883934190852088e+01
1.726029267075834994e+01
1.876810893347285969e+01
1.731307810327062313e+01
1.699988898957630923e+01
1.655602454654600919e+01
1.704652045737711674e+01
1.703821742037381171e+01
1.743660236572232947e+01
1.595694016127038140e+01
1.538048202314727497e+01
1.668038019591660159e+01
1.759355449280078432e+01
1.717487903581995212e+01
1.685069474173365123e+01
1.640580740328843490e+01
1.703524365549372632e+01
1.730794544543731561e+01
1.674640618409865311e+01
1.725640233730286965e+01
1.644887040290573665e+01
1.625487634916307655e+01
1.733133192713043513e+01
1.653754652815219828e+01
1.709012615300861171e+01
1.663531283671418493e+01
1.670487945747875713e+01
1.639546858111896910e+01
1.594891693404182043e+01
1.740909373671417981e+01
1.672346049735501339e+01
1.726755643062831425e+01
1.713567607257052927e+01
1.712451584902332513e+01
1.694522846579735287e+01
1.635750363217345082e+01
1.686649052890608047e+01
1.616848896512135170e+01
1.744353465192967789e+01
1.684274533136441576e+01
1.720479944734413991e+01
1.704013535402305735e+01
1.639719422016874617e+01
1.747596831395641104e+01
1.714046006521259713e+01
1.735452648806319331e+01
1.666356047308217114e+01
1.679361019037211022e+01
1.722034661102867403e+01
1.746887678990051995e+01
1.739244232523018141e+01
1.739464116216920431e+01
1.759360952905884901e+01
1.669838673924247985e+01
1.688462340155554031e+01
1.720385903279117557e+01
1.731465902720002958e+01
1.625904563735482000e+01
1.689649231488676051e+01
1.639615339950035278e+01
1.661433756422840702e+01
1.767521566276323242e+01
1.675584558503689436e+01
1.578336518089171747e+01
1.636971436746127750e+01
1.721222221591062507e+01
1.602008402378650231e+01
1.626405740312823056e+01
1.756453452490937295e+01
1.694799872111182637e+01
1.758125465519597697e+01
1.714719346619880369e+01
1.800594135446459276e+01
1.702151566826299600e+01
1.710443739649788952e+01
1.623707360527189891e+01
1.659625236896510714e+01
1.743842438848654908e+01
1.715991593667898485e+01
1.614016904074245673e+01
1.759760345055032005e+01
1.655549756233088843e+01
1.668324862165900413e+01
1.640004023098843788e+01
1.762997917083475841e+01
1.677733054459975293e+01
1.600004343364642878e+01
1.718079234241928432e+01
1.635667960730624770e+01
1.667860200667578496e+01
1.767122280741173412e+01
1.663060205373672673e+01
1.701547375423378483e+01
1.663148399563876367e+01
1.717361188198140454e+01
1.759823454787286323e+01
1.653207404814105885e+01
1.695018829256793680e+01
1.721471222011130564e+01
1.629057129884652610e+01
1.611656181898453966e+01
1.723371987585666787e+01
1.640316237445905045e+01
1.699873989263091190e+01
1.748137706991751372e+01
1.685363023438350183e+01
1.746083190334576329e+01
1.764234665867487806e+01
1.673933648104519278e+01
1.724990196236950624e+01
1.741695922138450570e+01
1.736460453348555433e+01
1.718090586568524003e+01
1.673403552904134983e+01
1.689824418021956021e+01
1.718170076915647826e+01
1.740558759860145344e+01
1.671800880756033081e+01
1.750373063480880376e+01
1.652834843487250538e+01
1.638969517129580211e+01
1.656971361708254520e+01
1.656760097306282020e+01
1.743137006719092241e+01
1.619868090775563374e+01
1.687810210488827067e+01
1.674836446633324627e+01
1.647048557080852405e+01
1.660260732762697700e+01
1.688540057141479167e+01
1.814189760876982049e+01
1.732842168674598682e+01
1.675737604193426122e+01
1.612863099738027017e+01
1.715234474786640462e+01
1.710424174388230867e+01
1.756945318843186854e+01
1.720365768563580033e+01
1.651090106673303026e+01
1.696747434331119209e+01
1.665331130912695912e+01
1.679813487699339447e+01
1.676424811583015639e+01
1.535371736444682789e+01
1.657735607756289298e+01
1.641023540861034391e+01
1.711325175564206447e+01
1.709606133508127002e+01
1.727742425544834148e+01
1.672169158614292073e+01
1.660006110397041823e+01
1.771590895041136093e+01
1.740665599518543161e+01
1.733526547593192646e+01
1.680062939282333900e+01
1.701770872286842362e+01
1.667007306856339710e+01
1.762476048531655337e+01
1.715397696911868053e+01
1.740978646452892775e+01
1.728437786729133663e+01
1.686165908226384857e+01
1.723490918358171342e+01
1.763221044777812097e+01
1.666160579500549943e+01
1.814037533568197702e+01
1.701441662904475294e+01
1.757583132711004481e+01
1.702563812359302275e+01
1.655730819616617921e+01
1.635824192321627990e+01
1.689406964612629736e+01
1.645216743086337274e+01
1.701118593200430240e+01
1.666522196142001633e+01
1.685724019297975929e+01
1.667793587432236535e+01
1.691100241244874880e+01
1.797379403483161298e+01
1.686788359742240928e+01
1.620348004384515761e+01
1.686957377904791144e+01
1.676357038255281040e+01
1.706262615108027347e+01
1.719516843438085729e+01
1.745321275146668327e+01
1.735283068318810251e+01
1.798647267934187610e+01
1.657736764789490280e+01
1.743537839855874694e+01
1.622271622558390902e+01
1.663044637887450605e+01
1.635204830140825294e+01
1.708795142150228585e+01
1.707524013282936082e+01
1.691455900058464934e+01
1.696008206296768606e+01
1.682831643950441247e+01
1.720825059910759691e+01
1.748428910550472892e+01
1.689679646582300521e+01
1.809981817405691018e+01
1.691728235008388381e+01
1.795927634110146442e+01
1.739464080805369761e+01
1.764021723015510545e+01
1.745710746660614276e+01
1.662739363744131538e+01
1.770358086589716606e+01
1.698076275023665715e+01
1.626667598759202349e+01
1.746349445960679247e+01
1.622201541644288270e+01
1.716801480429095861e+01
1.726804427109730966e+01
1.683996961046354812e+01
1.716059772854620036e+01
1.819402808774232838e+01
1.734625072624319841e+01
1.666276288662925964e+01
1.688232942671230674e+01
1.701459237374605138e+01
1.587672981447279597e+01
1.724527837208741232e+01
1.717741188284142595e+01
1.658082339128464611e+01
1.799807981114505040e+01
1.749167473010471952e+01
1.639893846410161515e+01
1.828592123524742163e+01
1.751926493884875669e+01
1.653877479894606495e+01
1.647760156006851417e+01
1.691047649839041966e+01
1.750509621122734671e+01
1.779773971230478580e+01
1.631134498194935389e+01
1.658090663145046051e+01
1.635321992590831286e+01
1.732288873056737444e+01
1.658910028925563296e+01
1.718882802054971748e+01
1.636100341691785331e+01
1.768922648188077318e+01
1.686418365242923301e+01
1.568771620567907554e+01
1.681748505640841884e+01
