1.623705599999999905e+01
1.641428799999999910e+01
1.635145599999999888e+01
1.653766399999999948e+01
1.642132799999999904e+01
1.647271999999999892e+01
1.648169599999999946e+01
1.631889599999999874e+01
1.619939199999999957e+01
1.637046399999999835e+01
1.649208000000000141e+01
1.655649599999999921e+01
1.621980800000000045e+01
1.645811199999999985e+01
1.609977599999999853e+01
1.640883200000000031e+01
1.617193599999999876e+01
1.647835200000000100e+01
1.631625599999999920e+01
1.667952000000000012e+01
1.643364800000000159e+01
1.617475200000000157e+01
1.620537600000000111e+01
1.609027199999999880e+01
1.632153599999999827e+01
1.648504000000000147e+01
1.659855999999999909e+01
1.658096000000000103e+01
1.632646400000000142e+01
1.612001599999999968e+01
1.628387199999999879e+01
1.621435200000000165e+01
1.619129600000000124e+01
1.630868800000000007e+01
1.618777599999999950e+01
1.622438400000000058e+01
1.644279999999999831e+01
1.657339199999999835e+01
1.670715200000000067e+01
1.626820800000000133e+01
1.674340799999999874e+01
1.656212800000000129e+01
1.659011200000000130e+01
1.641393599999999964e+01
1.594208000000000069e+01
1.638207999999999842e+01
1.659151999999999916e+01
1.618619199999999836e+01
1.656775999999999982e+01
1.648081600000000080e+01
1.591796800000000012e+01
1.644596800000000059e+01
1.639070399999999950e+01
1.653660800000000108e+01
1.649859199999999859e+01
1.612687999999999988e+01
1.681152000000000157e+01
1.645512000000000086e+01
1.617862399999999923e+01
1.606756800000000140e+01
1.639739199999999997e+01
1.635444800000000143e+01
1.614289600000000036e+01
1.622878400000000099e+01
1.592377600000000015e+01
1.614712000000000103e+01
1.642836799999999897e+01
1.654505599999999887e+01
1.640038399999999896e+01
1.647236799999999945e+01
1.649912000000000134e+01
1.637187199999999976e+01
1.643083199999999877e+01
1.622368000000000166e+01
1.621699200000000118e+01
1.665241599999999877e+01
1.631625599999999920e+01
1.634547200000000089e+01
1.604187200000000146e+01
1.631784000000000034e+01
1.614835199999999915e+01
1.633702399999999955e+01
1.641463999999999857e+01
1.643276799999999938e+01
1.621804799999999958e+01
1.653449600000000075e+01
1.631819199999999981e+01
1.649700800000000100e+01
1.630463999999999913e+01
1.599153599999999997e+01
1.638736000000000104e+01
1.612811200000000156e+01
1.653678400000000082e+01
1.628299200000000013e+01
1.620167999999999964e+01
1.662460799999999850e+01
1.645793600000000012e+01
1.668444799999999972e+01
1.639422400000000124e+01
1.623881599999999992e+01
1.635744000000000042e+01
1.629460800000000020e+01
1.653273599999999988e+01
1.605049599999999899e+01
1.622227200000000025e+01
1.628070400000000006e+01
1.658852800000000016e+01
1.613832000000000022e+01
1.657691200000000009e+01
1.620731200000000172e+01
1.662900799999999890e+01
1.662407999999999930e+01
1.619393600000000077e+01
1.663815999999999917e+01
1.653361599999999854e+01
1.614395199999999875e+01
1.614025600000000082e+01
1.644948799999999878e+01
1.629443200000000047e+01
1.625113599999999892e+01
1.632470400000000055e+01
1.638911999999999836e+01
1.637592000000000070e+01
1.654311999999999827e+01
1.599505599999999994e+01
1.642854399999999870e+01
1.634459199999999868e+01
1.631889599999999874e+01
1.642273600000000044e+01
1.643364800000000159e+01
1.624040000000000106e+01
1.667564799999999892e+01
1.655895999999999901e+01
1.628545599999999993e+01
1.610945600000000155e+01
1.689107200000000120e+01
1.647817600000000127e+01
1.637011199999999889e+01
1.664326399999999850e+01
1.626697599999999966e+01
1.638894399999999862e+01
1.623670399999999958e+01
1.602039999999999864e+01
1.654699199999999948e+01
1.661246399999999923e+01
1.630939199999999900e+01
1.656564799999999948e+01
1.633983999999999881e+01
1.646585599999999872e+01
1.666807999999999979e+01
1.640636800000000051e+01
1.676206399999999874e+01
1.656899200000000150e+01
1.595070399999999999e+01
1.654804800000000142e+01
1.614536000000000016e+01
1.652393599999999907e+01
1.637222399999999922e+01
1.627718399999999832e+01
1.654153600000000068e+01
1.623124800000000079e+01
1.643699200000000005e+01
1.620854399999999984e+01
1.617739200000000110e+01
1.610804800000000014e+01
1.628052800000000033e+01
1.617809600000000003e+01
1.630921599999999927e+01
1.673601599999999934e+01
1.621611199999999897e+01
1.621347199999999944e+01
1.640003199999999950e+01
1.646145599999999831e+01
1.634758400000000123e+01
1.624057600000000079e+01
1.662654399999999910e+01
1.634247999999999834e+01
1.632822399999999874e+01
1.619727999999999923e+01
1.641921599999999870e+01
1.616859200000000030e+01
1.641798400000000058e+01
1.648169599999999946e+01
1.650668800000000047e+01
1.654487999999999914e+01
1.652305600000000041e+01
1.647817600000000127e+01
1.662020800000000165e+01
1.635004800000000103e+01
1.630094400000000121e+01
1.635427200000000170e+01
1.641182399999999930e+01
1.666491200000000106e+01
1.632822399999999874e+01
1.648239999999999839e+01
1.661387200000000064e+01
1.648275200000000140e+01
1.616982399999999842e+01
1.608868800000000121e+01
1.627278400000000147e+01
1.637152000000000029e+01
1.637521600000000177e+01
1.642062400000000011e+01
1.623142400000000052e+01
1.606334400000000073e+01
1.664995199999999897e+01
1.622807999999999851e+01
1.609537600000000168e+01
1.640830400000000111e+01
1.599611200000000011e+01
1.617017600000000144e+01
1.590547199999999961e+01
1.660595199999999849e+01
1.645353599999999972e+01
1.614359999999999928e+01
1.664097599999999844e+01
1.630358400000000074e+01
1.638207999999999842e+01
1.617510400000000104e+01
1.640584000000000131e+01
1.629003200000000007e+01
1.625430400000000120e+01
1.628299200000000013e+01
1.616401600000000016e+01
1.625078399999999945e+01
1.626380800000000093e+01
1.628052800000000033e+01
1.644315200000000132e+01
1.630974399999999847e+01
1.637820800000000077e+01
1.642097599999999957e+01
1.653801599999999894e+01
1.651971199999999840e+01
1.629161600000000121e+01
1.645107199999999992e+01
1.654276799999999881e+01
1.646550399999999925e+01
1.655121600000000015e+01
1.632241600000000048e+01
1.663921600000000112e+01
1.650580799999999826e+01
1.635444800000000143e+01
1.650123200000000168e+01
1.674111999999999867e+01
1.627753600000000134e+01
1.626926399999999973e+01
1.627243199999999845e+01
1.655174399999999935e+01
1.617281600000000097e+01
1.639017600000000030e+01
1.640372800000000097e+01
1.659591999999999956e+01
1.613215999999999894e+01
1.669571200000000033e+01
1.624532800000000066e+01
1.652164799999999900e+01
1.621206400000000158e+01
1.613585600000000042e+01
1.640900800000000004e+01
1.626803200000000160e+01
1.655033600000000149e+01
1.634881599999999935e+01
1.623582400000000092e+01
1.631907199999999847e+01
1.653748799999999974e+01
1.634089600000000075e+01
1.651003199999999893e+01
1.655367999999999995e+01
1.634582400000000035e+01
1.623987199999999831e+01
1.617281600000000097e+01
1.647729599999999905e+01
1.627401599999999959e+01
1.670257600000000053e+01
1.651724799999999860e+01
1.614448000000000150e+01
1.613761600000000129e+01
1.625641600000000153e+01
1.636923200000000023e+01
1.662531200000000098e+01
1.598343999999999987e+01
1.652164799999999900e+01
1.640443199999999990e+01
1.661193600000000004e+01
1.616718399999999889e+01
1.640654400000000024e+01
1.613902399999999915e+01
1.632083199999999934e+01
1.637046399999999835e+01
1.608534399999999920e+01
1.648204799999999892e+01
1.629355199999999826e+01
1.635902400000000156e+01
1.621593599999999924e+01
1.657902400000000043e+01
1.616595200000000077e+01
1.633227199999999968e+01
1.597041600000000017e+01
1.644491199999999864e+01
1.620520000000000138e+01
1.638454400000000177e+01
1.626169600000000059e+01
1.610083200000000048e+01
1.612969599999999915e+01
1.648398399999999953e+01
1.662865599999999944e+01
1.599470400000000048e+01
1.636747199999999935e+01
1.642484800000000078e+01
1.638612799999999936e+01
1.628140799999999899e+01
1.599646399999999957e+01
1.630199999999999960e+01
1.631449599999999833e+01
1.613655999999999935e+01
1.651935999999999893e+01
1.594683200000000056e+01
1.659151999999999916e+01
1.607847999999999900e+01
1.634828800000000015e+01
1.619587200000000138e+01
1.655772800000000089e+01
1.632928000000000068e+01
1.657092799999999855e+01
1.641217599999999877e+01
1.640443199999999990e+01
1.611790399999999934e+01
1.647184000000000026e+01
1.645934400000000153e+01
1.631431999999999860e+01
1.657832000000000150e+01
1.657497599999999949e+01
1.629988799999999927e+01
1.643804799999999844e+01
1.670908800000000127e+01
1.643329599999999857e+01
1.635356799999999922e+01
1.619657600000000031e+01
1.637398400000000009e+01
1.626679999999999993e+01
1.636888000000000076e+01
1.613972800000000163e+01
1.634863999999999962e+01
1.613321600000000089e+01
1.607971200000000067e+01
1.618883200000000144e+01
1.633068799999999854e+01
1.635585599999999928e+01
1.628475200000000100e+01
1.621329599999999971e+01
1.637257599999999869e+01
1.635022400000000076e+01
1.654364800000000102e+01
1.622315199999999891e+01
1.623793600000000126e+01
1.629759999999999920e+01
1.646180800000000133e+01
1.615081599999999895e+01
1.654065599999999847e+01
1.633244799999999941e+01
1.606070400000000120e+01
1.656987200000000016e+01
1.651443199999999933e+01
1.661985599999999863e+01
1.668356800000000106e+01
1.603623999999999938e+01
1.639281599999999983e+01
1.624691199999999824e+01
1.618003200000000064e+01
1.672809600000000074e+01
1.609977599999999853e+01
1.640935999999999950e+01
1.601828799999999831e+01
1.590089599999999947e+01
1.660489600000000010e+01
1.641446399999999883e+01
1.629777599999999893e+01
1.646251200000000026e+01
1.622719999999999985e+01
1.615503999999999962e+01
1.638313600000000037e+01
1.647641600000000039e+01
1.633438400000000001e+01
1.654400000000000048e+01
1.642343999999999937e+01
1.601160000000000139e+01
1.626767999999999859e+01
1.639281599999999983e+01
1.669043200000000127e+01
1.668198399999999992e+01
1.624075200000000052e+01
1.627595200000000020e+01
1.630851200000000034e+01
1.628070400000000006e+01
1.602726399999999884e+01
1.644262399999999857e+01
1.611385599999999840e+01
1.648926399999999859e+01
1.629108799999999846e+01
1.597534399999999977e+01
1.610839999999999961e+01
1.645705600000000146e+01
1.641358400000000017e+01
1.639844799999999836e+01
1.662707199999999830e+01
1.622878400000000099e+01
1.624937600000000160e+01
1.638841599999999943e+01
1.621259200000000078e+01
1.629636800000000108e+01
1.667846400000000173e+01
1.623054399999999831e+01
1.630323200000000128e+01
1.655121600000000015e+01
1.617035200000000117e+01
1.655156799999999961e+01
1.649190400000000167e+01
1.619675200000000004e+01
1.637961599999999862e+01
1.632100799999999907e+01
1.610875199999999907e+01
1.597974400000000017e+01
1.629319999999999879e+01
1.622051199999999938e+01
1.634934399999999854e+01
1.668286399999999858e+01
1.646075199999999938e+01
1.625289599999999979e+01
1.641428799999999910e+01
1.616542400000000157e+01
1.642907200000000145e+01
1.574724800000000080e+01
1.665100800000000092e+01
1.650616000000000128e+01
1.632875200000000149e+01
1.623423999999999978e+01
1.627401599999999959e+01
1.628668800000000161e+01
1.657374400000000136e+01
1.606017599999999845e+01
1.622702400000000011e+01
1.656599999999999895e+01
1.647113600000000133e+01
1.637908799999999943e+01
1.652622399999999914e+01
1.637328000000000117e+01
1.594313600000000086e+01
1.631555200000000028e+01
1.652657599999999860e+01
1.640196800000000010e+01
1.634371200000000002e+01
1.619059199999999876e+01
1.645916799999999824e+01
1.679128000000000043e+01
1.622086399999999884e+01
1.632787199999999928e+01
1.621752000000000038e+01
1.592729600000000012e+01
1.642343999999999937e+01
1.676593599999999995e+01
1.645599999999999952e+01
1.628422399999999826e+01
1.633385600000000082e+01
1.626627200000000073e+01
1.617721600000000137e+01
1.614148799999999895e+01
1.687875199999999865e+01
1.606651199999999946e+01
1.604011200000000059e+01
1.678600000000000136e+01
1.628510400000000047e+01
1.637908799999999943e+01
1.614764800000000022e+01
1.639000000000000057e+01
1.672651199999999960e+01
1.626503999999999905e+01
1.624145599999999945e+01
1.597622400000000020e+01
1.595193599999999989e+01
1.630569600000000108e+01
1.658817600000000070e+01
1.642414399999999830e+01
1.638647999999999882e+01
1.635691200000000123e+01
1.639035200000000003e+01
1.676628799999999941e+01
1.667459200000000052e+01
1.602304000000000173e+01
1.636025599999999969e+01
1.616894399999999976e+01
1.632910400000000095e+01
1.636641600000000096e+01
1.620660799999999924e+01
1.634036800000000156e+01
1.672158400000000000e+01
1.621452800000000138e+01
1.639686400000000077e+01
1.619287999999999883e+01
1.631009600000000148e+01
1.607513600000000054e+01
1.633755199999999874e+01
1.649947200000000080e+01
1.626943999999999946e+01
1.643822400000000172e+01
1.637046399999999835e+01
1.617316800000000043e+01
1.612071999999999861e+01
1.654118400000000122e+01
1.646480000000000032e+01
1.613691199999999881e+01
1.622825599999999824e+01
1.620695999999999870e+01
1.649366399999999899e+01
1.654206399999999988e+01
1.608727999999999980e+01
1.625060799999999972e+01
1.657286399999999915e+01
1.648521600000000120e+01
1.631220799999999826e+01
1.646075199999999938e+01
1.636888000000000076e+01
1.628475200000000100e+01
1.615292799999999929e+01
1.625641600000000153e+01
1.627102400000000060e+01
1.650000000000000000e+01
1.670486400000000060e+01
1.622156800000000132e+01
1.606739200000000167e+01
1.671120000000000161e+01
1.648134399999999999e+01
1.643611200000000139e+01
1.634635199999999955e+01
1.626820800000000133e+01
1.641340800000000044e+01
1.642361599999999910e+01
1.647184000000000026e+01
1.623547200000000146e+01
1.644033599999999851e+01
1.671067199999999886e+01
1.635955200000000076e+01
1.640777599999999836e+01
1.641763200000000111e+01
1.627929599999999866e+01
1.653854400000000169e+01
1.663587199999999910e+01
1.630499199999999860e+01
1.637609600000000043e+01
1.651548800000000128e+01
1.628844799999999893e+01
1.635814399999999935e+01
1.648081600000000080e+01
1.592095999999999911e+01
1.641833600000000004e+01
1.625940800000000053e+01
1.646691200000000066e+01
1.630604800000000054e+01
1.667652800000000113e+01
1.629179200000000094e+01
1.665523200000000159e+01
1.635656000000000176e+01
1.654857600000000062e+01
1.647852800000000073e+01
1.628334399999999960e+01
1.629144000000000148e+01
1.654611200000000082e+01
1.653977599999999981e+01
1.651883199999999974e+01
1.643452800000000025e+01
1.660542399999999930e+01
1.634247999999999834e+01
1.651883199999999974e+01
1.618672000000000111e+01
1.617000000000000171e+01
1.665153600000000012e+01
1.668743999999999872e+01
1.635867199999999855e+01
1.644895999999999958e+01
1.619235199999999963e+01
1.628950400000000087e+01
1.631520000000000081e+01
1.579318400000000011e+01
1.640548799999999829e+01
1.628968000000000060e+01
1.621505600000000058e+01
1.643294399999999911e+01
1.631484800000000135e+01
1.659046400000000077e+01
1.680571199999999976e+01
1.629548799999999886e+01
1.653291199999999961e+01
1.615785599999999889e+01
1.626380800000000093e+01
1.628897600000000168e+01
1.682243199999999916e+01
1.637257599999999869e+01
1.645969600000000099e+01
1.657110399999999828e+01
1.638296000000000063e+01
1.635831999999999908e+01
1.632963200000000015e+01
1.648099200000000053e+01
1.650932800000000000e+01
1.632523199999999974e+01
1.631502400000000108e+01
1.632435200000000108e+01
1.656212800000000129e+01
1.641446399999999883e+01
1.604926400000000086e+01
1.634459199999999868e+01
1.622896000000000072e+01
1.626222399999999979e+01
1.633015999999999934e+01
1.627032000000000167e+01
1.633579200000000142e+01
1.633438400000000001e+01
1.630569600000000108e+01
1.617228800000000177e+01
1.606263999999999825e+01
1.642502400000000051e+01
1.636975999999999942e+01
1.628879999999999839e+01
1.622931200000000018e+01
1.637187199999999976e+01
1.628264000000000067e+01
1.641428799999999910e+01
1.607760000000000034e+01
1.637433599999999956e+01
1.622667200000000065e+01
1.612283199999999894e+01
1.604099199999999925e+01
1.638718400000000130e+01
1.643382400000000132e+01
1.647113600000000133e+01
1.648011199999999832e+01
1.654558400000000162e+01
1.644561600000000112e+01
1.599065599999999954e+01
1.628351999999999933e+01
1.650369600000000148e+01
1.606510400000000161e+01
1.646356799999999865e+01
1.652147199999999927e+01
1.604380799999999851e+01
1.667705600000000032e+01
1.632382399999999834e+01
1.656617599999999868e+01
1.652780800000000028e+01
1.646145599999999831e+01
1.675203199999999981e+01
1.659662399999999849e+01
1.612811200000000156e+01
1.638119999999999976e+01
1.610998400000000075e+01
1.624251200000000139e+01
1.644632000000000005e+01
1.652481600000000128e+01
1.637257599999999869e+01
1.629425600000000074e+01
1.618408000000000158e+01
1.667071999999999932e+01
1.662671999999999883e+01
1.637679999999999936e+01
1.617070400000000063e+01
1.616665599999999969e+01
1.650756799999999913e+01
1.623687999999999931e+01
1.644719999999999871e+01
1.672862399999999994e+01
1.645529600000000059e+01
1.670099199999999939e+01
1.628158399999999872e+01
1.627155199999999979e+01
1.643611200000000139e+01
1.628791999999999973e+01
1.624620799999999932e+01
1.627683199999999886e+01
1.616296000000000177e+01
1.669025600000000153e+01
1.653044799999999981e+01
1.660119999999999862e+01
1.619129600000000124e+01
1.644508799999999837e+01
1.644191999999999965e+01
1.601494399999999985e+01
1.620132800000000017e+01
1.666755200000000059e+01
1.616683199999999943e+01
1.607830399999999926e+01
1.668726399999999899e+01
1.639721600000000024e+01
1.630041599999999846e+01
1.659257600000000110e+01
1.634124800000000022e+01
1.611174400000000162e+01
1.622015999999999991e+01
1.613832000000000022e+01
1.654628800000000055e+01
1.628228800000000120e+01
1.604327999999999932e+01
1.622614400000000145e+01
1.604134399999999872e+01
1.619675200000000004e+01
1.679515200000000164e+01
1.633632000000000062e+01
1.625307199999999952e+01
1.648908799999999886e+01
1.649947200000000080e+01
1.618601599999999863e+01
1.620097600000000071e+01
1.644596800000000059e+01
1.654223999999999961e+01
1.615680000000000049e+01
1.641340800000000044e+01
1.658236799999999889e+01
1.601476800000000011e+01
1.611807999999999907e+01
1.622614400000000145e+01
1.617651199999999889e+01
1.615785599999999889e+01
1.640671999999999997e+01
1.616243199999999902e+01
1.616718399999999889e+01
1.637028799999999862e+01
1.622508799999999951e+01
1.662267200000000145e+01
1.651126400000000061e+01
1.639211200000000090e+01
1.617316800000000043e+01
1.601529599999999931e+01
1.604169600000000173e+01
1.624480000000000146e+01
1.657039999999999935e+01
1.618478400000000050e+01
1.658588800000000063e+01
1.657515199999999922e+01
1.671771199999999880e+01
1.657567999999999842e+01
1.666033600000000092e+01
1.663024000000000058e+01
1.637908799999999943e+01
1.619446399999999997e+01
1.616401600000000016e+01
1.634476799999999841e+01
1.629654400000000081e+01
1.655350400000000022e+01
1.636095999999999862e+01
1.622350399999999837e+01
1.646163200000000160e+01
1.660665600000000097e+01
1.637592000000000070e+01
1.578104000000000084e+01
1.655631999999999948e+01
1.629232000000000014e+01
1.621012800000000098e+01
1.670398399999999839e+01
1.617668799999999862e+01
1.637539200000000150e+01
1.647747199999999879e+01
1.642625599999999864e+01
1.621575999999999951e+01
1.620044800000000151e+01
1.614307200000000009e+01
1.609168000000000021e+01
1.655491200000000163e+01
1.633121600000000129e+01
1.663763199999999998e+01
1.641411199999999937e+01
1.665734399999999837e+01
1.619376000000000104e+01
1.635656000000000176e+01
1.636799999999999855e+01
1.652147199999999927e+01
1.647940799999999939e+01
1.602251199999999898e+01
1.625958400000000026e+01
1.630763200000000168e+01
1.630270399999999853e+01
