1.851468108312766248e+01
1.954433146702600865e+01
1.866184574507895277e+01
1.929884731775351270e+01
1.880806619452340556e+01
1.873848890160521208e+01
1.913191419065469745e+01
1.832112752149813417e+01
1.947289734156420948e+01
1.855666342952284964e+01
1.899216115265356919e+01
1.919507881442865127e+01
1.910642927242037814e+01
1.830152732929917292e+01
1.982537466631244882e+01
1.938913853648455543e+01
1.904661089726724299e+01
1.941850699249542345e+01
1.922612277638405587e+01
1.928288444402782886e+01
1.966252726776078319e+01
1.961040704029514359e+01
1.881736572190884260e+01
1.972382704183585389e+01
1.979796895691197989e+01
1.981926582542278226e+01
1.919131798289514634e+01
1.963256216122888276e+01
1.901907920580499223e+01
1.890706228084674123e+01
1.985215635187274330e+01
1.972498644672752022e+01
1.973367619411261131e+01
1.884799497047883676e+01
1.958944511668905619e+01
1.880770877569914390e+01
1.952373398879475630e+01
1.937819230695046357e+01
1.896701358364380141e+01
1.940385717652497632e+01
1.918374379999505308e+01
1.936042565945823668e+01
1.816943491578564007e+01
1.989790381420132448e+01
1.927475292998547474e+01
1.840876071422865223e+01
1.885292046805942334e+01
1.951503689954326148e+01
1.909680235361985012e+01
1.869149360632540535e+01
2.018971660469793861e+01
2.036368331756560934e+01
1.945705129158457325e+01
1.917736100839628932e+01
1.790153630968404741e+01
1.919059584465931323e+01
1.822646790627321067e+01
1.905087381212485553e+01
1.926039433663928691e+01
1.986187593837079746e+01
1.904944079642704935e+01
1.852157466358723070e+01
1.926122579912471622e+01
1.947590880120192836e+01
1.951537828515026618e+01
1.885151148718414404e+01
1.890324079262340007e+01
1.907270466733150727e+01
1.989179437953405127e+01
1.946203966428380028e+01
1.798099351613375774e+01
2.015896577263482570e+01
1.879260044127822127e+01
1.867159927698007138e+01
1.994674548277305703e+01
1.873177334993115295e+01
1.939461319323796218e+01
1.839938658053292642e+01
1.929502497495779068e+01
1.760087205859727177e+01
1.850049803280623451e+01
1.959869085002596734e+01
2.012018916404820246e+01
1.932042954605719132e+01
1.792856258345190668e+01
1.956078084255281269e+01
1.883808644531417897e+01
1.879167660952644425e+01
1.932249704800022627e+01
1.821709820136211988e+01
1.912938703570186760e+01
1.904585014973732271e+01
1.847606080084220181e+01
1.927686610747856832e+01
1.842951449249048679e+01
1.853977982957153614e+01
1.879996353247469543e+01
1.912560354692936926e+01
1.806051981180684862e+01
1.932330348622503990e+01
1.887322729428380441e+01
1.962185602632278147e+01
1.927503984073203824e+01
1.849600269350881376e+01
1.901992726289867619e+01
2.035004502299714702e+01
1.915709027615252324e+01
1.864414056732115910e+01
2.089149255674173133e+01
1.922938175094423130e+01
1.831748253619505107e+01
1.845728847831478348e+01
1.895720696810827732e+01
1.836755185377850808e+01
1.973548637696552888e+01
1.892425887453590505e+01
2.015035494042174591e+01
2.018654679432897225e+01
1.938487120670554020e+01
1.884580894917566241e+01
1.902081999772221721e+01
1.885784428338405760e+01
1.826227658601353099e+01
1.904605961862860397e+01
1.904960180119559965e+01
1.864899862413524545e+01
1.965842931589562781e+01
1.904523728219391643e+01
1.840985334673618468e+01
1.840287782983698506e+01
1.896836694038799109e+01
1.948497006946847065e+01
1.877525480864258611e+01
1.835923739015210643e+01
2.068014071645794516e+01
1.771454070528584879e+01
1.838426306991268078e+01
1.780287567287317430e+01
1.848946189450148481e+01
1.868034904124335327e+01
1.920722566287782485e+01
1.950402122909732583e+01
1.959428687442887451e+01
1.927625444815598499e+01
1.922729208242168397e+01
1.899013353857373332e+01
2.017826224633359544e+01
1.998033821128148801e+01
1.862993807429291948e+01
1.957829090154738338e+01
1.926036760902377765e+01
1.943122813507842750e+01
1.936621318238566403e+01
1.982528788823413635e+01
1.981358079748988743e+01
1.986064895791652063e+01
1.851980440265167260e+01
1.824194766293865300e+01
1.857958297238592493e+01
1.912586111337052230e+01
1.961588057305165123e+01
1.980181730136477469e+01
1.944976282351897368e+01
1.862161023074333599e+01
1.859589855773392841e+01
1.794329355947214566e+01
1.965613238681832442e+01
1.837844180257476978e+01
1.854884838467618025e+01
1.937244234703456414e+01
1.921201188916712255e+01
1.957972933676762395e+01
2.002293819817628773e+01
1.950124616447806147e+01
1.818091528374874599e+01
1.907660672170024796e+01
1.915655734075187056e+01
1.866315727645069700e+01
1.919993892215476805e+01
1.888464378430479584e+01
1.806444887862889104e+01
2.009559101787892388e+01
1.982781609145192547e+01
1.835712786562751120e+01
1.852884284921506008e+01
1.938797005648124028e+01
1.847241758939428991e+01
2.006051781582712223e+01
1.947639089943653090e+01
1.959916935364771717e+01
1.850344090135961750e+01
1.858457240972974489e+01
1.965059057983518187e+01
2.013703143439103371e+01
1.914756501096467645e+01
1.872316284457795277e+01
1.952878909126764029e+01
1.813559541849764400e+01
1.926704301242796191e+01
1.931698825800370400e+01
2.021668663390098786e+01
1.997507972615718330e+01
1.981325668852062449e+01
1.952916008426999639e+01
1.907517190673139140e+01
1.911610170942299192e+01
1.876082007500140136e+01
1.768098609495077511e+01
1.969866082952668762e+01
1.932108110023628811e+01
1.901139564107245761e+01
1.946191046662542590e+01
1.892356272363915792e+01
1.912815696662077158e+01
1.945060000229490882e+01
1.830884915997717499e+01
1.848656492430806253e+01
1.880627556114689369e+01
2.032570386604272272e+01
1.841595027171317156e+01
2.001377527265327316e+01
2.003754018580191953e+01
1.974439340902267048e+01
1.905927124224145430e+01
1.926569005596056883e+01
1.926038329159688800e+01
1.975261739122968052e+01
1.846507775707454968e+01
1.857066561945997307e+01
1.839783191272096374e+01
2.023699366389952203e+01
1.851262833839755473e+01
1.902617412440438827e+01
1.954936795182127440e+01
1.988393221497875984e+01
1.904344084297213158e+01
1.831142419187549919e+01
1.861934862611584407e+01
1.884510207112805347e+01
1.943108841708108869e+01
1.891588094530179021e+01
1.937035447837307700e+01
1.935615467977685000e+01
1.984660099050739390e+01
1.881374888525658662e+01
2.010359848670183069e+01
1.988118734353716022e+01
1.900901490146529937e+01
1.867050244886082311e+01
1.862106731403941140e+01
1.886616575460459799e+01
1.885826649721728643e+01
1.924267018466072088e+01
1.904493994410032087e+01
1.946042810539855950e+01
1.955785335937083502e+01
1.948974955270928788e+01
1.875540576030286744e+01
1.891968706900226849e+01
1.923159662936613046e+01
1.918026597272454126e+01
1.904391588011816339e+01
1.857001775170280666e+01
1.850555667141806282e+01
1.832066481097713151e+01
1.946738511301885666e+01
1.905070354475556016e+01
1.911021012981317568e+01
1.919794737550831698e+01
1.934034331443290355e+01
1.925143351184626539e+01
1.989746741220947612e+01
1.934764165387972312e+01
1.849928019269935575e+01
1.980806573664543890e+01
1.932277945028224764e+01
1.971669261205161305e+01
1.928125212030391467e+01
2.027011512977140129e+01
1.824909380583106966e+01
1.959385253679180039e+01
1.938811503739987785e+01
1.963288507051856513e+01
1.879943023899783228e+01
1.943368696789018202e+01
1.929543634942389829e+01
1.863690726850300905e+01
1.872053647009637345e+01
1.875743220233952613e+01
1.790024948153754281e+01
1.859350812379620876e+01
1.880860437854427047e+01
1.922819181178756764e+01
1.803725898913926784e+01
1.942110238442713310e+01
1.937692459745711560e+01
1.934001546675624539e+01
2.033670756172063676e+01
1.818834650183791268e+01
1.933710899202288047e+01
1.899113492705660633e+01
1.958331611904149838e+01
1.892780620963824845e+01
1.926486645856518010e+01
1.897054381893223862e+01
1.842473366371990906e+01
1.931986399724907955e+01
1.931267761752944523e+01
1.917660495893054673e+01
1.956704788752178459e+01
1.970798257138030607e+01
1.933353850035032195e+01
1.904721474196089659e+01
1.794603167313231395e+01
1.849935789138699604e+01
1.913018174388492909e+01
1.860802108590122117e+01
1.952786507875333655e+01
1.985573833214026607e+01
1.900547766039229103e+01
1.939751464530096925e+01
1.934220256331525079e+01
1.963380382670892033e+01
1.841811430854928489e+01
2.014586961531144027e+01
1.855785943414108630e+01
1.857776454424184109e+01
1.987323246939130783e+01
1.947251863281858064e+01
2.009139355590837894e+01
1.970283921980108843e+01
1.930183549265441201e+01
1.947765306050775536e+01
1.924300517832066149e+01
1.862698146591245418e+01
1.823015689767526126e+01
1.925700293161129650e+01
1.917152008484240611e+01
1.872793223314857158e+01
1.873053742118607445e+01
1.973408034007425371e+01
1.976047325402255694e+01
1.872176985563157103e+01
1.892577333062088130e+01
1.902662038946104772e+01
1.943007771374603720e+01
1.875474220186050189e+01
1.815734621496252288e+01
1.913877084419440777e+01
1.917143655635148036e+01
2.049674064113004945e+01
1.782466697657609700e+01
1.937659427487892927e+01
1.979315589274360931e+01
1.895816160380473292e+01
1.874657959981337996e+01
1.929941167485168663e+01
1.993673021604945106e+01
1.854303335988863921e+01
1.867549655570102374e+01
1.915111378392265351e+01
1.984723927028209545e+01
2.022484921692406701e+01
1.824030608671224130e+01
1.882943827177155782e+01
1.861870237651918458e+01
1.886201435763826595e+01
1.886656278028130984e+01
2.032405417156487815e+01
1.888776524065752938e+01
1.911638917880872768e+01
1.962188473721468185e+01
1.982554036115861962e+01
1.838586232882088467e+01
1.911636663707022521e+01
1.964055909596103788e+01
1.996676989186589424e+01
1.999068115482272390e+01
1.930440229032518218e+01
2.010648111594435150e+01
1.904703161838881442e+01
1.819681010193146520e+01
1.830135401622332836e+01
1.865075117653827874e+01
1.874008188577386491e+01
1.821051578215632816e+01
1.983598305148546359e+01
1.898914950613370323e+01
1.999524234378250753e+01
1.857465448085698156e+01
1.879426401449716622e+01
1.977379202714180906e+01
1.965723250296982627e+01
1.864650901953980267e+01
1.857310237922511575e+01
1.850231969596253023e+01
1.858414322642435224e+01
1.886274899258261328e+01
2.073829531806774895e+01
1.827222289474014616e+01
1.928184352315916783e+01
1.829270270804438780e+01
1.923830881325999798e+01
1.857527197489325843e+01
1.888883818464695707e+01
1.887096584941968302e+01
1.833970562859303755e+01
1.945939924019508993e+01
1.949905785066357211e+01
1.961961108648056040e+01
1.847084196472957629e+01
1.915407214148070025e+01
1.875338121481266995e+01
1.956701862389942548e+01
2.048892716622855303e+01
2.013177759368038622e+01
1.890728885553670224e+01
2.053811212787269369e+01
2.025687762180778506e+01
1.948823459170658978e+01
1.944290511965292723e+01
1.939430330247019185e+01
1.851226990823395013e+01
1.998587510704020431e+01
1.934739640330767685e+01
1.839483067630046165e+01
1.932062760685047564e+01
1.900412223596813277e+01
1.922127514929966097e+01
2.020695285873567215e+01
1.934570094537369656e+01
1.882236136045432673e+01
1.864413690342724195e+01
1.956214276303709454e+01
1.783709504655586642e+01
1.928077288798803224e+01
1.940020416612527754e+01
1.912481225420611253e+01
1.828937237487776812e+01
1.886694094865035964e+01
1.924080162724215981e+01
1.876976923935198016e+01
1.944949018328634338e+01
1.977951649558816882e+01
1.811319050469620251e+01
1.916045163661663508e+01
1.878832862481066002e+01
1.887518031070288416e+01
1.948714586753768785e+01
1.921216155591226737e+01
1.906133872822416819e+01
1.884828372511036321e+01
1.866440905088111535e+01
1.934528945729334737e+01
1.821006940822793041e+01
2.030896276482580731e+01
1.959722422098033334e+01
2.045451424122497031e+01
1.884807413146864619e+01
1.910005672380180286e+01
1.925009548139730242e+01
2.012481290330428152e+01
1.851099405423498467e+01
2.000861439217520044e+01
1.944338680892315807e+01
1.999972063642076492e+01
1.875926003258159369e+01
2.014289062386868778e+01
2.050418013820323893e+01
1.873373403760043487e+01
2.019394286085772805e+01
2.019361441655183498e+01
1.820079345060011278e+01
1.872203395798132064e+01
1.808734311794552596e+01
1.915424841715374527e+01
1.914917531253708205e+01
1.952050197041443980e+01
1.806061323435054433e+01
1.864559664868452415e+01
1.985254100795325627e+01
1.947597981723947314e+01
1.859966392160481874e+01
2.079703700512621722e+01
1.870054024626444900e+01
1.924337053241078266e+01
1.810574812166167646e+01
1.919345645217430629e+01
1.913286283769729224e+01
1.973743394352709402e+01
1.887363442942031710e+01
1.942251734244600314e+01
2.027649523325468550e+01
1.840991116952332973e+01
1.946883635020955339e+01
1.973679634347510614e+01
1.847776488641784454e+01
1.918489218559690457e+01
1.982379391320169404e+01
2.013618664983209072e+01
1.936922026498680793e+01
1.939666255350591229e+01
1.859748491627173550e+01
1.911135180198936467e+01
1.889261075268308687e+01
1.837046051016356074e+01
1.879176487103904236e+01
2.022208180101886299e+01
1.866275847738810612e+01
1.980311360291910816e+01
1.853318216459818402e+01
1.984844829768213614e+01
1.866520470427195377e+01
1.906737931873636782e+01
1.846389113782609925e+01
1.891071870699010660e+01
1.990767161958973830e+01
1.942831208634093088e+01
2.044139241055692935e+01
1.905070590203155589e+01
1.834538647281141976e+01
1.946064641584646893e+01
2.051897905989170212e+01
2.038139219564625648e+01
1.885167061866977178e+01
1.835551040486625851e+01
1.857977239014533311e+01
1.902523813687695053e+01
1.905294006241668114e+01
1.788107321007741035e+01
1.981371461422225622e+01
1.802379353557666875e+01
1.882582820232639875e+01
1.975832565975947475e+01
1.955965358020813127e+01
1.857896314212949562e+01
1.894783359889531482e+01
1.861160831031146046e+01
1.863027882705885574e+01
1.955971508066094344e+01
1.872218295873979699e+01
1.777925018063944407e+01
1.969853379751788935e+01
2.053292845518183185e+01
1.941720724135676335e+01
1.935304486844690075e+01
2.008230552492279486e+01
1.871428063446175472e+01
1.828675996581234742e+01
1.977467258378417014e+01
1.996258679615666054e+01
1.904941427628626016e+01
1.926245369211049407e+01
2.010010485739223185e+01
1.908465521436804835e+01
1.911851028802319163e+01
1.886081555799664145e+01
1.919273189177470584e+01
2.004008520405245974e+01
1.885378452403431382e+01
1.927947458376650403e+01
2.019549599985291977e+01
1.839458955462711032e+01
2.008779464029618822e+01
1.951946096283622722e+01
1.936182655568412869e+01
1.939717984307161913e+01
1.971439506408512798e+01
1.990714368751496011e+01
1.901001955469736515e+01
1.885279332773556149e+01
1.867729150286822204e+01
1.915872938216094212e+01
1.975527865781723236e+01
1.995880710805521474e+01
1.837167577983546352e+01
1.866497376660197816e+01
1.944089680405377152e+01
1.968221466995811397e+01
1.884541953978393991e+01
1.870496861145524647e+01
1.888935932667339301e+01
1.859308206678242925e+01
1.873546831130268231e+01
1.861890287407558375e+01
1.969840450536727161e+01
1.902965250135347830e+01
1.842379204267080084e+01
1.923636754347987576e+01
1.996851562356135545e+01
1.911688648379288225e+01
1.885292127826749109e+01
1.958958724330314283e+01
1.937066911644678058e+01
1.933484108095705878e+01
1.909578236689530328e+01
1.902520392574119512e+01
1.932529856330138074e+01
1.907830674056934228e+01
1.999207940046078846e+01
2.003834476934508046e+01
1.895207130890458558e+01
1.862913057344505674e+01
1.900105837052254643e+01
1.905861531038757306e+01
1.956356374777816853e+01
1.866265710017556501e+01
1.884073748136368565e+01
1.851111569200939044e+01
1.904403379154658893e+01
1.863523673128779734e+01
1.832803616925594881e+01
1.970156668247640397e+01
1.851098231409704908e+01
1.917086100078931565e+01
1.820575950188777981e+01
1.920565349168237290e+01
1.969400738107452042e+01
2.003672275811002024e+01
1.982384805010723738e+01
1.859695106391433583e+01
1.962167133574265065e+01
1.878916796023413482e+01
1.890359971991366095e+01
1.915653438651741425e+01
1.971730795660646152e+01
1.959603611538557288e+01
1.901168168851719642e+01
1.867094988664669586e+01
1.870553666906813461e+01
1.877719132310837935e+01
1.958388639521180608e+01
1.878169971083077527e+01
1.898914437859031423e+01
1.914254584664541881e+01
1.929062894085000224e+01
1.892767815715405888e+01
2.088833613894928121e+01
1.886433467808511821e+01
2.005303427775823977e+01
1.954915472213078687e+01
1.933286526218666523e+01
1.919840914740857230e+01
