1.640114715462046036e+01
1.604626711109599668e+01
1.612976783542579540e+01
1.643356288293441381e+01
1.620406383218403334e+01
1.620111126633576504e+01
1.632495199963398491e+01
1.619959383893383631e+01
1.583271524283408560e+01
1.644731973840790218e+01
1.634748698051968319e+01
1.654185546138449681e+01
1.629874109661615833e+01
1.624297083905223005e+01
1.629989354122361789e+01
1.672055808481150763e+01
1.670585741899395060e+01
1.667675477442650944e+01
1.634166662593327501e+01
1.592697662440477480e+01
1.655998599007999772e+01
1.630885491012575983e+01
1.673154451736099091e+01
1.623662424717415220e+01
1.633322994311757270e+01
1.622325060091781523e+01
1.642241748450436845e+01
1.643145794375696767e+01
1.604809494072958032e+01
1.660962246705715017e+01
1.623460143019364921e+01
1.675607323681107630e+01
1.646724809755901830e+01
1.604649598717682579e+01
1.678884755603489864e+01
1.623287893860921116e+01
1.640062092673749561e+01
1.657122762395031756e+01
1.621569625912320589e+01
1.646110931940632582e+01
1.666574520949341220e+01
1.636801166461306778e+01
1.658000484081897241e+01
1.636973360265755417e+01
1.628896934725552370e+01
1.658888777619597832e+01
1.589457056628460840e+01
1.689940514490553980e+01
1.629428524483828866e+01
1.630137113430339468e+01
1.641385919250094716e+01
1.625052295571159178e+01
1.635120322968607098e+01
1.654336225670882499e+01
1.663158065453647794e+01
1.665018128873967029e+01
1.669529553298420410e+01
1.634825221235520587e+01
1.612082069491894032e+01
1.628617527635103457e+01
1.660366057537991935e+01
1.643612639835226474e+01
1.613027462940955914e+01
1.627655323635483953e+01
1.648353271386569219e+01
1.575399253228226470e+01
1.653003549582152942e+01
1.629270609528683877e+01
1.645188610339846136e+01
1.608158658379709749e+01
1.640107635605704672e+01
1.624081904605927207e+01
1.642448412754148990e+01
1.626091535262687771e+01
1.619376235965621191e+01
1.577261213625602210e+01
1.653268880112648631e+01
1.600613720817640129e+01
1.645126160066967103e+01
1.685887258977531999e+01
1.594856988015252064e+01
1.644988180310564374e+01
1.640964810237452554e+01
1.599424237018245343e+01
1.623527499348934100e+01
1.665751973770372629e+01
1.630464371087104780e+01
1.629512381481993089e+01
1.667038028502716074e+01
1.646597912119235474e+01
1.625996289534889527e+01
1.592884203895928330e+01
1.652847497365751295e+01
1.641096574556866017e+01
1.654014439406484627e+01
1.623247582692349056e+01
1.649505379885279410e+01
1.659113959117662773e+01
1.675139845204646605e+01
1.683749001344366292e+01
1.645107857089170622e+01
1.586370268647333681e+01
1.615977746529382131e+01
1.617020578410152254e+01
1.620170213196691833e+01
1.626362997283038325e+01
1.648691792413958623e+01
1.639182921715084618e+01
1.658695411657576813e+01
1.651560674843499754e+01
1.632118215348726409e+01
1.613820840129199041e+01
1.605760733489567116e+01
1.624800404928660313e+01
1.638978431074518127e+01
1.660502979052072448e+01
1.640163020417343276e+01
1.634801985351559139e+01
1.632685621182815439e+01
1.620779299391698913e+01
1.632246833642993167e+01
1.641439024791113255e+01
1.625184627055022446e+01
1.659156694945527022e+01
1.570582914234138983e+01
1.652764221813399104e+01
1.607100190516645455e+01
1.630951196063181641e+01
1.632082083138435991e+01
1.632489745962379146e+01
1.625600498469415101e+01
1.639812342972610182e+01
1.661995150399500432e+01
1.643082854630495859e+01
1.661706869368732598e+01
1.612596408689325500e+01
1.640474684037912567e+01
1.645463213663152757e+01
1.697485757626827763e+01
1.633638035160457491e+01
1.608648094302399656e+01
1.607837483558094505e+01
1.614450736202999082e+01
1.668061293754326257e+01
1.595794896551578823e+01
1.635952369296624198e+01
1.611772707628527002e+01
1.661793544629335884e+01
1.660283422310967794e+01
1.655165132322048294e+01
1.662063279616290146e+01
1.654104757954825189e+01
1.687398469808668011e+01
1.637652294656910001e+01
1.611424696864066064e+01
1.684352839122010081e+01
1.643356631091080899e+01
1.629083776777126857e+01
1.617534594351161914e+01
1.648960025866052703e+01
1.650825800790032005e+01
1.636513786876186671e+01
1.620767132887550943e+01
1.658324297672432479e+01
1.641085163809767877e+01
1.624644305776185149e+01
1.629591878696764340e+01
1.591875541084893975e+01
1.608986821456733907e+01
1.681637199639240166e+01
1.646816980459656321e+01
1.623332549758770682e+01
1.644226453808698452e+01
1.621114781038061992e+01
1.636958637928303517e+01
1.609280582587759056e+01
1.614158473056054532e+01
1.648425508080010360e+01
1.614935512946907892e+01
1.638879730227403897e+01
1.641472901550400465e+01
1.613247674428622602e+01
1.665957347366454044e+01
1.626877478567013924e+01
1.636637964070365925e+01
1.645452770236742168e+01
1.623474626884700811e+01
1.645107726318393304e+01
1.658593683200370350e+01
1.665629944998545398e+01
1.615870955777549867e+01
1.640782174792291670e+01
1.622400236399797180e+01
1.675472318228465340e+01
1.667345501467362823e+01
1.623387025401067163e+01
1.609283714947929766e+01
1.612477407750805725e+01
1.649453776518825876e+01
1.618181516475229031e+01
1.645520466465953291e+01
1.619510901151989657e+01
1.619285447284498858e+01
1.603337665307488535e+01
1.649958149004095986e+01
1.589651212421351723e+01
1.618843238007379526e+01
1.565218897904934181e+01
1.687125671958640538e+01
1.612396811412138220e+01
1.668564711810483914e+01
1.656501124749794940e+01
1.604007446170969686e+01
1.639541635526306607e+01
1.614844548495930709e+01
1.624708235057495997e+01
1.645171918029629055e+01
1.630862776205161424e+01
1.629126821075750442e+01
1.633468664365415890e+01
1.611803729008431674e+01
1.645176309665909997e+01
1.620467706500236460e+01
1.671979418203991585e+01
1.634956026863265777e+01
1.648248207952579847e+01
1.626698473280193014e+01
1.611260489207725755e+01
1.650400231830995779e+01
1.622866285590258073e+01
1.625763530126032563e+01
1.665251443387433739e+01
1.655423148051085747e+01
1.666319730687164480e+01
1.652109025199434456e+01
1.659399901663947574e+01
1.663479438846115599e+01
1.659707277087980160e+01
1.658289784629758401e+01
1.644434363786451314e+01
1.622303027301443024e+01
1.638520045259285141e+01
1.658411225352107010e+01
1.682953283943503919e+01
1.555365157853551494e+01
1.665830501800513730e+01
1.651584602637140620e+01
1.671023780681374760e+01
1.651310301706526218e+01
1.622601781819597733e+01
1.622573608123945377e+01
1.632045713259602593e+01
1.632524610713204183e+01
1.647144286091099374e+01
1.624322491336360841e+01
1.624342061968188133e+01
1.630237373197399009e+01
1.610458696730935912e+01
1.631628937854786443e+01
1.647978151486308818e+01
1.641026194744648947e+01
1.651054426088017024e+01
1.657704135319624328e+01
1.626341683331192911e+01
1.658489904924917724e+01
1.622989879280856229e+01
1.632283475009900897e+01
1.625545139141719631e+01
1.651145513369941042e+01
1.620489986807119820e+01
1.688394440032078236e+01
1.627916017854922259e+01
1.628443207292070127e+01
1.660770327893941456e+01
1.631481486937837744e+01
1.625105421890759416e+01
1.594047806572672776e+01
1.640435244154164351e+01
1.631826516488704826e+01
1.633267618084684614e+01
1.610919638529782461e+01
1.586794821633268704e+01
1.650829096766301518e+01
1.584167794809933483e+01
1.655551586914268469e+01
1.654106550330931213e+01
1.642835078730120202e+01
1.653008089812947290e+01
1.603342864957377145e+01
1.624329229093759608e+01
1.637581974695368459e+01
1.591408616484474692e+01
1.636123767906350679e+01
1.588665995041179357e+01
1.667345769219817697e+01
1.585026075042233629e+01
1.638273875959204418e+01
1.564830902582179384e+01
1.616746231451582361e+01
1.612666807383336831e+01
1.663937644497398693e+01
1.682265420603057393e+01
1.599075234175226257e+01
1.652579090932181316e+01
1.667859261192108278e+01
1.626617835070671347e+01
1.626302485691772759e+01
1.648490969416140928e+01
1.614320789783120347e+01
1.643000454401905586e+01
1.630301450085484660e+01
1.617472389927581844e+01
1.615045377660274184e+01
1.667732928457384034e+01
1.603708709420164524e+01
1.644528793298575309e+01
1.645551166635123153e+01
1.628498771423368296e+01
1.618945906019138903e+01
1.618381633186814739e+01
1.669116340117807340e+01
1.639799678255967308e+01
1.633576063768926900e+01
1.627157602395027070e+01
1.589685714616078016e+01
1.647946647834348610e+01
1.607110919581210240e+01
1.662826629641038068e+01
1.669703844663727921e+01
1.618395621092070513e+01
1.661016026532409029e+01
1.666959272474363729e+01
1.616775160027429337e+01
1.680711686313772546e+01
1.676640855053167911e+01
1.611073160293128126e+01
1.639756326381961316e+01
1.615464901168223477e+01
1.610985725120488610e+01
1.653810502820290296e+01
1.665813237440489303e+01
1.615443926220071447e+01
1.687415241611030225e+01
1.632133985917371533e+01
1.618504119128920138e+01
1.634974557199378253e+01
1.633139077490029933e+01
1.640827965620797357e+01
1.645361798820582777e+01
1.634044217593830695e+01
1.656495041384907907e+01
1.635264713638666478e+01
1.626103172849213507e+01
1.616612231287573564e+01
1.603012427602356027e+01
1.596478741721029238e+01
1.629349735093521190e+01
1.632790335123240766e+01
1.639135674485181582e+01
1.633690265705881828e+01
1.631751564470530980e+01
1.623909620901591211e+01
1.621513710948199360e+01
1.656427066732880249e+01
1.616930073182647121e+01
1.645888177645766604e+01
1.650993293773468906e+01
1.623184499358170285e+01
1.635659179685292486e+01
1.600694684364733433e+01
1.621191112341750440e+01
1.640495294159656936e+01
1.618737282711012071e+01
1.632885924056920501e+01
1.614345963206730517e+01
1.606630942769265502e+01
1.624052151648265152e+01
1.670864760746439259e+01
1.652653809927285167e+01
1.656250001854896681e+01
1.639400591869839019e+01
1.630525879378885179e+01
1.647170524627780708e+01
1.644874416383930438e+01
1.666400722468542028e+01
1.641943208845861690e+01
1.634409100032797824e+01
1.644340712691231232e+01
1.639304730808341404e+01
1.603318788690347318e+01
1.613257717106333189e+01
1.650789260936068814e+01
1.671210998937280579e+01
1.598669147950545977e+01
1.624630169549064007e+01
1.621815769657863981e+01
1.603454710855860554e+01
1.623887350362215543e+01
1.606046271846710383e+01
1.588279382130264317e+01
1.628429027267891982e+01
1.623115204691350399e+01
1.605593565908016274e+01
1.644194948479763596e+01
1.626784074803308400e+01
1.650455357744464990e+01
1.638574016448688653e+01
1.600481020190473913e+01
1.652330618423567543e+01
1.604463859745006715e+01
1.622638626613640866e+01
1.629357728816046702e+01
1.643398530745750463e+01
1.650724998563038781e+01
1.624610639626813935e+01
1.641899931823320458e+01
1.606392803119751278e+01
1.644586331970129933e+01
1.616466212566575322e+01
1.635187173834729180e+01
1.655826282237038782e+01
1.616969348984239474e+01
1.639920090459795787e+01
1.599153003610644497e+01
1.638212318802117196e+01
1.653931503912091827e+01
1.651524557548952643e+01
1.629058497684701479e+01
1.620372821863038126e+01
1.627754287626557073e+01
1.643488722164983784e+01
1.619771642658194466e+01
1.618576662572236913e+01
1.657475312849692273e+01
1.636127606745663954e+01
1.631472075197726213e+01
1.596249972007117890e+01
1.647169312169153699e+01
1.646539748866179309e+01
1.629404825392904144e+01
1.673155979116145886e+01
1.649200133825141634e+01
1.621967376679922879e+01
1.608116982557925922e+01
1.625642237662629341e+01
1.646118539096850597e+01
1.645353961272756749e+01
1.671715274514657779e+01
1.623120904174513512e+01
1.616144604254848360e+01
1.636974988984949064e+01
1.656552226214335732e+01
1.648156129672272741e+01
1.601935377116608450e+01
1.661228823766929708e+01
1.641504853460072866e+01
1.631414950921148943e+01
1.587090134426943067e+01
1.651527443223202951e+01
1.645406805206579648e+01
1.585026538435196741e+01
1.641612535412311757e+01
1.629985975576138202e+01
1.625921147193083982e+01
1.638805181285922785e+01
1.651809629001470370e+01
1.659637633926281097e+01
1.633466641378842965e+01
1.629561086274480886e+01
1.616153912512372415e+01
1.710029144433337223e+01
1.621216835403166101e+01
1.642911248753670961e+01
1.681657252358234445e+01
1.651586710684487258e+01
1.645704549869890343e+01
1.615778713063921401e+01
1.603022504742774501e+01
1.634750893370193126e+01
1.624252817843124674e+01
1.637998667838801836e+01
1.636445377223101261e+01
1.624729748415680675e+01
1.639486085062509346e+01
1.642658463808585978e+01
1.641413911078455001e+01
1.633463023475169962e+01
1.676931376625542924e+01
1.663420651473808931e+01
1.615238884062794611e+01
1.604167302946007112e+01
1.629073229973774772e+01
1.595847014302137445e+01
1.648111355335963779e+01
1.682886650782277016e+01
1.623852401948412805e+01
1.632662742653781862e+01
1.616884815346439908e+01
1.673757901076269050e+01
1.614172315570569083e+01
1.619684074248335648e+01
1.580276158021647959e+01
1.650114370930934626e+01
1.606844987846560713e+01
1.643477491191023532e+01
1.602675000760862289e+01
1.630369258138458477e+01
1.657211446311697856e+01
1.648096385491969329e+01
1.667748621652422258e+01
1.661722155399973033e+01
1.662028585314954299e+01
1.689636922674732489e+01
1.619658741361598331e+01
1.616635229884979807e+01
1.633571214272529915e+01
1.585828187147029844e+01
1.651425695961812679e+01
1.654910566563865260e+01
1.643394685496903307e+01
1.609817447342419783e+01
1.604144080942677064e+01
1.627518180412488391e+01
1.612898158539859139e+01
1.627464859613051118e+01
1.627809097110552017e+01
1.613944870761708117e+01
1.584571260973800300e+01
1.652478223292798631e+01
1.639129942092480618e+01
1.607010550912281843e+01
1.619474285013633263e+01
1.623098219313527224e+01
1.662742834321815266e+01
1.637078054570066143e+01
1.652764663981841764e+01
1.672250691515143473e+01
1.622782211489870008e+01
1.622297067018742212e+01
1.619014176279791073e+01
1.627264841871962986e+01
1.650906053322599476e+01
1.633562936770615082e+01
1.664510886842213822e+01
1.675608941288936649e+01
1.625905428832430744e+01
1.664232642477713853e+01
1.664926891151929667e+01
1.615721700041991937e+01
1.630017820873241163e+01
1.631968153560896440e+01
1.644517126543004082e+01
1.647800768341877742e+01
1.643659344982431136e+01
1.606333836360979817e+01
1.592565397551912554e+01
1.643518914369225570e+01
1.637949289033320710e+01
1.635831313051989255e+01
1.651619366271405553e+01
1.646473450464881694e+01
1.635375645527589583e+01
1.662647815223616732e+01
1.609399840570827678e+01
1.578785537566512964e+01
1.625654133479631724e+01
1.687792288007726071e+01
1.651456480585846975e+01
1.639080011560142935e+01
1.666314591883099183e+01
1.620367338346330044e+01
1.605067128698896539e+01
1.650964742809193808e+01
1.684966171906423682e+01
1.651284824610569757e+01
1.655921467483965159e+01
1.624264605817613472e+01
1.655516479430471932e+01
1.726592762439988604e+01
1.612996299341828177e+01
1.618940459040192792e+01
1.587788602905555635e+01
1.624713072983642803e+01
1.616763916387801103e+01
1.634288414163833991e+01
1.668280966844929480e+01
1.648561498671267245e+01
1.615991114364666359e+01
1.634641247638732153e+01
1.660309423050620481e+01
1.626375965412173841e+01
1.645421885925181726e+01
1.649828788874897256e+01
1.614595784668352962e+01
1.636574216528211423e+01
1.638366061614961211e+01
1.628232043130050144e+01
1.617598611148740417e+01
1.596575710447278595e+01
1.697345398513133219e+01
1.621391829001617779e+01
1.645027570050352850e+01
1.623361189784406022e+01
1.608402496074308630e+01
1.664753765252436324e+01
1.627484385499216657e+01
1.653021201542771479e+01
1.647580805859461250e+01
1.638138116770664965e+01
1.632158144591377180e+01
1.623711503601444051e+01
1.666445708093459999e+01
1.614811222418778414e+01
1.645433953871954813e+01
1.641086079440631806e+01
1.663258356131837701e+01
1.618044636761650779e+01
1.640515727498160814e+01
1.592894965992468315e+01
1.628362645012776966e+01
1.640668169948231281e+01
1.617185197619182446e+01
1.643344708876510296e+01
1.622972045042458689e+01
1.606169629866995052e+01
1.620426354019948079e+01
1.650492801898109718e+01
1.621982721898761071e+01
1.659021174129613385e+01
1.649938511420968723e+01
1.626400990843872307e+01
1.659228987915232523e+01
1.606969699991832456e+01
1.613165555394191486e+01
1.613710420561566750e+01
1.602677635084812025e+01
1.658665904216104892e+01
1.642858438914223385e+01
1.617249039576543623e+01
1.630618225695014445e+01
1.621074068576408322e+01
1.641472804859763102e+01
1.663556002440532922e+01
1.648266198880508782e+01
1.627036776878473034e+01
1.644945214577867887e+01
1.641828425962370730e+01
1.641679432830377294e+01
1.641084382886818460e+01
1.635183421617227495e+01
1.630239132537117186e+01
1.622745638322479067e+01
1.653734326789624731e+01
1.550411676500007196e+01
1.646091735476262841e+01
1.664581365938225943e+01
1.626731681008642738e+01
1.630924404164269603e+01
1.665516465188593997e+01
1.668031488529108231e+01
1.642383287610212506e+01
1.641683295098776441e+01
1.633493836277483524e+01
1.672677278510228049e+01
1.603200813395575608e+01
1.643407462222917204e+01
1.635378451818170120e+01
1.667422083884650874e+01
1.608555202234761339e+01
1.634597355253329809e+01
1.641168966751957825e+01
1.638510703250270950e+01
1.589834473755097832e+01
1.613428219825339482e+01
1.635944401259860470e+01
1.674865406177150362e+01
1.681287501335360801e+01
1.634594144326724674e+01
1.646639797621238088e+01
1.622852197277262931e+01
1.640079050329920207e+01
1.635622594054479606e+01
1.609674105899270558e+01
1.708166203483505541e+01
1.643935299661811200e+01
1.625748034827898181e+01
1.668698449648632831e+01
1.642848300792335436e+01
1.578889109108065902e+01
1.616993376989168851e+01
1.594977187125488705e+01
1.594611253823398833e+01
1.596218012988080659e+01
1.631356142502805540e+01
1.635055723287832308e+01
1.624386871457285508e+01
1.650623292565213873e+01
1.612778733652148944e+01
1.672704205971054137e+01
1.608782406936778742e+01
1.625324637677643480e+01
1.677183606783892600e+01
1.656459244483224680e+01
1.599598887574963335e+01
1.688205578886309866e+01
1.638942794137907555e+01
1.619948100289074233e+01
1.628807347645903292e+01
1.597843958108363260e+01
1.641778193424630672e+01
1.651834431016872884e+01
1.626810944936468317e+01
1.662725217341163031e+01
1.639679683857056958e+01
1.641274193927204550e+01
1.611145624195784976e+01
1.626821242703353576e+01
1.667412659993660284e+01
1.641099327438282884e+01
1.598083460471861450e+01
1.641711027011540125e+01
1.642231625191720212e+01
1.599344568296149127e+01
1.649794408996544348e+01
1.625559916163054908e+01
1.596363580578951158e+01
1.637629620872594671e+01
1.631532035289876603e+01
1.624666930002110021e+01
1.649134266432769280e+01
1.655720633277117315e+01
1.594050936462605073e+01
1.663200132606589676e+01
1.601890751432659243e+01
1.620478431760697546e+01
1.662761478505875345e+01
1.616086697411443041e+01
1.600451112388811481e+01
1.646491606477625780e+01
1.603611632016005828e+01
1.654755228937981926e+01
1.637836717976107437e+01
1.636148641852921770e+01
1.662605867398903570e+01
1.593948310891091680e+01
1.651176281297922444e+01
1.654637888040338822e+01
1.657246138394915036e+01
1.663662971435745064e+01
1.667451006456593277e+01
1.638993299797658665e+01
1.654157283557456637e+01
1.628108538591833465e+01
1.617815426715640470e+01
1.669562476533328521e+01
1.647088601073123115e+01
1.666555851118781106e+01
1.618633780014466694e+01
1.650619475825595472e+01
1.642749078790193096e+01
1.626788777963490062e+01
1.647219000757997520e+01
1.667652813136926682e+01
1.676771699798542414e+01
1.667796841568724275e+01
1.648931983311693728e+01
1.648184484654725424e+01
1.571282621000634094e+01
1.640156395173735859e+01
1.635575609541902509e+01
1.623057683194337031e+01
1.632661417883288735e+01
1.622939256998463620e+01
1.663967456823690227e+01
1.654040225284042265e+01
1.621667862562294360e+01
1.639197973501904571e+01
1.623420246435154368e+01
1.618314424948619745e+01
1.589628399975142692e+01
1.601707970692051575e+01
1.618101106307808834e+01
1.627875717135545486e+01
1.653639874744236238e+01
1.637166666821457284e+01
1.671303112394881296e+01
1.624992525453555814e+01
1.606646929576585237e+01
1.650475117528194602e+01
1.691170805927500354e+01
1.629702776684343490e+01
1.614769140843131012e+01
1.655126228543356248e+01
1.605117698977798213e+01
1.623359600205159836e+01
1.642766571158361089e+01
1.612982661819951957e+01
