1.693483365496648219e+01
1.709080695233359037e+01
1.744974139403787561e+01
1.702241815511129985e+01
1.696470546279858738e+01
1.695183993316229731e+01
1.735742012186949879e+01
1.677827919682281177e+01
1.729903350105991322e+01
1.715356677302678179e+01
1.714451348997227953e+01
1.698265961357396492e+01
1.663190823259865780e+01
1.742563424031916597e+01
1.727395721146685048e+01
1.711385717480914792e+01
1.692806446478530091e+01
1.641963755498939292e+01
1.749867827418057686e+01
1.690674088263315511e+01
1.703421566997874237e+01
1.683475492038058974e+01
1.735297384242617724e+01
1.650858988917847014e+01
1.681878971263061828e+01
1.706127919974968421e+01
1.742456115763506119e+01
1.692631411857868429e+01
1.688967613340826546e+01
1.670634286576896343e+01
1.683937963303292662e+01
1.682713243895894450e+01
1.729329238241179212e+01
1.703060168422313225e+01
1.710629497893172868e+01
1.727746863062271032e+01
1.705004654208752513e+01
1.669350062494828890e+01
1.689781744537935992e+01
1.693623551269351779e+01
1.701773823531398477e+01
1.730326769822650235e+01
1.738338241615131707e+01
1.660571633626776133e+01
1.705308592955677582e+01
1.691171470498734308e+01
1.708986331785813206e+01
1.655577686025440087e+01
1.677200041279038345e+01
1.676499556301035199e+01
1.714142307754936922e+01
1.700960798998726275e+01
1.652052277260667523e+01
1.650906461884219567e+01
1.700861802671404988e+01
1.675789476268411349e+01
1.664225985514013217e+01
1.682505261737077262e+01
1.701904669494631861e+01
1.693520340691711112e+01
1.686663562755781953e+01
1.712725894899638845e+01
1.668162626868522835e+01
1.679807209235372767e+01
1.708462436924036965e+01
1.727432461229560801e+01
1.725785579625478405e+01
1.719475535242884945e+01
1.662750620342313468e+01
1.691449596879015616e+01
1.709161102882799810e+01
1.701475473776194036e+01
1.664828519971426957e+01
1.695613209317441417e+01
1.689611087972204118e+01
1.694398400622609913e+01
1.695504476068024857e+01
1.674057737810964142e+01
1.652226959984847454e+01
1.661723863336447593e+01
1.740787948448615552e+01
1.671447716140818684e+01
1.704516265633661476e+01
1.697845404021667548e+01
1.723889268796033392e+01
1.678926039462293929e+01
1.670589712228905555e+01
1.664136334307996989e+01
1.737469474705957140e+01
1.666150724511945214e+01
1.707784312111424896e+01
1.687839934315985957e+01
1.660162872472298545e+01
1.697866456989882522e+01
1.739261628978912810e+01
1.703599969333125586e+01
1.676275411438278340e+01
1.696683534946492600e+01
1.669936585856474309e+01
1.690920271545646969e+01
1.702968743173751065e+01
1.714745002440602661e+01
1.706333064707915170e+01
1.708720127929376531e+01
1.696228768654908947e+01
1.697536135141947966e+01
1.682219910145620290e+01
1.716306753727904422e+01
1.671001164897403513e+01
1.689672107085941377e+01
1.687968200354805504e+01
1.710888879619459146e+01
1.689481938315016407e+01
1.688143358345375233e+01
1.697259881729246089e+01
1.674691208550344967e+01
1.700787708292999767e+01
1.746593021129882928e+01
1.692709189389119828e+01
1.689108741958141024e+01
1.668414444742841241e+01
1.706071615894758153e+01
1.675881810927483784e+01
1.662492004544018087e+01
1.679227595732303158e+01
1.688150542217507777e+01
1.727882999504946326e+01
1.681907628322445802e+01
1.707935083144914046e+01
1.716936625064573008e+01
1.729261336667073223e+01
1.686041341689020356e+01
1.706349331166627081e+01
1.741899216788106841e+01
1.706425374979799159e+01
1.703389399859113595e+01
1.649954663594358450e+01
1.694931487701005679e+01
1.726879048896439528e+01
1.634780576771366967e+01
1.768773738174844468e+01
1.607589688588330290e+01
1.678763744099630628e+01
1.695676509944539490e+01
1.720866493043662615e+01
1.680895650411331133e+01
1.661632383000598523e+01
1.682587077506425643e+01
1.682046744075022104e+01
1.737724667948251422e+01
1.711958907326828339e+01
1.705295443479782946e+01
1.698746980622547298e+01
1.677984957157908141e+01
1.705548074565421501e+01
1.711003525934923175e+01
1.742253183449790299e+01
1.704468942633983275e+01
1.678964935979560735e+01
1.742328621910439068e+01
1.729939092641264864e+01
1.691999231008983884e+01
1.670242083356721707e+01
1.748870762339146268e+01
1.669825845143395071e+01
1.672427754617745421e+01
1.649344552360818383e+01
1.689282226830394151e+01
1.692343978200593213e+01
1.671445483446409952e+01
1.658476353912158530e+01
1.724805793334440907e+01
1.690044635104919379e+01
1.728726094283684489e+01
1.691371547955477794e+01
1.734250825005075924e+01
1.680619386031077056e+01
1.699332192596371982e+01
1.694541961082410708e+01
1.708855818392444803e+01
1.726981779279450180e+01
1.699831307701295557e+01
1.702055011115380267e+01
1.692496885383477334e+01
1.704469652857563844e+01
1.706029372584477599e+01
1.741610356287045391e+01
1.699109715138220622e+01
1.717624154479745258e+01
1.691644698853244932e+01
1.690768381905140672e+01
1.674138614406916403e+01
1.715521510973303165e+01
1.717525524088251743e+01
1.717211234124547659e+01
1.686720717138840442e+01
1.683090530530951412e+01
1.701595225363276853e+01
1.710198705780551975e+01
1.726249858946542304e+01
1.760338415052654071e+01
1.669317825119973620e+01
1.741106776233406350e+01
1.723356822543886224e+01
1.696012219866764070e+01
1.719196642530515007e+01
1.720179189655495833e+01
1.671608227325966212e+01
1.720047126730149856e+01
1.695226508223899842e+01
1.693627770143199740e+01
1.750234386838384637e+01
1.717260455585063994e+01
1.699192550292869086e+01
1.660336248595677944e+01
1.680533003464171315e+01
1.682660926874995866e+01
1.674657784251917647e+01
1.692138646218202425e+01
1.673769099124014303e+01
1.709584451941576333e+01
1.692414476590666439e+01
1.711269304401325897e+01
1.716002557816518248e+01
1.762498238160597097e+01
1.669504518576346896e+01
1.690457724755248137e+01
1.662593810952335716e+01
1.694573223250453609e+01
1.712223117738627565e+01
1.729936422809685581e+01
1.697622126687311805e+01
1.686071415764371295e+01
1.690285099789604928e+01
1.643002682648331358e+01
1.721529620131839167e+01
1.629856003358042571e+01
1.693862199670334689e+01
1.713855069966399824e+01
1.665627124783519619e+01
1.698939140601826736e+01
1.703349297301673815e+01
1.688249537356321284e+01
1.701671110271741583e+01
1.726669957350804907e+01
1.724806509840307811e+01
1.742364957296361894e+01
1.702178407911673474e+01
1.698574504673642238e+01
1.700661768581444022e+01
1.692420863703900480e+01
1.672691913173897049e+01
1.726406746138905746e+01
1.713922738856818029e+01
1.740708118971837237e+01
1.663878395801906507e+01
1.685827853551624145e+01
1.669683898107662046e+01
1.724285046100514407e+01
1.700382266800921727e+01
1.692348338644638517e+01
1.670359569715661152e+01
1.725732874624019431e+01
1.665181328114249837e+01
1.715948890543158356e+01
1.681306545763372284e+01
1.732301864659423885e+01
1.746086935258802697e+01
1.704739178011733003e+01
1.684854887020972569e+01
1.668276828560249214e+01
1.689143896167020742e+01
1.701087646735338410e+01
1.678851733674434499e+01
1.717271343264264161e+01
1.694393662737862627e+01
1.703839308536783648e+01
1.725884846815552720e+01
1.729637447716510223e+01
1.673428578768906760e+01
1.727463813914813429e+01
1.704103199744294628e+01
1.718253139451315192e+01
1.694935243427369898e+01
1.736019641497129840e+01
1.746191695145743594e+01
1.656833599459195128e+01
1.722834004007621189e+01
1.707519509154041160e+01
1.721287105680369223e+01
1.681877245111804697e+01
1.688168295023784182e+01
1.693510284669096677e+01
1.694058161838788124e+01
1.669141393347572588e+01
1.711438979232406155e+01
1.657118032404768471e+01
1.736021411331834230e+01
1.665162423991102258e+01
1.691809787963333633e+01
1.694356152511024760e+01
1.701508181893172278e+01
1.726171795718622448e+01
1.699211653537218680e+01
1.716318011966518498e+01
1.670443019555899511e+01
1.695040474422069465e+01
1.713369287803973506e+01
1.681812398924410701e+01
1.702901871401059353e+01
1.676152770097193212e+01
1.707648130141522103e+01
1.751578597319323194e+01
1.730916573103298006e+01
1.702262351199993162e+01
1.740039575510498437e+01
1.705883811352527246e+01
1.724396580854545036e+01
1.658373558402406189e+01
1.677677480585880687e+01
1.714451642031628964e+01
1.663365868124289193e+01
1.756567892232885697e+01
1.703959878782778148e+01
1.679938337817278082e+01
1.682653081559052310e+01
1.722626687299293735e+01
1.689211062347661496e+01
1.688326313267677037e+01
1.703363727753713519e+01
1.698145857499124745e+01
1.698812738951089329e+01
1.708970847618052602e+01
1.748531805633369629e+01
1.692489176653496585e+01
1.704066752165561383e+01
1.679203317210280488e+01
1.671209215313221463e+01
1.659774425777623463e+01
1.719099165924184902e+01
1.663109394815691289e+01
1.721387181187324344e+01
1.733230095686361238e+01
1.703872525918737324e+01
1.663465182472832282e+01
1.724021738403461868e+01
1.667268313411554459e+01
1.654290297020109435e+01
1.718636097408098706e+01
1.741767293722224608e+01
1.713681201415756661e+01
1.686809841060794923e+01
1.673555245716870488e+01
1.694164341136581342e+01
1.735662350439366008e+01
1.728030796867738772e+01
1.741871785697416541e+01
1.712191895070364822e+01
1.755388816951343145e+01
1.707661598714950912e+01
1.707081232067963228e+01
1.686584770529961119e+01
1.701056378060947694e+01
1.694320614002222314e+01
1.750689484146586850e+01
1.626189314844384270e+01
1.706480213394167222e+01
1.737565184114254535e+01
1.697643108986581595e+01
1.709053719658191284e+01
1.687835242553040871e+01
1.667536681537448828e+01
1.679659017393482756e+01
1.651249551507409663e+01
1.671491079404668767e+01
1.720921272962498705e+01
1.692497414095078767e+01
1.703900959120458580e+01
1.736860022524671265e+01
1.694090950553141184e+01
1.672193307349599678e+01
1.696447496969624424e+01
1.704719116134461032e+01
1.670642524760405934e+01
1.663645362787207560e+01
1.682124232160049004e+01
1.689364198072834711e+01
1.707400777916117107e+01
1.707763643863495062e+01
1.724961966720325890e+01
1.703046657388275165e+01
1.712585759989673306e+01
1.682839735259785385e+01
1.722309340453273663e+01
1.690821242467353969e+01
1.718581438050205179e+01
1.689400079174657421e+01
1.732317833286118614e+01
1.680274001859033461e+01
1.705043268812477919e+01
1.677085480171617604e+01
1.690955404770610926e+01
1.714946504988513709e+01
1.672123164530799144e+01
1.702600960365954563e+01
1.716131930404362294e+01
1.702850282070195576e+01
1.670856833377532169e+01
1.707480018820809420e+01
1.701150909286948476e+01
1.676849940002593442e+01
1.702827515794640689e+01
1.722815624811769553e+01
1.722725708718958515e+01
1.732561090516479041e+01
1.667808352247819670e+01
1.677081840534761881e+01
1.640095895294063766e+01
1.745956831532014064e+01
1.674397684724407753e+01
1.705877498407317461e+01
1.699761562297794626e+01
1.684507182271753223e+01
1.710427866800462127e+01
1.688756445083289748e+01
1.684605797005379912e+01
1.696974702515989009e+01
1.693943272343818762e+01
1.681118216702917323e+01
1.708780464965251866e+01
1.742463593498459318e+01
1.705271703108767767e+01
1.733981348990073812e+01
1.703289151054829986e+01
1.702973460043620335e+01
1.689567569801308622e+01
1.759611368284625144e+01
1.727600416224335333e+01
1.708497208905781761e+01
1.725551800565450833e+01
1.694320653416534839e+01
1.727716325130813146e+01
1.725538742897474975e+01
1.680482745016646717e+01
1.708500260948271432e+01
1.727116013468539890e+01
1.705089341736316300e+01
1.716582308488409581e+01
1.688274026002955708e+01
1.699030642779020184e+01
1.696155291130395781e+01
1.729063666325465931e+01
1.715818609187868304e+01
1.670394770238857518e+01
1.707377040873193152e+01
1.725890257742623746e+01
1.690403442082468999e+01
1.758333015440218006e+01
1.708446652237305585e+01
1.678937987074873206e+01
1.734326207061515035e+01
1.703977428663922922e+01
1.735231900831376350e+01
1.679633160989816787e+01
1.722326561970419334e+01
1.643346263809787544e+01
1.681698684468655713e+01
1.708266090861559050e+01
1.713135625402116347e+01
1.706598996514775024e+01
1.681150070988388379e+01
1.701339638355781148e+01
1.669932174859321350e+01
1.666378478360752879e+01
1.720087165860835654e+01
1.692098896242645623e+01
1.660891804148344164e+01
1.670063879422531627e+01
1.680145290870112618e+01
1.698104700169045245e+01
1.703983608960198382e+01
1.679083315310115054e+01
1.703168014156980448e+01
1.723845845467403493e+01
1.697412624414795346e+01
1.682129430620777200e+01
1.743160620232358937e+01
1.723165027221125456e+01
1.703661794914104632e+01
1.714582844462697153e+01
1.674147951816307156e+01
1.726477007416837495e+01
1.702464318078422778e+01
1.714867948130379105e+01
1.668250183395602448e+01
1.682584999988654317e+01
1.699209538862530522e+01
1.721155048176023072e+01
1.703948412388090006e+01
1.681886580094226602e+01
1.645703066600946585e+01
1.688753952129367519e+01
1.683536002644976293e+01
1.693427323834955800e+01
1.692648679691228253e+01
1.737937117218335814e+01
1.739524755160877945e+01
1.737581291737092570e+01
1.723081445857760485e+01
1.716961875761236200e+01
1.655561375144071334e+01
1.668972772432693219e+01
1.710687615699984931e+01
1.715791267056608049e+01
1.670228779004764519e+01
1.740644558871422376e+01
1.699482557570713226e+01
1.632912043421569237e+01
1.696438205508616903e+01
1.676812703156553397e+01
1.726283561902102903e+01
1.683086722879886565e+01
1.720958020963932000e+01
1.679526691524526072e+01
1.721622838231302310e+01
1.721518292371913361e+01
1.669351704760257959e+01
1.698337969225794453e+01
1.678470904728287039e+01
1.704334935249946881e+01
1.706279942227637392e+01
1.720917096045855388e+01
1.721296616662337442e+01
1.705244195601706281e+01
1.683186203745859189e+01
1.688152431097529416e+01
1.716070698076347867e+01
1.682047238852596749e+01
1.668100948525172100e+01
1.726390057920219689e+01
1.730553261007820609e+01
1.662391005359370055e+01
1.721924466136706400e+01
1.693828944392656055e+01
1.676095422746688612e+01
1.716657600712731124e+01
1.726289973806711942e+01
1.697719118120123838e+01
1.634126799055285773e+01
1.685748902503005553e+01
1.745788406452164310e+01
1.676114692708877740e+01
1.728493936980820322e+01
1.710440950890443901e+01
1.683458091886667063e+01
1.756419090643438707e+01
1.676542045220869426e+01
1.724209880784083992e+01
1.679282988216639794e+01
1.626278401334693768e+01
1.721743449277218119e+01
1.710245006915187815e+01
1.696547592358133016e+01
1.683194261434153560e+01
1.669199239662724565e+01
1.694415160973868950e+01
1.694092501954024144e+01
1.694169748736111103e+01
1.699726069057954447e+01
1.689281115778083731e+01
1.663318640331371867e+01
1.686154225292596820e+01
1.706876600750111805e+01
1.708666954601707388e+01
1.670397779164254359e+01
1.653899802103336469e+01
1.712334054410780126e+01
1.679724366906366839e+01
1.670730859043899486e+01
1.686472786229093401e+01
1.744034766151294136e+01
1.688243579209207823e+01
1.708152828732136186e+01
1.742189562363722999e+01
1.719124256390184868e+01
1.677620750771350444e+01
1.648755828010657964e+01
1.716151751827416305e+01
1.721312574074251245e+01
1.772476801292081561e+01
1.716146341219358007e+01
1.698705063008265626e+01
1.715144231845290079e+01
1.686117705789363441e+01
1.681658966176108194e+01
1.662558957767079093e+01
1.666637818258823600e+01
1.695517232928673224e+01
1.667310980987329927e+01
1.704298795012721257e+01
1.677568822225750367e+01
1.720173690197986005e+01
1.679894089439206795e+01
1.702111713076469002e+01
1.710860299999057332e+01
1.717696561008311562e+01
1.701568546767627055e+01
1.740963396066240065e+01
1.705830775490729323e+01
1.666604753584207543e+01
1.753553666465417393e+01
1.747555642754779370e+01
1.670248290320112972e+01
1.699764040954144306e+01
1.743749339063997539e+01
1.734335285277279937e+01
1.650734822431051185e+01
1.683381347722997745e+01
1.679673181548340466e+01
1.720682813111325871e+01
1.668807791482704772e+01
1.697098488536428107e+01
1.682138069823909277e+01
1.694135082445590612e+01
1.718884614428953839e+01
1.697445269510447829e+01
1.701356289492769847e+01
1.708524120562070792e+01
1.709686331246817304e+01
1.678938746630585399e+01
1.703885167637423947e+01
1.663753467725215529e+01
1.752840012154547367e+01
1.662645010155885572e+01
1.659600948167785006e+01
1.694547480993627886e+01
1.706854238649712130e+01
1.710821000467077013e+01
1.676658062103883751e+01
1.693939378015282315e+01
1.680611533787793732e+01
1.705267348748904865e+01
1.685239684071635935e+01
1.706029811826634557e+01
1.724131447522369243e+01
1.650991201979196177e+01
1.684048777564077781e+01
1.709467542320494005e+01
1.708715655489697838e+01
1.676212623820616798e+01
1.705946433407826746e+01
1.699327671149365671e+01
1.697732280413747930e+01
1.713707712969208075e+01
1.673056363042999806e+01
1.670781049260157403e+01
1.692750153741551600e+01
1.707626267889161653e+01
1.712719937941613679e+01
1.729395936053436955e+01
1.687619557751533250e+01
1.685460572812046465e+01
1.732132975439845524e+01
1.665014682436661531e+01
1.644516752351192679e+01
1.667288277715927336e+01
1.698480193231355528e+01
1.697369898915223274e+01
1.720321563666190556e+01
1.714837529394391069e+01
1.687771837672668340e+01
1.750358551551800446e+01
1.674847789860243097e+01
1.733835613450867541e+01
1.702986886687294543e+01
1.724641934626621520e+01
1.698551812278458684e+01
1.673874703909259054e+01
1.698664424819455476e+01
1.700839737243230942e+01
1.719451105874550478e+01
1.672430996525758218e+01
1.690703724877364067e+01
1.704214030536691027e+01
1.671500291331254928e+01
1.698577245534985281e+01
1.760005094564209926e+01
1.674494337610775929e+01
1.710083453166937062e+01
1.704936608888757732e+01
1.668760705820596613e+01
1.705897583323865163e+01
1.642277218279762252e+01
1.735422829341635520e+01
1.699915541693014731e+01
1.670972778357187138e+01
1.668162596686293142e+01
1.712257358853305789e+01
1.698549545925730087e+01
1.674970049881985190e+01
1.683053984588930163e+01
1.722818599178463472e+01
1.733085020723492065e+01
1.685686914287820315e+01
1.714679471136404132e+01
1.671951114018522233e+01
1.721500962968664084e+01
1.685458920271667438e+01
1.707441570066379555e+01
1.689470368267208045e+01
1.709198310501298934e+01
1.685322426582368394e+01
1.698771470184127708e+01
1.715473887206339754e+01
1.682254507956962541e+01
1.695526084762879648e+01
1.730753009882005600e+01
1.734164847293909162e+01
1.716022924124207449e+01
1.711433988484621338e+01
1.703751385194761525e+01
1.690999065891551467e+01
1.751997996509077637e+01
1.706298602130508613e+01
1.705118508540233080e+01
1.748131353085950579e+01
1.690219471004493812e+01
1.710204997066522026e+01
1.715712277169475541e+01
1.690153838753462878e+01
1.739157502554028767e+01
1.708963417308585164e+01
1.729177753275849838e+01
1.641455749766571515e+01
1.734479425292678556e+01
1.714166720846866099e+01
1.645272332442229057e+01
1.713950561132505968e+01
1.682074779114449470e+01
1.670649156019249304e+01
1.697133381163894583e+01
1.723568373552975785e+01
1.690892385210959148e+01
1.672855739570182010e+01
1.659640194708522642e+01
1.683088554577217621e+01
1.685222243350215976e+01
1.674510761166392570e+01
1.699879207202858922e+01
1.715572303098612750e+01
1.709674614269118109e+01
1.682765615370414736e+01
1.712767131130095066e+01
1.720080136292602546e+01
1.747399550691412529e+01
1.657952115561804618e+01
1.689545718279426367e+01
1.680151860516534867e+01
1.708988460732598114e+01
1.668934667640347769e+01
1.689069087330408081e+01
1.692136197666372510e+01
1.733449073289784437e+01
1.685646545440274835e+01
1.674582191394218356e+01
1.745994472486429316e+01
1.692985081751859866e+01
1.705876764642478349e+01
1.718768848058406462e+01
1.681566130698718808e+01
1.726387697941119725e+01
1.704194866976399325e+01
1.733953729509675412e+01
1.705991218756415151e+01
1.721357010444152635e+01
1.693846414034116066e+01
1.696798889447900294e+01
1.727555099512544601e+01
1.696387713779243001e+01
1.662202656857148853e+01
1.721866865418284220e+01
1.743580107699460413e+01
1.728807145578588944e+01
1.716335639363369481e+01
1.640551024833850846e+01
1.707186603977844896e+01
1.708634800729879899e+01
1.690048807578148526e+01
1.700718901063672917e+01
1.670671321203678872e+01
1.646672744172117575e+01
1.668468650226682826e+01
1.657974756474509093e+01
1.756330619969181939e+01
1.679492154051415298e+01
1.739711973564975622e+01
1.719232221383595416e+01
1.658449069948097687e+01
1.667948039242405756e+01
1.708613988606492029e+01
1.725998353757459469e+01
1.724633055641469781e+01
1.697148131656184944e+01
1.699392303104401947e+01
1.680657035716969361e+01
1.708232048534603464e+01
1.659616368627748528e+01
1.696863463384093507e+01
1.686673759980287457e+01
1.742485642222141706e+01
1.684308762756737821e+01
1.662143877554729698e+01
1.679770152141710327e+01
1.665222998041417313e+01
1.706807264171361638e+01
1.675426571786165653e+01
1.692850415055542257e+01
1.699879219878673098e+01
1.677195731489507580e+01
1.731163929115031408e+01
1.688064508005332343e+01
1.760158051317700867e+01
1.744741141080577407e+01
1.732570626855762086e+01
1.698509404748078211e+01
1.652402872867062200e+01
1.656416569749914558e+01
1.684336316192778682e+01
1.647929785476772935e+01
1.679140437680554143e+01
1.696320159614187517e+01
1.717091230454741080e+01
1.660923534077020136e+01
1.728919789946142771e+01
1.719157742777423437e+01
1.706132218969832337e+01
1.713806451827891308e+01
1.681513666153362507e+01
1.718728834602994482e+01
1.702300499367112963e+01
1.695208537864512977e+01
1.733504622358945113e+01
1.684986176948111591e+01
1.713591249186021059e+01
1.686328631256205313e+01
1.709550635486215597e+01
1.692003098362264168e+01
1.710588440659721954e+01
1.718203509390676587e+01
1.670293033253675574e+01
1.719500510331804577e+01
1.751134538967768961e+01
1.684799173696743324e+01
1.667115894752379290e+01
1.722281636795619519e+01
1.664642952142128607e+01
1.675131989068603389e+01
1.725545882160521316e+01
1.697290343323344075e+01
1.722286883494340515e+01
1.728371785822378115e+01
1.716583373177440919e+01
1.712430634506908333e+01
1.731728173830734718e+01
1.689059429534201584e+01
1.689109259754932779e+01
1.646712056691266568e+01
1.711054916262086323e+01
1.719349835568774054e+01
1.731985907147791792e+01
1.696356942743427254e+01
1.713795532438273383e+01
1.707445096391941064e+01
1.699926498857514900e+01
1.673643476760096149e+01
1.697516780716843598e+01
1.710775629447104507e+01
1.675899434005138033e+01
1.709972616055177141e+01
1.713545954710155783e+01
1.732071305827627228e+01
1.722456482339102735e+01
1.710017445974480665e+01
1.712835223690915853e+01
1.711445809227799586e+01
1.692972668252778590e+01
1.702933063473312458e+01
1.702879302553275309e+01
1.674741936956759858e+01
1.725899713592438545e+01
1.705480843457678830e+01
1.734789716947778615e+01
1.681116039156409059e+01
1.656428066524091491e+01
1.707437846077230148e+01
1.684428453714826190e+01
1.684708055202198551e+01
1.696414352681892623e+01
1.753638079179547660e+01
1.644133232554900914e+01
1.643995661444562018e+01
1.729943105950317772e+01
1.690915355913987028e+01
1.683253483045351473e+01
1.736522960218817246e+01
1.658971141569917052e+01
1.694192365273466550e+01
1.743844349605411992e+01
1.695383570708365895e+01
1.666750132158564313e+01
1.681026572033749034e+01
1.699315956389406423e+01
1.704599641412607269e+01
1.722863740015145595e+01
1.699987318076986753e+01
1.750380917693296823e+01
1.680593187133965571e+01
1.662214990107589685e+01
1.713394264240167431e+01
1.678674364246645112e+01
1.720523108126702638e+01
1.678173293610376504e+01
1.702257935663765309e+01
1.716884615989605223e+01
1.675724323217147216e+01
1.634665882523792746e+01
1.686670548347845866e+01
1.680245275801682325e+01
1.694966424020549667e+01
1.715449373327254179e+01
1.721486036019771504e+01
1.715846282481278706e+01
1.722506976270792123e+01
1.697465545421519195e+01
1.709986706733778661e+01
1.666927301850751775e+01
1.709924366123529893e+01
1.709033107490017755e+01
1.679717956867472139e+01
1.730634403154683199e+01
1.725212370623962954e+01
1.742354939148637527e+01
1.675404963315117612e+01
1.670145557885682308e+01
1.704266396639466663e+01
1.686635195660180031e+01
1.738710439224455939e+01
1.741923102734669726e+01
1.681941517934645347e+01
1.698624617096033518e+01
1.706534909639015041e+01
1.705594481755503367e+01
1.733131879750619220e+01
1.663008951736355101e+01
1.688895388114705653e+01
1.689057292294032919e+01
1.663048757038853154e+01
1.724490906790577327e+01
1.724673829885935916e+01
1.661096392897042406e+01
1.732206182004894401e+01
1.680453231775776146e+01
1.708540802203472708e+01
1.699795053324355365e+01
1.683236995931721935e+01
1.687938911113221252e+01
1.649575652421602712e+01
1.756614026522948890e+01
1.681405884786691729e+01
1.691951327880627076e+01
1.659643246877827849e+01
1.663752136393941683e+01
1.711471648394601885e+01
1.638774788349586586e+01
1.715611678462092016e+01
1.652125331204778647e+01
1.689833391786273964e+01
1.712668315205672087e+01
1.688241678575059979e+01
1.666527115732284514e+01
1.716599755663794369e+01
1.744400403908673525e+01
1.722598205244223024e+01
1.704666219536321492e+01
1.693002557348912873e+01
1.744371671718310424e+01
1.716380323923569406e+01
1.730919765402960309e+01
1.729703673101738914e+01
1.687443036590465084e+01
1.714065395850258611e+01
1.717210352023005626e+01
1.697459920945698997e+01
1.697555792771490601e+01
1.676918887237147260e+01
1.696711154345927852e+01
1.675695699171244257e+01
1.705014898981502469e+01
1.724205653819642237e+01
1.688422833457499195e+01
1.665796499700582700e+01
1.711153096855901268e+01
1.705995438957506849e+01
1.719653410761568679e+01
1.672933333354258778e+01
1.694507132464380206e+01
1.680031977228107465e+01
1.715664967344767788e+01
1.735467420286070350e+01
1.692642591933110552e+01
1.678810746071173554e+01
1.737224684423719268e+01
1.704169191268231742e+01
1.694450483761188408e+01
1.678591348718646614e+01
1.685589950114443170e+01
1.685174108945856375e+01
1.739612531961152797e+01
1.718891174808257816e+01
1.700283183510456197e+01
1.722568458600579788e+01
1.700190940141999718e+01
1.688277731049431907e+01
1.720455789416305237e+01
1.646135443960691092e+01
1.699578517225587149e+01
1.644990861188877318e+01
1.664234764439606451e+01
1.713960067157692890e+01
1.670535467832986498e+01
1.683077822217029862e+01
1.676833737979179517e+01
1.672343467418550844e+01
1.697600723037670534e+01
1.697637970024629439e+01
1.671139710243818044e+01
1.619307892404841454e+01
1.709978868422844656e+01
1.705210713042874104e+01
1.669128987298568489e+01
1.720008195107417848e+01
1.627381646254344716e+01
1.679883951473580339e+01
1.699209345943166838e+01
1.738022294148874636e+01
1.697790391770097784e+01
1.671763430811917317e+01
1.702266957446775919e+01
1.675525253972129391e+01
1.750016157844724063e+01
1.702280163707891347e+01
1.696565920036439579e+01
1.750349497836245050e+01
1.691448037615857203e+01
1.677194631958897375e+01
1.676350138481515373e+01
1.705909304056407194e+01
1.664956073379991253e+01
1.678413329522921060e+01
1.705267505658716587e+01
1.760848810105970941e+01
1.678017952032715243e+01
1.695290575562656343e+01
1.716844789657647752e+01
1.683774181328720942e+01
1.696402830965437758e+01
1.726377750059294414e+01
1.690437164192222497e+01
1.733028123917093311e+01
1.752380118724068936e+01
1.730748001706591310e+01
1.717852354836092132e+01
1.689299576489097632e+01
1.679944986414325925e+01
1.680639642963549463e+01
1.698887190079540943e+01
1.759428139994912854e+01
1.683266483485473941e+01
1.743900138739570238e+01
1.674338518324481129e+01
1.667410650849624076e+01
1.685741241552426217e+01
1.690984640309564213e+01
1.745612408614377031e+01
1.653640786247305883e+01
1.649762234220434820e+01
1.671717034812111180e+01
1.753390059040462035e+01
1.721768447970629978e+01
1.663576766056408474e+01
1.728265543907595614e+01
1.678663634815243100e+01
1.716657207386341355e+01
1.753550314484066774e+01
1.718863019693352712e+01
1.694734546406526476e+01
1.694157144231906997e+01
1.729102774638591455e+01
1.699987218134975819e+01
1.712674435153775221e+01
1.721124652804241251e+01
1.715057201712993162e+01
1.669381974283791337e+01
1.667402326465941087e+01
1.711404272128499215e+01
1.691414843538813528e+01
1.650728901944686910e+01
1.700130220201903342e+01
1.690073279846971133e+01
1.745418724176396452e+01
1.693851797463581832e+01
1.749205749655463649e+01
1.673264093478701398e+01
1.729997310095171059e+01
1.694418897831738491e+01
1.698692962650702398e+01
1.682444925721195261e+01
1.731911907825866237e+01
1.679052433659771992e+01
1.664969941977619428e+01
1.675368839436267621e+01
1.700101038430746669e+01
1.698526983743596119e+01
1.662395483278347896e+01
1.734269603482066202e+01
1.709874416228662497e+01
1.672960850722433079e+01
1.682016203668259280e+01
1.740270274204664958e+01
1.700394444361079849e+01
1.667296514285673581e+01
1.711584699228812312e+01
1.696814172232351225e+01
1.706843544312673089e+01
1.712422630339601426e+01
1.723588434992087670e+01
1.664037771264288068e+01
1.692372867004444714e+01
1.714784563701465103e+01
1.644369338136212377e+01
1.692707501063274478e+01
1.710509763865115573e+01
1.723472499213859166e+01
1.685170519405289369e+01
1.740156333076149764e+01
1.673184772814234123e+01
1.720100194041004826e+01
1.727222837311165193e+01
1.695061131030436385e+01
1.689116029734173097e+01
1.726761798514760571e+01
1.704329378302376341e+01
1.713506919804454753e+01
1.665573427079418067e+01
1.684127809339632620e+01
1.717722664172303837e+01
1.694609004927563234e+01
1.709555142044931841e+01
1.682753530683356047e+01
1.691796054279508965e+01
1.691345456987498252e+01
1.685744511111720456e+01
1.682089473228216647e+01
1.700496941363856251e+01
1.693744514979304228e+01
1.700307412913590355e+01
1.732793276143814509e+01
1.684042296097815594e+01
1.699204663622613154e+01
1.705680680921111758e+01
1.681036822859923774e+01
1.690574934606326352e+01
1.681667606560408501e+01
1.699502046985466208e+01
1.714979135629780416e+01
1.657883303867836133e+01
1.700104809866793332e+01
1.725437547606379951e+01
1.713652570816914533e+01
1.642089962632771716e+01
1.694002791200538027e+01
1.650425548418345301e+01
1.716358049840382094e+01
1.693577463535552496e+01
1.690873910973236960e+01
1.744752837638984033e+01
1.743587600582940311e+01
1.713295591765804105e+01
1.712547203816223984e+01
1.677009961224024082e+01
1.716004815316480148e+01
1.662703839240786863e+01
1.700733388484011854e+01
1.701826403487392980e+01
1.678875572221533119e+01
1.650829652991661334e+01
1.691112624091196182e+01
1.732775682488963298e+01
1.671257775925185740e+01
1.699032567263030202e+01
1.690843447299296187e+01
1.700150976611122644e+01
1.688425138605697029e+01
1.701628254913837424e+01
1.688459766753695845e+01
1.713830727565995815e+01
1.685326261637256096e+01
1.666549320526440070e+01
1.718291354348504996e+01
1.762663801683677534e+01
1.695198134393050537e+01
1.698134266143665627e+01
1.698504774588250399e+01
1.660067276747953002e+01
1.736991939020469999e+01
1.698541122673876558e+01
1.683796815404279812e+01
1.667960597185731686e+01
1.713416915214568093e+01
1.718212386842440154e+01
1.715615475954041713e+01
1.695241597601629380e+01
1.723901237476404447e+01
1.718820705149177996e+01
1.662643035960288529e+01
1.716261507067504510e+01
1.749745694246032812e+01
1.708750198057836300e+01
1.705213891442601692e+01
1.682881925276169710e+01
1.654721841902674129e+01
1.669743799184689692e+01
1.662975463142579713e+01
1.724886467811669633e+01
1.668842130286738623e+01
1.725359240798995941e+01
1.673524002476926498e+01
1.669611587903803951e+01
1.717377772377727041e+01
1.672792314976765127e+01
1.668215560925926511e+01
1.684038857213296936e+01
1.708678861893781331e+01
1.699152499467216515e+01
1.658653304526860950e+01
1.711589134217667407e+01
1.684308606212544035e+01
1.789188112790152019e+01
1.715484107231928590e+01
1.637006654000239791e+01
1.713310195312111262e+01
1.704280818097333849e+01
1.727869758670667011e+01
1.681216139976768531e+01
1.660296458331822933e+01
