1.912291051487518700e+01
1.940855715042440011e+01
1.878975998152021631e+01
1.934425337478320728e+01
1.901901702844012476e+01
1.972372948773050538e+01
1.882370822583049019e+01
1.888821190942288197e+01
1.913242890733565815e+01
1.894904561264523579e+01
1.872617566797979194e+01
1.913288846419809630e+01
1.884903291802578806e+01
1.919363201768113925e+01
1.927865369083506408e+01
1.959783032003140235e+01
1.904608245837935954e+01
1.918612864391777961e+01
1.874659350178055561e+01
1.890111223461220646e+01
1.899682519731645058e+01
1.937996076896648034e+01
1.951003105891529543e+01
1.922239293160800599e+01
1.908314195617423792e+01
1.885927252935080034e+01
1.950572541204056165e+01
1.929875216176669284e+01
1.936795053762147489e+01
1.981882002881611626e+01
1.874904598573164805e+01
1.983285187888555967e+01
1.943538981160420320e+01
1.954212663125714755e+01
1.922313818408764874e+01
1.905823011662544531e+01
1.927553436946361032e+01
1.905402923087096667e+01
1.931785106156913656e+01
1.938494285474827450e+01
1.922462419852281457e+01
1.901167712235833562e+01
1.966475648068886173e+01
1.906142583675825364e+01
1.913480290785713933e+01
1.951026974674397252e+01
1.900224174544374023e+01
1.964922274442304939e+01
1.950738453038149345e+01
1.923239251920985282e+01
1.935319445313144371e+01
1.954094798322500282e+01
1.868158491857987968e+01
1.927274411349565142e+01
1.954585817144078064e+01
1.899938693609362517e+01
1.910930899624702661e+01
1.962036795440036485e+01
1.920348201124609488e+01
1.902535682748306201e+01
1.937021195774724802e+01
1.879367257854525874e+01
1.887535699597301431e+01
1.913678761995140931e+01
1.963388972975826263e+01
1.952769813390042231e+01
1.906691577157258521e+01
1.849054439653686899e+01
1.908143156900767679e+01
1.940774315792669569e+01
1.915621670804753407e+01
1.917610464069620591e+01
1.915373873922220938e+01
1.915732399367572469e+01
1.917068679942769549e+01
1.931061535055951239e+01
1.897317761387524371e+01
1.930997738143926412e+01
1.897020963998629028e+01
1.899436019165323231e+01
1.916628920920168255e+01
1.898254083450621721e+01
1.906286904127586368e+01
1.922730146296321152e+01
1.931805918067045624e+01
1.864514751548685467e+01
1.966125769107775767e+01
1.955177391872648585e+01
1.873920618990940667e+01
1.906451063783387312e+01
1.942269491691574146e+01
1.886592617898501345e+01
1.880714622498114608e+01
1.851099309982018681e+01
1.937255667945273530e+01
1.909830151631838646e+01
1.945470016001712565e+01
1.917182559315104484e+01
1.929654149959713294e+01
1.866154853576823314e+01
1.943371057681849123e+01
1.958686746119019162e+01
1.905754547596568216e+01
1.900801946578355128e+01
1.920361804736094413e+01
1.935526976984177949e+01
1.906124733308011443e+01
1.913374424716810296e+01
1.905206138069204869e+01
1.897345995195284374e+01
1.924939024962134937e+01
1.901194530742065325e+01
1.884094914110318086e+01
1.909803137236741577e+01
1.894061662629991361e+01
1.956557900317546839e+01
1.902930332605608754e+01
1.940972581611154624e+01
1.902036652101762826e+01
1.907035223275665103e+01
1.895458881903238435e+01
1.899702725507687262e+01
1.929467493805623945e+01
1.951462752749812779e+01
1.923257874504421139e+01
1.873771359207425746e+01
1.874206150634667978e+01
1.878873338070092203e+01
1.922031944566531081e+01
1.957031966987367610e+01
1.904249025054818034e+01
1.916481057639056118e+01
1.980827121261879853e+01
1.941807034704542545e+01
1.919230600124996045e+01
1.913287903352463104e+01
1.933409125192179800e+01
1.906580002424594156e+01
1.914431752366997230e+01
1.887775487975258670e+01
1.904642748528256746e+01
1.924419268029799923e+01
1.934831620421756426e+01
1.898422941540902897e+01
1.901987371262987736e+01
1.919024503004412452e+01
1.905470847710892102e+01
1.874440003989918679e+01
1.935584868434293782e+01
1.904382965499808833e+01
1.898956366011052665e+01
1.936044010978670116e+01
1.929932523041723158e+01
1.936236260235156692e+01
1.932916619696134219e+01
1.968512305205577206e+01
1.928139142216897284e+01
1.900223097597857702e+01
1.926904234791608062e+01
1.937310357569399955e+01
1.937041002835904635e+01
1.914144116759519321e+01
1.927266406583287761e+01
1.931776381755511096e+01
1.889348074211500972e+01
1.899740894292761340e+01
1.925462169393399137e+01
1.938410561094846685e+01
1.962048421614855087e+01
1.900595197812976522e+01
1.864309375836135274e+01
1.903096205980252975e+01
1.936102864023296632e+01
1.916838595554813551e+01
1.974546793577847481e+01
1.946138975720680619e+01
1.905640584553286487e+01
1.933488174885442490e+01
1.934383422902838490e+01
1.946802188945117607e+01
1.922134418691695856e+01
1.910113767108736127e+01
1.920352748420395272e+01
1.897650827250879857e+01
1.914490247426094527e+01
1.910789264141363120e+01
1.906980685791932473e+01
1.951618780516609419e+01
1.899014558307438350e+01
1.915944816065491807e+01
1.911953814839915822e+01
1.961681436432415992e+01
1.879525088873228711e+01
1.980836681403586397e+01
1.926224774178016830e+01
1.891868009195520273e+01
1.904577985797029882e+01
1.889317128708695392e+01
1.944119920536744672e+01
1.927915685801361434e+01
1.944048475197541848e+01
1.888971683266717960e+01
1.888982867252537901e+01
1.987497415466563311e+01
1.905186860751554079e+01
1.927840619771644981e+01
1.946018032238533024e+01
1.932885639336189243e+01
1.930714743466996808e+01
1.970848326680137674e+01
1.915583651765905415e+01
1.917815343250187254e+01
1.897313593125561582e+01
1.943486863325004066e+01
1.911212528589393855e+01
1.899055254190215436e+01
1.889009631220325858e+01
1.870046336724090708e+01
1.883867618839085978e+01
1.896609952337919580e+01
1.888740500497766917e+01
1.904479960417750561e+01
1.869999961786319176e+01
1.873289267682395831e+01
1.899362699703200974e+01
1.901114960248764163e+01
1.926125645596399849e+01
1.903699446985917731e+01
1.927379617119271060e+01
1.911791536651905332e+01
1.914294345196960734e+01
1.924239556442592658e+01
1.942370988572121959e+01
1.933597045657188573e+01
1.903180227093157484e+01
1.880334414844283941e+01
1.957736555829747616e+01
1.905685205145660177e+01
1.895048425727138408e+01
1.954561523802178868e+01
1.890674494816725826e+01
1.874474149409211776e+01
1.943259801483816318e+01
1.903656962876472392e+01
1.929896348904747683e+01
1.937868372483918833e+01
1.950158132612278905e+01
1.932454653084189644e+01
1.916285924509253391e+01
1.881727762755001976e+01
1.930814081832763662e+01
1.928687946995171032e+01
1.969858702229113945e+01
1.914185166470545241e+01
1.884155774757058666e+01
1.923047476303909065e+01
1.904745019399989658e+01
1.863839034844853515e+01
1.857147799540259570e+01
1.930430629071320325e+01
1.927428366341564470e+01
1.907580967516464909e+01
1.918474160415579988e+01
1.916512617844725597e+01
1.911953563286910907e+01
1.863737799020988462e+01
1.918509902136094070e+01
1.968646853284595366e+01
1.981416600861552268e+01
1.872551736392118471e+01
1.938966143582214841e+01
1.890417763743574397e+01
1.912555249932059098e+01
1.919345926789013745e+01
1.895064960553733613e+01
1.934768972455676916e+01
1.919553545094393598e+01
1.937257168593887258e+01
1.935408152803761439e+01
1.891334967312631221e+01
1.887558586109369330e+01
1.923148904843651152e+01
1.905335410550867792e+01
1.894126414356118815e+01
1.915904084109751082e+01
1.934124775113267347e+01
1.948817946130687773e+01
1.913640952521265248e+01
1.894664832816340194e+01
1.921353948522208199e+01
1.919700408669235614e+01
1.926712776350061773e+01
1.945598487472822669e+01
1.910609512708095536e+01
1.901176164446413352e+01
1.906136992798229812e+01
1.913869027413669244e+01
1.927546206762237446e+01
1.898745697490215534e+01
1.940050278157047003e+01
1.891612776794378092e+01
1.896197340662674335e+01
1.889308923732785317e+01
1.903109662032469984e+01
1.889973281402640737e+01
1.925089719684411094e+01
1.910321001279971043e+01
1.941818272545269508e+01
1.934105206076062444e+01
1.885160165444976244e+01
1.935219712670597758e+01
1.908686599895290925e+01
1.881665634913363405e+01
1.866443267682943841e+01
1.890372544471216187e+01
1.924695472683156439e+01
1.943736658090537972e+01
1.870374034368543548e+01
1.924983933308455519e+01
1.894533392355112156e+01
1.883288844683792007e+01
1.873955720931312285e+01
1.888691641107913810e+01
1.964726662427321102e+01
1.933735562891008897e+01
1.972000307390839424e+01
1.947733946150439266e+01
1.929148960602962504e+01
1.919147856335463231e+01
1.944667374549352346e+01
1.845747428760013520e+01
1.895147106701356776e+01
1.931388061091189101e+01
1.910760920634639604e+01
1.903542639947421478e+01
1.890004062352950243e+01
1.901672025337968819e+01
1.861846298345556150e+01
1.921125237725312473e+01
1.841966734529381000e+01
1.919904202733773602e+01
1.915278322600329375e+01
1.875668995910641002e+01
1.872090459153178088e+01
1.914561067827559881e+01
1.944720822103723989e+01
1.910119912547589749e+01
1.911463369726880046e+01
1.948520144829062417e+01
1.910690076888653977e+01
1.894964961861859010e+01
1.904421619299498758e+01
1.911734599005749047e+01
1.864060747680880681e+01
1.903914444386445126e+01
1.891265648121355269e+01
1.904651110356390831e+01
1.897692272940297542e+01
1.917217222921047792e+01
1.911500040046853854e+01
1.946749251039000583e+01
1.966925869973046659e+01
1.924103191588828210e+01
1.930263388648717893e+01
1.895814799001808737e+01
1.905319552137891392e+01
1.930712522946894438e+01
1.956907872178846475e+01
1.916862448143558240e+01
1.902347465692899320e+01
1.954844189609237404e+01
1.945258937972974422e+01
1.920555424298529701e+01
1.904008157179407590e+01
1.927579107600285724e+01
1.927023833349531401e+01
1.908742690295983380e+01
1.921870791330155015e+01
1.945478208730516911e+01
1.885613257642032892e+01
1.915783654430894600e+01
1.874697202234602500e+01
1.917085488544325145e+01
1.926044110187118008e+01
1.930129734023487487e+01
1.899396582430866331e+01
1.916813709574179470e+01
1.910998086169673371e+01
1.895880144433469994e+01
1.941133733249802518e+01
1.910546510339633031e+01
1.925269974008381624e+01
1.911322360634335737e+01
1.911688237833964976e+01
1.912299764664038193e+01
1.926379106487089743e+01
1.919808882746913525e+01
1.964863175288538599e+01
1.890133885683469472e+01
1.901490516213942783e+01
1.934202945937595075e+01
1.906976417134837476e+01
1.933736473075378726e+01
1.933463856493027322e+01
1.916277567909973811e+01
1.913530345362552154e+01
1.944863131730151196e+01
1.902592021983535631e+01
1.911477921223758969e+01
1.927966978301980205e+01
1.837569102948341637e+01
1.898084782486692745e+01
1.914523485911611900e+01
1.875502019461329084e+01
1.896082629931391494e+01
1.917496742069254267e+01
1.897549296745270198e+01
1.872248063983942856e+01
1.933026921248041674e+01
1.914325621229430752e+01
1.895136695586633380e+01
1.906705617371155981e+01
1.896873085714287299e+01
1.936953291616885053e+01
1.917196719974996455e+01
1.914131417518496647e+01
1.910921654349463950e+01
1.917982197110681852e+01
1.924215115865408876e+01
1.886590532602372150e+01
1.892379659262931213e+01
1.929235558890374946e+01
1.886314718878648122e+01
1.922171750414781854e+01
1.867036714673943365e+01
1.958284022402115454e+01
1.902971124463129371e+01
1.940551914523276622e+01
1.905856239535820151e+01
1.931368494692394933e+01
1.890801227917700089e+01
1.893116485016591710e+01
1.925412018718091645e+01
1.919088787670618146e+01
1.909740717924345432e+01
1.916098118240726222e+01
1.922501512846416460e+01
1.898992400616639031e+01
1.855196455744274431e+01
1.907518774710415244e+01
1.904973193044443036e+01
1.869182576676877972e+01
1.910187972123171463e+01
1.912399572254298974e+01
1.912296778718379642e+01
1.916883332613683422e+01
1.873597078599735966e+01
1.936866744505219629e+01
1.874121560228085315e+01
1.904574731560471434e+01
1.934299814533533279e+01
1.897294830392045739e+01
1.902350695254040502e+01
1.833703515616896240e+01
1.874064521003876038e+01
1.887786554553018803e+01
1.881423415274896982e+01
1.952096590347589711e+01
1.935400877255953134e+01
1.953855450681682271e+01
1.945054807421590581e+01
1.917322236434074156e+01
1.870902632626355455e+01
1.928748234736918121e+01
1.890971109718853427e+01
1.877381601990083837e+01
1.917895836869566395e+01
1.871495898699003746e+01
1.922491954233848688e+01
1.891529262214026730e+01
1.939166423786668858e+01
1.907096500830827424e+01
1.893455025401191349e+01
1.912378785099986800e+01
1.860831252475501429e+01
1.956774489234603820e+01
1.890260982606435292e+01
1.921393327457459321e+01
1.946599010330438873e+01
1.939160347114748006e+01
1.922143075677040258e+01
1.927221268915558028e+01
1.885191317000841948e+01
1.925677442397435968e+01
1.887952275128008850e+01
1.899051807625596666e+01
1.912427551040049423e+01
1.884106125583551972e+01
1.917461138021290878e+01
1.908972593509395921e+01
1.901463410617188288e+01
1.875872615138024813e+01
1.929227911755484115e+01
1.878601144285804025e+01
1.911525980498452881e+01
1.896913594327822850e+01
1.864272992978395393e+01
1.857216932683240529e+01
1.917709557121395392e+01
1.883445765460719912e+01
1.907435663004723025e+01
1.922431217589342722e+01
1.950039651336809854e+01
1.938361187127306096e+01
1.958108813155570971e+01
1.940758855465694310e+01
1.932775662408820949e+01
1.924322369409836497e+01
1.861719139739714279e+01
1.929978775375792566e+01
1.916245355911954107e+01
1.908164335012643420e+01
1.897711219381665870e+01
1.897819140685157180e+01
1.921725381049777326e+01
1.932329380703914978e+01
1.943709156512466407e+01
1.920177510625194373e+01
1.910042120204312965e+01
1.853954140693806707e+01
1.907685397206599731e+01
1.873640459467768338e+01
1.956566259999492630e+01
1.918706870394476738e+01
1.875268719455447197e+01
1.936360863920703679e+01
1.901451431966289007e+01
1.904986044840009285e+01
1.918654540927211372e+01
1.895664094780879338e+01
1.917672948677602207e+01
1.910353902945228199e+01
1.898481011609769453e+01
1.918690380298006559e+01
1.926488388226197657e+01
1.936021509832425380e+01
1.890285913202060541e+01
1.874792026429916802e+01
1.893310124695751995e+01
1.914233262914371281e+01
1.883464836555464217e+01
1.917414102442006296e+01
1.944536715587232223e+01
1.880209680015777707e+01
1.891270751317242116e+01
1.918792480029611980e+01
1.913004614565156203e+01
1.918907988005259568e+01
1.930892219050574710e+01
1.928664330529765891e+01
1.932703150709829742e+01
1.976036793855802642e+01
1.888119828786952681e+01
1.920148143024630016e+01
1.931000012719051639e+01
1.866102045293552436e+01
1.972622341653688949e+01
1.920929053061684755e+01
1.912887349274599913e+01
1.937861000118503085e+01
1.941770831535055564e+01
1.888113531671882583e+01
1.939779996808028528e+01
1.890228418195096793e+01
1.880986632797681679e+01
1.894986327485121436e+01
1.904797551148515211e+01
1.921216422947399138e+01
1.937470178141542831e+01
1.906337946469597355e+01
1.898992721314151666e+01
1.872246320214823712e+01
1.927691280572225807e+01
1.895511552229789487e+01
1.891608640513467066e+01
1.929807940818098189e+01
1.920671666438212810e+01
1.930401960989517107e+01
1.878064627177500867e+01
1.898734840474905283e+01
1.929694457646276717e+01
1.929533351710627898e+01
1.917410116142385590e+01
1.895123548447728368e+01
1.934978477828786936e+01
1.945273094816193904e+01
1.896386896804339628e+01
1.904763859066589760e+01
1.973654938636140344e+01
1.874169036315782577e+01
1.884249771158832942e+01
1.926930523028863718e+01
1.952712698572189254e+01
1.969572841253414808e+01
1.903473798939635131e+01
1.917474958152294562e+01
1.877254504220975306e+01
1.898860317306261081e+01
1.910734590749855499e+01
1.917087626996877603e+01
1.863140048090587442e+01
1.902392984003821397e+01
1.897737557084700555e+01
1.895293950334074395e+01
1.944259017509151732e+01
1.880168348097924280e+01
1.895586629788719790e+01
1.908624041018366313e+01
1.886717266912861746e+01
1.930051463522304545e+01
1.907685016127246058e+01
1.900979033224967552e+01
1.935053321710450547e+01
1.881642775795189593e+01
1.939500069050578546e+01
1.918402992868199419e+01
1.895573714698072720e+01
1.888826763326455804e+01
1.913625138600008313e+01
1.921785933108678535e+01
1.932697724317418775e+01
1.904098558122956675e+01
1.902416395187025699e+01
1.898966960110545443e+01
1.902317429082746969e+01
1.877912048519410249e+01
1.882618559490397558e+01
1.943665694502217178e+01
1.900859795243759010e+01
1.899475272853429786e+01
1.914600945676662747e+01
1.949192797554223588e+01
1.972001109848422118e+01
1.949601825331612659e+01
1.933310486065069256e+01
1.928633599202339965e+01
1.894004362511167372e+01
1.925720937127330501e+01
1.894041226901087782e+01
1.909465972471221917e+01
1.934979798935972539e+01
1.952688901300638236e+01
1.883487236605596493e+01
1.889486696877952099e+01
1.946659800888914660e+01
1.956895297181800686e+01
1.907041858152771141e+01
1.933663250049371385e+01
1.913863527364673089e+01
1.910701599331157396e+01
1.907534430006741033e+01
1.932737500225238136e+01
1.900602104448560326e+01
