1.695390400000000142e+01
1.683580800000000011e+01
1.694070400000000021e+01
1.689371200000000073e+01
1.742012799999999828e+01
1.726876800000000145e+01
1.702870400000000117e+01
1.703345600000000104e+01
1.705827199999999877e+01
1.721684799999999882e+01
1.700441599999999909e+01
1.721174399999999949e+01
1.700547200000000103e+01
1.686009599999999864e+01
1.701937600000000117e+01
1.696393600000000035e+01
1.695196800000000081e+01
1.698804799999999915e+01
1.726243200000000044e+01
1.727827200000000119e+01
1.714081600000000094e+01
1.697977600000000109e+01
1.719220800000000082e+01
1.739918400000000176e+01
1.729587199999999925e+01
1.742312000000000083e+01
1.710262399999999872e+01
1.696956799999999888e+01
1.702008000000000010e+01
1.663270400000000038e+01
1.724694399999999916e+01
1.744124800000000164e+01
1.690796800000000033e+01
1.702799999999999869e+01
1.710420799999999986e+01
1.707041600000000159e+01
1.702483199999999997e+01
1.683052800000000104e+01
1.738897599999999954e+01
1.721772800000000103e+01
1.700934399999999869e+01
1.704630399999999923e+01
1.722124799999999922e+01
1.736697600000000108e+01
1.725151999999999930e+01
1.736310399999999987e+01
1.708220800000000139e+01
1.706724799999999931e+01
1.690884799999999899e+01
1.674534399999999934e+01
1.680377599999999916e+01
1.704647999999999897e+01
1.696675199999999961e+01
1.758169600000000088e+01
1.707481599999999844e+01
1.742875199999999936e+01
1.683193599999999890e+01
1.687505600000000072e+01
1.696499199999999874e+01
1.696305600000000169e+01
1.744071999999999889e+01
1.721051200000000136e+01
1.713377600000000101e+01
1.720505599999999902e+01
1.701216000000000150e+01
1.708273600000000059e+01
1.724324800000000124e+01
1.678740799999999922e+01
1.699227199999999982e+01
1.690744000000000113e+01
1.724800000000000111e+01
1.740446400000000082e+01
1.719343999999999895e+01
1.726313599999999937e+01
1.744071999999999889e+01
1.691940800000000067e+01
1.703644800000000004e+01
1.710649599999999992e+01
1.709012799999999999e+01
1.718728000000000122e+01
1.682348800000000111e+01
1.707129600000000025e+01
1.718516800000000089e+01
1.684918400000000105e+01
1.692838400000000121e+01
1.727316799999999830e+01
1.715788799999999981e+01
1.700459199999999882e+01
1.718798400000000015e+01
1.704119999999999990e+01
1.709664000000000073e+01
1.703433599999999970e+01
1.712303999999999959e+01
1.687294400000000039e+01
1.699332800000000177e+01
1.705809599999999904e+01
1.693665599999999927e+01
1.702993599999999930e+01
1.690444799999999859e+01
1.693665599999999927e+01
1.693665599999999927e+01
1.699878400000000056e+01
1.667670400000000086e+01
1.724694399999999916e+01
1.728355200000000025e+01
1.708748800000000045e+01
1.708625599999999878e+01
1.743614399999999875e+01
1.677315199999999962e+01
1.694105599999999967e+01
1.720998399999999862e+01
1.731523200000000173e+01
1.735588800000000020e+01
1.757342399999999927e+01
1.721561600000000070e+01
1.714750400000000141e+01
1.716246399999999994e+01
1.694175999999999860e+01
1.709769599999999912e+01
1.730326399999999865e+01
1.717988799999999827e+01
1.722248000000000090e+01
1.731065600000000160e+01
1.729006400000000099e+01
1.750249600000000072e+01
1.683088000000000051e+01
1.746817599999999970e+01
1.697185599999999894e+01
1.717390400000000028e+01
1.720892800000000022e+01
1.738422399999999968e+01
1.677033600000000035e+01
1.699596800000000130e+01
1.718728000000000122e+01
1.734919999999999973e+01
1.694475200000000115e+01
1.748489599999999911e+01
1.696851200000000048e+01
1.711776000000000053e+01
1.704014400000000151e+01
1.715049600000000041e+01
1.749703999999999837e+01
1.672809600000000074e+01
1.707446399999999898e+01
1.721209599999999895e+01
1.696569600000000122e+01
1.729974400000000045e+01
1.723004800000000003e+01
1.711899199999999865e+01
1.713395200000000074e+01
1.713500799999999913e+01
1.709347199999999845e+01
1.694545600000000007e+01
1.738668799999999948e+01
1.721051200000000136e+01
1.717689599999999928e+01
1.717179199999999994e+01
1.700107200000000063e+01
1.731787200000000126e+01
1.739548800000000028e+01
1.716070399999999907e+01
1.710455999999999932e+01
1.722582399999999936e+01
1.703627200000000030e+01
1.704278400000000104e+01
1.688579199999999858e+01
1.711635199999999912e+01
1.681574399999999869e+01
1.710297600000000173e+01
1.724729599999999863e+01
1.736891200000000168e+01
1.705369599999999863e+01
1.715841599999999900e+01
1.706935999999999964e+01
1.702148800000000151e+01
1.752484799999999865e+01
1.732948800000000134e+01
1.694070400000000021e+01
1.692926399999999987e+01
1.712691200000000080e+01
1.723515199999999936e+01
1.733300799999999953e+01
1.713060799999999873e+01
1.715577599999999947e+01
1.714169599999999960e+01
1.713729599999999920e+01
1.728654399999999924e+01
1.755071999999999832e+01
1.705334399999999917e+01
1.661211199999999977e+01
1.714697599999999866e+01
1.694862399999999880e+01
1.744705599999999990e+01
1.723286399999999929e+01
1.714644799999999947e+01
1.746131199999999950e+01
1.724940799999999896e+01
1.700072000000000116e+01
1.701180799999999849e+01
1.731540800000000146e+01
1.727176000000000045e+01
1.740657600000000116e+01
1.709945599999999999e+01
1.756075200000000081e+01
1.712972800000000007e+01
1.688297599999999932e+01
1.688262399999999985e+01
1.690568000000000026e+01
1.715366399999999913e+01
1.699860800000000083e+01
1.737401600000000101e+01
1.716351999999999833e+01
1.687663999999999831e+01
1.704243200000000158e+01
1.728214399999999884e+01
1.663393599999999850e+01
1.719291199999999975e+01
1.721966400000000164e+01
1.736697600000000108e+01
1.690268800000000127e+01
1.703328000000000131e+01
1.705774399999999957e+01
1.773833600000000033e+01
1.714064000000000121e+01
1.699878400000000056e+01
1.709716799999999992e+01
1.715260800000000074e+01
1.728056000000000125e+01
1.732332800000000006e+01
1.749756800000000112e+01
1.706988799999999884e+01
1.697960000000000136e+01
1.685463999999999984e+01
1.700652799999999942e+01
1.690761600000000087e+01
1.676628799999999941e+01
1.723092799999999869e+01
1.703063999999999822e+01
1.710209599999999952e+01
1.733952000000000027e+01
1.717935999999999908e+01
1.679832000000000036e+01
1.720294399999999868e+01
1.690233599999999825e+01
1.758398400000000095e+01
1.728161599999999964e+01
1.687839999999999918e+01
1.718692800000000176e+01
1.720822400000000130e+01
1.684284800000000004e+01
1.686713599999999857e+01
1.682947199999999910e+01
1.726278399999999991e+01
1.744476799999999983e+01
1.737648000000000081e+01
1.708836799999999911e+01
1.704102400000000017e+01
1.716827200000000175e+01
1.747011200000000031e+01
1.705158399999999830e+01
1.692627200000000087e+01
1.706055999999999884e+01
1.675819200000000109e+01
1.718270400000000109e+01
1.718481600000000142e+01
1.731487999999999872e+01
1.731681599999999932e+01
1.691395199999999832e+01
1.713447999999999993e+01
1.726788799999999924e+01
1.696094400000000135e+01
1.730801599999999851e+01
1.698347199999999901e+01
1.753153599999999912e+01
1.721843199999999996e+01
1.730115199999999831e+01
1.714644799999999947e+01
1.733001600000000053e+01
1.679339200000000076e+01
1.714451199999999886e+01
1.726894400000000118e+01
1.692574400000000168e+01
1.719854399999999828e+01
1.722564799999999963e+01
1.708256000000000085e+01
1.709012799999999999e+01
1.691993599999999986e+01
1.704296000000000078e+01
1.745092800000000111e+01
1.709470400000000012e+01
1.686449599999999904e+01
1.706179200000000051e+01
1.701092799999999983e+01
1.669729600000000147e+01
1.710350400000000093e+01
1.710843200000000053e+01
1.734814400000000134e+01
1.721227199999999868e+01
1.724905599999999950e+01
1.681345599999999862e+01
1.763027200000000150e+01
1.704489600000000138e+01
1.729059200000000018e+01
1.716246399999999994e+01
1.736926400000000115e+01
1.718111999999999995e+01
1.725679999999999836e+01
1.714011199999999846e+01
1.706742399999999904e+01
1.703697599999999923e+01
1.724500799999999856e+01
1.742100800000000049e+01
1.731417599999999979e+01
1.684179200000000165e+01
1.713676800000000000e+01
1.716967999999999961e+01
1.721174399999999949e+01
1.728601600000000005e+01
1.734515199999999879e+01
1.714345600000000047e+01
1.700336000000000070e+01
1.734339200000000147e+01
1.730537599999999898e+01
1.735096000000000060e+01
1.718076800000000048e+01
1.689916799999999952e+01
1.714644799999999947e+01
1.717760000000000176e+01
1.663464000000000098e+01
1.688227200000000039e+01
1.707816000000000045e+01
1.707428799999999924e+01
1.727158400000000071e+01
1.722952000000000083e+01
1.700582400000000050e+01
1.723832000000000164e+01
1.672439999999999927e+01
1.692257599999999940e+01
1.732191999999999865e+01
1.695460800000000035e+01
1.697801600000000022e+01
1.698065599999999975e+01
1.732790400000000020e+01
1.729481600000000086e+01
1.708801599999999965e+01
1.689899199999999979e+01
1.696182400000000001e+01
1.702799999999999869e+01
1.736187200000000175e+01
1.686414399999999958e+01
1.701972800000000063e+01
1.720787199999999828e+01
1.712955200000000033e+01
1.693260799999999833e+01
1.704736000000000118e+01
1.702236800000000017e+01
1.725011200000000144e+01
1.707305600000000112e+01
1.714363200000000020e+01
1.731804800000000100e+01
1.712638400000000161e+01
1.737999999999999901e+01
1.724254399999999876e+01
1.699262399999999928e+01
1.699279999999999902e+01
1.731047999999999831e+01
1.675748799999999861e+01
1.730572799999999845e+01
1.751376000000000133e+01
1.692803200000000174e+01
1.746060800000000057e+01
1.725750400000000084e+01
1.712920000000000087e+01
1.726472000000000051e+01
1.724430399999999963e+01
1.690550400000000053e+01
1.684812799999999910e+01
1.727668800000000005e+01
1.706372800000000112e+01
1.677508800000000022e+01
1.689336000000000126e+01
1.713412800000000047e+01
1.674182400000000115e+01
1.693014399999999853e+01
1.720223999999999975e+01
1.693014399999999853e+01
1.696886399999999995e+01
1.740728000000000009e+01
1.723972799999999950e+01
1.737929600000000008e+01
1.683792000000000044e+01
1.688367999999999824e+01
1.714662399999999920e+01
1.706883200000000045e+01
1.742892799999999909e+01
1.706231999999999971e+01
1.730907200000000046e+01
1.724307200000000151e+01
1.701955200000000090e+01
1.708748800000000045e+01
1.689177600000000012e+01
1.723902400000000057e+01
1.687523200000000045e+01
1.724025599999999869e+01
1.707639999999999958e+01
1.710983999999999838e+01
1.704401599999999917e+01
1.720769599999999855e+01
1.735025600000000168e+01
1.722441600000000150e+01
1.711441599999999852e+01
1.713430400000000020e+01
1.737137600000000148e+01
1.711142399999999952e+01
1.752273599999999831e+01
1.697942400000000163e+01
1.684091199999999944e+01
1.688192000000000093e+01
1.696094400000000135e+01
1.677984000000000009e+01
1.658817600000000070e+01
1.709523199999999932e+01
1.732895999999999859e+01
1.692239999999999966e+01
1.721033600000000163e+01
1.688772799999999918e+01
1.702166400000000124e+01
1.736873599999999840e+01
1.729252800000000079e+01
1.681081599999999909e+01
1.735254400000000174e+01
1.721719999999999828e+01
1.713447999999999993e+01
1.683844799999999964e+01
1.720047999999999888e+01
1.702025599999999983e+01
1.675590400000000102e+01
1.691166399999999825e+01
1.712567999999999913e+01
1.699755199999999888e+01
1.717284799999999834e+01
1.705457600000000085e+01
1.726137599999999850e+01
1.730115199999999831e+01
1.704665599999999870e+01
1.714979200000000148e+01
1.703820800000000091e+01
1.742980800000000130e+01
1.687998400000000032e+01
1.713007999999999953e+01
1.711248000000000147e+01
1.715753600000000034e+01
1.754139199999999832e+01
1.684619199999999850e+01
1.708009600000000106e+01
1.715067200000000014e+01
1.704454399999999836e+01
1.706566400000000172e+01
1.720540799999999848e+01
1.710209599999999952e+01
1.698575999999999908e+01
1.692363200000000134e+01
1.691571199999999919e+01
1.700177599999999956e+01
1.724447999999999936e+01
1.739636799999999894e+01
1.722987200000000030e+01
1.716017599999999987e+01
1.713131200000000121e+01
1.730273599999999945e+01
1.694739200000000068e+01
1.718921599999999827e+01
1.703398400000000024e+01
1.744318399999999869e+01
1.699297599999999875e+01
1.696798400000000129e+01
1.687716800000000106e+01
1.749193599999999904e+01
1.691940800000000067e+01
1.699455999999999989e+01
1.717249599999999887e+01
1.731681599999999932e+01
1.702448000000000050e+01
1.752467199999999892e+01
1.699033599999999922e+01
1.699403200000000069e+01
1.699174400000000063e+01
1.707147199999999998e+01
1.722688000000000130e+01
1.677016000000000062e+01
1.702535999999999916e+01
1.697995200000000082e+01
1.688843200000000166e+01
1.755071999999999832e+01
1.722248000000000090e+01
1.722688000000000130e+01
1.702236800000000017e+01
1.738985600000000176e+01
1.703028799999999876e+01
1.729006400000000099e+01
1.675572800000000129e+01
1.728196799999999911e+01
1.736468800000000101e+01
1.690673599999999865e+01
1.693384000000000000e+01
1.737120000000000175e+01
1.735447999999999880e+01
1.720558400000000177e+01
1.721420799999999929e+01
1.762763199999999841e+01
1.750760000000000005e+01
1.707288000000000139e+01
1.676857599999999948e+01
1.734955199999999920e+01
1.708871999999999858e+01
1.760915200000000169e+01
1.688614400000000160e+01
1.719660800000000123e+01
1.732491200000000120e+01
1.687980800000000059e+01
1.711512000000000100e+01
1.726208000000000098e+01
1.730432000000000059e+01
1.675766399999999834e+01
1.729217600000000132e+01
1.688667200000000079e+01
1.703063999999999822e+01
1.691659200000000141e+01
1.733723200000000020e+01
1.737788799999999867e+01
1.682859200000000044e+01
1.687312000000000012e+01
1.693911999999999907e+01
1.708414399999999844e+01
1.722899200000000164e+01
1.715190399999999826e+01
1.747451200000000071e+01
1.718974400000000102e+01
1.738422399999999968e+01
1.704683199999999843e+01
1.716475200000000001e+01
1.702201600000000070e+01
1.673760000000000048e+01
1.703187199999999990e+01
1.705686400000000091e+01
1.730696000000000012e+01
1.699156800000000089e+01
1.705158399999999830e+01
1.713166400000000067e+01
1.703169600000000017e+01
1.699015999999999948e+01
1.723075199999999896e+01
1.695267199999999974e+01
1.683563200000000037e+01
1.686836800000000025e+01
1.694897599999999827e+01
1.751622400000000113e+01
1.713852800000000087e+01
1.679990400000000150e+01
1.704067200000000071e+01
1.745832000000000050e+01
1.708361599999999925e+01
1.678036799999999928e+01
1.676875199999999921e+01
1.709575999999999851e+01
1.693366400000000027e+01
1.688632000000000133e+01
1.703838400000000064e+01
1.707252799999999837e+01
1.719079999999999941e+01
1.690110400000000013e+01
1.705651200000000145e+01
1.700494399999999828e+01
1.730062399999999911e+01
1.716140800000000155e+01
1.672175999999999974e+01
1.732596799999999959e+01
1.697537600000000069e+01
1.686660799999999938e+01
1.718692800000000176e+01
1.710526399999999825e+01
1.691272000000000020e+01
1.697379199999999955e+01
1.712110399999999899e+01
1.682894399999999990e+01
1.734832000000000107e+01
1.719044799999999995e+01
1.694299200000000027e+01
1.704560000000000031e+01
1.725363199999999964e+01
1.708696000000000126e+01
1.712374399999999852e+01
1.721860799999999969e+01
1.715806399999999954e+01
1.726823999999999870e+01
1.718569600000000008e+01
1.702799999999999869e+01
1.741924799999999962e+01
1.703187199999999990e+01
1.725944000000000145e+01
1.697414399999999901e+01
1.720329600000000170e+01
1.691940800000000067e+01
1.708009600000000106e+01
1.744969599999999943e+01
1.712216000000000093e+01
1.699033599999999922e+01
1.676294400000000095e+01
1.729692800000000119e+01
1.681257599999999996e+01
1.726577599999999890e+01
1.723849600000000137e+01
1.729182399999999831e+01
1.747451200000000071e+01
1.710473599999999905e+01
1.718059200000000075e+01
1.689494399999999885e+01
1.748507199999999884e+01
1.780204799999999921e+01
1.708731200000000072e+01
1.714803200000000061e+01
1.726225600000000071e+01
1.723920000000000030e+01
1.713236799999999960e+01
1.724993600000000171e+01
1.705756799999999984e+01
1.745075200000000137e+01
1.685763199999999884e+01
1.700336000000000070e+01
1.708379199999999898e+01
1.738299200000000155e+01
1.736873599999999840e+01
1.707023999999999830e+01
1.748295999999999850e+01
1.714099200000000067e+01
1.708731200000000072e+01
1.722230400000000117e+01
1.718270400000000109e+01
1.718622399999999928e+01
1.725169599999999903e+01
1.688526399999999938e+01
1.764259200000000050e+01
1.692152000000000100e+01
1.674323199999999900e+01
1.715894400000000175e+01
1.707252799999999837e+01
1.694228800000000135e+01
1.702448000000000050e+01
1.699684799999999996e+01
1.712409600000000154e+01
1.733723200000000020e+01
1.711776000000000053e+01
1.727334400000000159e+01
1.732631999999999906e+01
1.704665599999999870e+01
1.701550399999999996e+01
1.693911999999999907e+01
1.745972799999999836e+01
1.726718400000000031e+01
1.674851200000000162e+01
1.709822399999999831e+01
1.715260800000000074e+01
1.750707200000000086e+01
1.718587199999999982e+01
1.718323200000000028e+01
1.694844799999999907e+01
1.686238399999999871e+01
1.721649599999999936e+01
1.677913600000000116e+01
1.728742400000000146e+01
1.732984000000000080e+01
1.695038399999999967e+01
1.714310400000000101e+01
1.734075199999999839e+01
1.719731200000000015e+01
1.688279999999999959e+01
1.700371200000000016e+01
1.726788799999999924e+01
1.732103999999999999e+01
1.693155199999999994e+01
1.747433600000000098e+01
1.726049599999999984e+01
1.718728000000000122e+01
1.698664000000000129e+01
1.731470399999999898e+01
1.670398399999999839e+01
1.692697599999999980e+01
1.733353599999999872e+01
1.702606400000000164e+01
1.690796800000000033e+01
1.694580799999999954e+01
1.700142400000000009e+01
1.741414400000000029e+01
1.702923200000000037e+01
1.685798399999999830e+01
1.702060799999999929e+01
1.730168000000000106e+01
1.705651200000000145e+01
1.673249600000000115e+01
1.739619199999999921e+01
1.713923199999999980e+01
1.722406399999999849e+01
1.686520000000000152e+01
1.696780800000000156e+01
1.708449600000000146e+01
1.726683200000000085e+01
1.709681600000000046e+01
1.708467200000000119e+01
1.715155199999999880e+01
1.713588800000000134e+01
1.738088000000000122e+01
1.720681599999999989e+01
1.692416000000000054e+01
1.718499200000000116e+01
1.733864000000000161e+01
1.698118399999999895e+01
1.752449599999999919e+01
1.702712000000000003e+01
1.719783999999999935e+01
1.721561600000000070e+01
1.710279999999999845e+01
1.715296000000000021e+01
1.705791999999999931e+01
1.718728000000000122e+01
1.692750399999999900e+01
1.705668800000000118e+01
1.730678400000000039e+01
1.689423999999999992e+01
1.704788800000000037e+01
1.697889599999999888e+01
1.721649599999999936e+01
1.727475199999999944e+01
1.724360000000000070e+01
1.687118399999999951e+01
1.715771200000000007e+01
1.702624000000000137e+01
1.708520000000000039e+01
1.693401599999999974e+01
1.722529600000000016e+01
1.701286400000000043e+01
1.702448000000000050e+01
1.682243199999999916e+01
1.713940799999999953e+01
1.721121600000000029e+01
1.691395199999999832e+01
1.725979200000000091e+01
1.707780800000000099e+01
1.706566400000000172e+01
1.707587200000000038e+01
1.706672000000000011e+01
1.709558399999999878e+01
1.711283200000000093e+01
1.689036799999999872e+01
1.718692800000000176e+01
1.701638399999999862e+01
1.689582400000000106e+01
1.760140799999999928e+01
1.699702399999999969e+01
1.709540799999999905e+01
1.726489600000000024e+01
1.725609599999999944e+01
1.743896000000000157e+01
1.666614399999999918e+01
1.754139199999999832e+01
1.706003199999999964e+01
1.710051199999999838e+01
1.726313599999999937e+01
1.712180800000000147e+01
1.684425600000000145e+01
1.709347199999999845e+01
1.704788800000000037e+01
1.714961600000000175e+01
1.734568000000000154e+01
1.737348799999999827e+01
1.699931199999999976e+01
1.687523200000000045e+01
1.740111999999999881e+01
1.676505600000000129e+01
1.706319999999999837e+01
1.719062399999999968e+01
1.726419200000000131e+01
1.698558399999999935e+01
1.726049599999999984e+01
1.712127999999999872e+01
1.702395200000000131e+01
1.695812799999999854e+01
1.740763199999999955e+01
1.701180799999999849e+01
1.678652800000000056e+01
1.769345600000000118e+01
1.691043200000000013e+01
1.694351999999999947e+01
1.722248000000000090e+01
1.720452799999999982e+01
1.681996799999999936e+01
1.709558399999999878e+01
1.728091200000000072e+01
1.681363199999999836e+01
1.712057599999999979e+01
1.717302400000000162e+01
1.675361600000000095e+01
1.710473599999999905e+01
1.683633599999999930e+01
1.741062399999999855e+01
1.696956799999999888e+01
1.698839999999999861e+01
1.701779200000000003e+01
1.722828799999999916e+01
1.749123200000000011e+01
1.736398399999999853e+01
1.722723200000000077e+01
1.724993600000000171e+01
1.719449600000000089e+01
1.701779200000000003e+01
1.723251199999999983e+01
1.739108799999999988e+01
1.720611200000000096e+01
1.733230400000000060e+01
1.742276800000000136e+01
1.713412800000000047e+01
1.721139200000000002e+01
1.698928000000000083e+01
1.689300799999999825e+01
1.668092800000000153e+01
1.699192000000000036e+01
1.686678399999999911e+01
1.696023999999999887e+01
1.738879999999999981e+01
1.693348800000000054e+01
1.715542400000000001e+01
1.681222400000000050e+01
1.710684799999999939e+01
1.696991999999999834e+01
1.703415999999999997e+01
1.688068799999999925e+01
1.761073599999999928e+01
1.689723199999999892e+01
1.725204799999999850e+01
1.743579199999999929e+01
1.728900799999999904e+01
1.719168000000000163e+01
1.744846400000000131e+01
1.719150399999999834e+01
1.690744000000000113e+01
1.717935999999999908e+01
1.721332800000000063e+01
1.711987200000000087e+01
1.670134399999999886e+01
1.709910400000000053e+01
1.730731199999999959e+01
1.717196799999999968e+01
1.713377600000000101e+01
1.687998400000000032e+01
1.676347200000000015e+01
1.723937600000000003e+01
1.718358399999999975e+01
1.723673600000000050e+01
1.737436800000000048e+01
1.703592000000000084e+01
1.720329600000000170e+01
1.734726399999999913e+01
1.702870400000000117e+01
1.737630400000000108e+01
1.726348799999999883e+01
1.689177600000000012e+01
1.703697599999999923e+01
1.703539200000000164e+01
1.739320000000000022e+01
1.680835199999999929e+01
1.709787199999999885e+01
1.716246399999999994e+01
1.703363200000000077e+01
1.716404800000000108e+01
1.723867200000000111e+01
1.709505599999999959e+01
1.693067200000000128e+01
1.742558400000000063e+01
1.705316799999999944e+01
1.729076799999999992e+01
1.694422399999999840e+01
1.707939199999999857e+01
1.696552000000000149e+01
1.725891199999999870e+01
1.743103999999999942e+01
1.702993599999999930e+01
1.727123200000000125e+01
1.726788799999999924e+01
1.729710400000000092e+01
1.701268800000000070e+01
1.731822400000000073e+01
1.714609600000000000e+01
1.681292799999999943e+01
1.705281599999999997e+01
1.691835199999999872e+01
1.729921600000000126e+01
1.713113600000000147e+01
1.687382399999999905e+01
1.707217599999999891e+01
1.717231999999999914e+01
1.710737599999999858e+01
1.719238400000000055e+01
1.700212799999999902e+01
1.677491200000000049e+01
1.740235200000000049e+01
1.722899200000000164e+01
1.683721600000000151e+01
1.678899200000000036e+01
1.707974400000000159e+01
1.667335999999999885e+01
1.732244800000000140e+01
1.754491200000000006e+01
1.718921599999999827e+01
1.741062399999999855e+01
1.692732799999999926e+01
1.703046399999999849e+01
1.707816000000000045e+01
1.714169599999999960e+01
1.703011199999999903e+01
1.684707200000000071e+01
1.718041600000000102e+01
1.700494399999999828e+01
1.720840000000000103e+01
1.673760000000000048e+01
1.723955199999999977e+01
1.713571200000000161e+01
1.691676800000000114e+01
1.682031999999999883e+01
1.713588800000000134e+01
1.728654399999999924e+01
1.713324799999999826e+01
1.717179199999999994e+01
1.695830399999999827e+01
1.723462400000000017e+01
1.726718400000000031e+01
1.743667200000000150e+01
1.723462400000000017e+01
1.683633599999999930e+01
1.700019199999999842e+01
1.704753600000000091e+01
1.752344000000000079e+01
1.715137599999999907e+01
1.718129599999999968e+01
1.699473599999999962e+01
1.711318400000000040e+01
1.708783999999999992e+01
1.714679999999999893e+01
1.694774400000000014e+01
1.737859200000000115e+01
1.692204800000000020e+01
1.720065599999999861e+01
1.680923200000000151e+01
1.704155199999999937e+01
1.692380800000000107e+01
1.706953599999999938e+01
1.703979199999999850e+01
1.714556800000000081e+01
1.709382400000000146e+01
1.750214400000000126e+01
1.720329600000000170e+01
1.703275199999999856e+01
1.690374399999999966e+01
1.691923200000000094e+01
1.720329600000000170e+01
1.722811199999999943e+01
1.732121599999999972e+01
1.726542399999999944e+01
1.715119999999999933e+01
1.705105599999999910e+01
1.712145599999999845e+01
1.696340800000000115e+01
1.673249600000000115e+01
1.734620800000000074e+01
1.696886399999999995e+01
1.702624000000000137e+01
1.703644800000000004e+01
1.691254400000000047e+01
1.721649599999999936e+01
1.709400000000000119e+01
1.712057599999999979e+01
1.680588799999999949e+01
1.702166400000000124e+01
1.749686399999999864e+01
1.713870400000000060e+01
1.722212800000000144e+01
1.735500800000000154e+01
1.730678400000000039e+01
1.754456000000000060e+01
1.685200000000000031e+01
1.722617599999999882e+01
1.727739199999999897e+01
1.709928000000000026e+01
1.718129599999999968e+01
1.648715199999999825e+01
1.726630400000000165e+01
1.701814399999999949e+01
1.736732800000000054e+01
1.718992000000000075e+01
1.725715200000000138e+01
1.671190400000000054e+01
1.724289599999999822e+01
1.703961599999999876e+01
1.706231999999999971e+01
1.695654400000000095e+01
1.713782399999999839e+01
1.737912000000000035e+01
1.710244799999999898e+01
1.710279999999999845e+01
1.679391999999999996e+01
1.719783999999999935e+01
1.748278399999999877e+01
1.742276800000000136e+01
1.701849599999999896e+01
1.704067200000000071e+01
1.690550400000000053e+01
1.697027200000000136e+01
1.734779199999999832e+01
1.697361599999999981e+01
1.712884800000000141e+01
1.701884799999999842e+01
1.699174400000000063e+01
1.676593599999999995e+01
1.655156799999999961e+01
1.717179199999999994e+01
1.744775999999999883e+01
1.739971200000000096e+01
1.706267199999999917e+01
1.702975999999999956e+01
1.702307199999999909e+01
1.683158399999999943e+01
1.732667199999999852e+01
1.711159999999999926e+01
1.678318399999999855e+01
1.721860799999999969e+01
1.706073599999999857e+01
1.758433600000000041e+01
1.697308800000000062e+01
1.703204799999999963e+01
1.712339199999999906e+01
1.724747199999999836e+01
1.713624000000000080e+01
1.704577600000000004e+01
1.719819199999999881e+01
1.733846399999999832e+01
1.721262400000000170e+01
1.703486399999999890e+01
1.721649599999999936e+01
1.733107199999999892e+01
1.699913600000000002e+01
1.719432000000000116e+01
1.682190399999999997e+01
1.725732800000000111e+01
1.702095999999999876e+01
1.705211200000000105e+01
1.704172799999999910e+01
1.738088000000000122e+01
1.680782400000000010e+01
1.719150399999999834e+01
1.706707199999999958e+01
1.727756799999999870e+01
1.704225599999999829e+01
1.718393599999999921e+01
1.702483199999999997e+01
1.723321599999999876e+01
1.695971199999999968e+01
1.717935999999999908e+01
1.694809599999999961e+01
1.701180799999999849e+01
1.686819200000000052e+01
1.698523199999999989e+01
1.727299199999999857e+01
1.699491199999999935e+01
1.732456000000000174e+01
1.663639999999999830e+01
1.687312000000000012e+01
1.734251199999999926e+01
1.698294399999999982e+01
1.705827199999999877e+01
1.702712000000000003e+01
1.749844799999999978e+01
1.705897600000000125e+01
1.719872000000000156e+01
1.720769599999999855e+01
1.708713600000000099e+01
1.717935999999999908e+01
1.708396799999999871e+01
1.690532800000000080e+01
1.716704000000000008e+01
1.734215999999999980e+01
1.697607999999999961e+01
1.697801600000000022e+01
1.710878399999999999e+01
1.716017599999999987e+01
1.695548799999999900e+01
1.697044800000000109e+01
1.712374399999999852e+01
1.683017600000000158e+01
1.714345600000000047e+01
1.727387200000000078e+01
1.724465599999999910e+01
1.689212799999999959e+01
1.724782400000000138e+01
1.735711999999999833e+01
1.679972800000000177e+01
1.725715200000000138e+01
1.699403200000000069e+01
1.724307200000000151e+01
1.741555200000000170e+01
1.711388799999999932e+01
1.680571199999999976e+01
1.745409599999999983e+01
1.733441600000000093e+01
1.704964800000000125e+01
1.683422399999999897e+01
1.711353599999999986e+01
1.765279999999999916e+01
1.686520000000000152e+01
1.732984000000000080e+01
1.670240000000000080e+01
1.725855999999999923e+01
1.699931199999999976e+01
1.719519999999999982e+01
1.739724800000000116e+01
1.716492799999999974e+01
1.699385600000000096e+01
1.682560000000000144e+01
1.710174400000000006e+01
1.707041600000000159e+01
1.742558400000000063e+01
1.727862400000000065e+01
1.717214399999999941e+01
1.729252800000000079e+01
1.723585599999999829e+01
1.721579200000000043e+01
1.689934399999999926e+01
1.679832000000000036e+01
1.746536000000000044e+01
1.686009599999999864e+01
1.705809599999999904e+01
1.700247999999999848e+01
1.709734399999999965e+01
1.702043199999999956e+01
1.719308799999999948e+01
1.715366399999999913e+01
1.728355200000000025e+01
1.731065600000000160e+01
1.696305600000000169e+01
1.727721599999999924e+01
1.712251200000000040e+01
1.721297600000000116e+01
1.695742399999999961e+01
1.711952000000000140e+01
1.739196799999999854e+01
1.708520000000000039e+01
1.700107200000000063e+01
1.727334400000000159e+01
1.713307199999999852e+01
1.742399999999999949e+01
1.716263999999999967e+01
1.713447999999999993e+01
1.732825599999999966e+01
1.683528000000000091e+01
