1.633899171949743234e+01
1.637817920773542468e+01
1.676601832948184168e+01
1.695123036663705207e+01
1.604124197955180975e+01
1.667296634743655659e+01
1.531108045798011474e+01
1.601941821605539573e+01
1.611818873090129500e+01
1.617893169555829047e+01
1.668644465169522206e+01
1.641708297123401650e+01
1.581296410199452218e+01
1.654682076091896903e+01
1.583162310589968236e+01
1.675401789288433463e+01
1.654192402448789423e+01
1.647222585158946728e+01
1.572560479132090983e+01
1.667796586753931010e+01
1.642962778517463818e+01
1.581113193756005053e+01
1.677461845916488770e+01
1.633740414144575936e+01
1.572878854058821041e+01
1.645874350106893047e+01
1.632128039693025912e+01
1.583744957861627434e+01
1.668505892471253205e+01
1.607386536002644917e+01
1.718614207821091000e+01
1.611803511905993602e+01
1.775397747039124141e+01
1.622088879927636640e+01
1.684517786889891866e+01
1.660626344544727573e+01
1.649333283464337541e+01
1.642489022326567749e+01
1.648221839389870169e+01
1.718709569836600082e+01
1.712661424399064813e+01
1.636733927322762483e+01
1.624313239356646932e+01
1.656891851651178982e+01
1.696813980017116563e+01
1.659493488634611680e+01
1.660313306817449686e+01
1.601513370715591122e+01
1.629829616667360526e+01
1.577490855002267800e+01
1.727542907938829231e+01
1.621831250230526678e+01
1.660234788534251749e+01
1.707546143111572334e+01
1.677380652104742254e+01
1.637489465773952801e+01
1.677227391009434498e+01
1.588836742104612654e+01
1.661058478479696987e+01
1.619464473423838058e+01
1.676533195210862814e+01
1.627160461814502668e+01
1.602226617906135431e+01
1.620148029341525131e+01
1.673975911306857611e+01
1.608717177169081225e+01
1.672634316187476244e+01
1.620166832786328470e+01
1.596720967620839637e+01
1.612313426085675516e+01
1.633159014184446178e+01
1.635298347284911458e+01
1.639659399772403603e+01
1.570667739001154217e+01
1.655862752123572790e+01
1.696719184532168967e+01
1.596171776856399305e+01
1.618266339218073568e+01
1.635023237190443268e+01
1.672100554674112516e+01
1.653162278944210328e+01
1.583587607516632012e+01
1.640788571204230095e+01
1.657222411043957777e+01
1.656680375243125525e+01
1.605021617174363158e+01
1.668654231935675725e+01
1.683714238538380670e+01
1.681352609371639772e+01
1.744089259360369581e+01
1.731429680022893436e+01
1.693053898691121262e+01
1.556275108551553821e+01
1.605425636233643516e+01
1.672895212111130192e+01
1.678077580772595567e+01
1.545241994176214462e+01
1.591530125458748834e+01
1.636242801360442556e+01
1.668437362797833146e+01
1.667004377032007056e+01
1.626479821752965549e+01
1.589655870009505634e+01
1.611225761746240437e+01
1.614339563317259518e+01
1.620333315488948500e+01
1.659215876460054417e+01
1.606024455280778795e+01
1.548630575421449507e+01
1.659437008951972814e+01
1.688222767371221877e+01
1.612019071654441760e+01
1.606852704252649389e+01
1.569190519843209941e+01
1.621726087821520323e+01
1.643437815992989925e+01
1.644203082255654280e+01
1.605011762933250097e+01
1.601149571028388507e+01
1.579590099136594716e+01
1.618378280644064304e+01
1.675908411643008478e+01
1.593708736857535868e+01
1.585480480710943496e+01
1.556426649440449417e+01
1.668742051850732011e+01
1.694198109763573967e+01
1.629217450887280805e+01
1.557243777264400642e+01
1.720455628760202771e+01
1.677761076136430773e+01
1.687948079844041160e+01
1.654880248680760246e+01
1.583894597401862292e+01
1.638292637055269196e+01
1.703737670039247121e+01
1.631237650711431186e+01
1.713183803681242878e+01
1.692542612248233880e+01
1.633133558964264864e+01
1.685698204996047167e+01
1.656075856355239040e+01
1.675961852496624971e+01
1.644446264683566739e+01
1.652254908210269591e+01
1.570174761494462956e+01
1.620457451885425826e+01
1.653319397466216856e+01
1.633711450815459898e+01
1.562291737243646317e+01
1.582127793157537532e+01
1.594515068114993106e+01
1.600337177703002567e+01
1.567280573628079132e+01
1.634263381135507842e+01
1.599358888712135673e+01
1.617458687714142584e+01
1.669318498223479708e+01
1.572511825965967347e+01
1.575383905299329079e+01
1.566874146697444026e+01
1.646799722152294976e+01
1.667025403139629347e+01
1.577640669094469139e+01
1.618203782291037385e+01
1.667885166220547077e+01
1.634506540555458187e+01
1.693154962322337198e+01
1.619086183962132353e+01
1.591352748189018307e+01
1.618469399906439676e+01
1.703963812176091253e+01
1.561915409770730889e+01
1.624939840372259781e+01
1.554342686352573111e+01
1.615445510596183354e+01
1.604699274345915327e+01
1.580504386771048253e+01
1.670773276720580469e+01
1.642527776321118438e+01
1.680953797943798378e+01
1.614298745583723971e+01
1.644630423040845102e+01
1.617340001685817441e+01
1.657961207051119246e+01
1.677038864215115055e+01
1.642178438626706338e+01
1.631532565845368765e+01
1.695416023482041723e+01
1.666961862244755821e+01
1.579164480516141467e+01
1.608323568252987101e+01
1.566078512978672599e+01
1.652027311498009965e+01
1.575037964809766677e+01
1.675327415267642905e+01
1.654221474033171546e+01
1.564473209039365997e+01
1.625126720969430849e+01
1.619556065143755319e+01
1.580341657477506878e+01
1.664436555813253804e+01
1.548649848615864855e+01
1.593356412438120984e+01
1.577459566702187921e+01
1.593260629918003346e+01
1.643609246965687731e+01
1.648578465408833438e+01
1.607516962292869067e+01
1.657937911933916908e+01
1.642013136209101987e+01
1.612812010104765292e+01
1.632046828981096809e+01
1.566168977220605107e+01
1.522734554136389384e+01
1.696503057870954834e+01
1.728099037466478904e+01
1.587769476657746104e+01
1.581099765589259043e+01
1.673593224522898026e+01
1.627516558476485997e+01
1.668130449740050025e+01
1.621517035176631794e+01
1.600561787401640856e+01
1.713090634660543543e+01
1.660329682668674067e+01
1.609971511168124891e+01
1.629294386888961554e+01
1.691790368258596899e+01
1.675085963424413649e+01
1.562123644765534713e+01
1.594682950383498543e+01
1.693929630238647732e+01
1.594988288948557908e+01
1.668089639647906708e+01
1.558257032777834894e+01
1.565280285325403042e+01
1.665175317369493158e+01
1.587898240451893805e+01
1.605140988578455818e+01
1.610071090703911523e+01
1.632445160275415219e+01
1.685265451706407092e+01
1.602424596755989228e+01
1.666854498640747906e+01
1.731666021188710403e+01
1.621988200665745694e+01
1.634954953192432114e+01
1.626842435918979035e+01
1.648470643027374294e+01
1.623309233763946224e+01
1.627894926216470850e+01
1.688744122212867893e+01
1.583844370982570915e+01
1.545364210919866821e+01
1.667357058888774191e+01
1.606862443747480995e+01
1.685262070635639731e+01
1.627196248185108018e+01
1.654093097384757627e+01
1.643740777115943885e+01
1.704763736065813617e+01
1.598680627748785810e+01
1.690433533025598223e+01
1.637621574475054231e+01
1.598789246924972751e+01
1.612754994161265998e+01
1.595888722318593977e+01
1.535851921666820807e+01
1.684081911579156809e+01
1.709229926820505341e+01
1.647335444412072292e+01
1.662473145181962053e+01
1.712278508012223099e+01
1.607987020818298518e+01
1.660269845132264521e+01
1.568769084066769537e+01
1.638351601243772393e+01
1.595290551935853784e+01
1.756613176625662121e+01
1.605325281559298034e+01
1.575368894271809950e+01
1.603849159586378903e+01
1.575489255644239428e+01
1.617904627220401537e+01
1.679150912122627304e+01
1.664853950117054637e+01
1.560156584533360657e+01
1.623139133633286235e+01
1.673541589894534454e+01
1.674355213594414593e+01
1.675230123227502688e+01
1.542106873493353447e+01
1.527506423162797233e+01
1.593801220542203012e+01
1.545805166037854583e+01
1.661930838640024888e+01
1.678725636288931611e+01
1.689423790535002823e+01
1.612559150354497106e+01
1.670448159935331134e+01
1.571297453073225903e+01
1.580254423774283445e+01
1.634270668163505036e+01
1.600261415004751697e+01
1.634721290855432585e+01
1.598719725619776355e+01
1.624276938446695695e+01
1.642207319509517660e+01
1.664070307093237489e+01
1.620403788187295646e+01
1.617831778686738886e+01
1.559560801648981787e+01
1.670619091854495153e+01
1.627289627736005784e+01
1.734865148556196246e+01
1.630070351764237202e+01
1.598470039685261490e+01
1.646840983696699823e+01
1.655251736725634615e+01
1.668054692346336410e+01
1.609143478608652345e+01
1.633416443151730846e+01
1.539155871153653798e+01
1.649147914794232150e+01
1.604999947150848172e+01
1.551073109914824499e+01
1.575309554575590809e+01
1.644485289992363519e+01
1.752985517927386638e+01
1.626203824427366129e+01
1.644797700770264015e+01
1.578241304243693044e+01
1.638726283211760304e+01
1.667374570681657531e+01
1.636735943061818688e+01
1.708242301858329171e+01
1.688868621026023575e+01
1.648088672692807322e+01
1.656749947411446655e+01
1.654812762369189016e+01
1.671226893296321236e+01
1.688012384681317002e+01
1.571906442937556747e+01
1.665584920289938609e+01
1.592226413303850663e+01
1.609717360848485157e+01
1.592519834033370785e+01
1.698612399616946078e+01
1.719375758662442877e+01
1.657412743325318161e+01
1.613896680271558282e+01
1.579659866355685516e+01
1.660112878610690501e+01
1.656622739300701852e+01
1.699869680390555615e+01
1.730911844782482589e+01
1.593922080701377020e+01
1.610762935667728257e+01
1.622318270135322038e+01
1.668622048557389093e+01
1.576843119906346757e+01
1.607301083158877475e+01
1.672760887005570751e+01
1.588484855821217856e+01
1.573629103094258141e+01
1.749047632133918384e+01
1.609283834135297298e+01
1.630310703737465872e+01
1.643954809388125682e+01
1.645368790987331309e+01
1.680863103758539268e+01
1.600427128718389724e+01
1.653381805430511164e+01
1.655363680359234735e+01
1.623063545334999347e+01
1.640430909495948697e+01
1.620504906884872298e+01
1.670589825125968275e+01
1.642429784993352726e+01
1.647978951986269180e+01
1.561622027331488916e+01
1.733183228021694333e+01
1.629718512076278358e+01
1.640620839621446692e+01
1.601830962338400255e+01
1.664260232774244130e+01
1.578023515300465363e+01
1.726030076440294181e+01
1.572575607527254427e+01
1.577169800171995995e+01
1.630019501595790032e+01
1.663338244159170642e+01
1.586722368088280355e+01
1.577926752377824648e+01
1.595511166371134770e+01
1.539104049158552101e+01
1.536662994645637603e+01
1.673245311927060186e+01
1.540954719898362235e+01
1.651007816983940302e+01
1.572684954847323624e+01
1.696344067669013711e+01
1.580805664571425240e+01
1.602142353204898484e+01
1.714612986147534812e+01
1.506833368477834156e+01
1.561756426367025341e+01
1.662255370729349480e+01
1.526519309064108931e+01
1.632897035298231359e+01
1.593314081396411908e+01
1.611373018958410697e+01
1.616531664019936798e+01
1.597210779590964691e+01
1.580920180641586725e+01
1.613717966425287642e+01
1.616483656012484005e+01
1.663772160624491292e+01
1.659664399714234406e+01
1.633433140245637816e+01
1.619699760968106617e+01
1.632487975473531705e+01
1.632700580445533944e+01
1.760764581328492895e+01
1.577819677948304822e+01
1.695097323766014341e+01
1.637777072374056075e+01
1.682379564862537791e+01
1.538756839939159882e+01
1.655063194427666673e+01
1.683480002594998126e+01
1.725482593976769152e+01
1.595470760315737380e+01
1.530712527746382356e+01
1.630661167360723596e+01
1.626899464973684317e+01
1.507712512353979406e+01
1.619081084568656692e+01
1.590881386839978440e+01
1.683177284634341575e+01
1.673439897233283702e+01
1.658992241386424737e+01
1.632604414642526436e+01
1.679059461150030330e+01
1.600814597331473266e+01
1.550184563513324676e+01
1.620897260226293213e+01
1.622310158841121108e+01
1.591273819942651535e+01
1.665584369595153902e+01
1.629394692008058598e+01
1.625053129178002465e+01
1.563878552466508332e+01
1.666004931988784676e+01
1.588534752343447920e+01
1.682790392251793676e+01
1.628107087229818717e+01
1.625809773056922936e+01
1.662090339948283457e+01
1.689020755401273632e+01
1.617907138036363079e+01
1.617291681663446212e+01
1.625617866781479748e+01
1.677305442267849500e+01
1.629832118289921539e+01
1.588505377622560388e+01
1.684472743187094324e+01
1.645574223390582347e+01
1.591385617760194293e+01
1.575490446903100228e+01
1.707731477909198858e+01
1.725341112042638869e+01
1.569184742123421650e+01
1.598062517566823537e+01
1.637544296321991766e+01
1.693987231001315763e+01
1.683743664082676617e+01
1.725767711376989055e+01
1.618818203946661072e+01
1.575182970194223664e+01
1.624084372060212900e+01
1.599684075204165801e+01
1.728852108750305661e+01
1.579857556790477702e+01
1.674499564499184601e+01
1.607973867667499945e+01
1.585909768367646322e+01
1.693879498806864703e+01
1.550424217691888096e+01
1.707179426051765603e+01
1.619828594507363917e+01
1.638503682995779442e+01
1.672543012608468160e+01
1.699253049209644217e+01
1.689628886971392063e+01
1.600896634930663254e+01
1.716216683282625155e+01
1.685403867328474092e+01
1.659450210756536137e+01
1.550681217365863418e+01
1.670496184506709980e+01
1.643959845985178347e+01
1.660461971547599092e+01
1.637022960916355174e+01
1.699076514552693595e+01
1.693478399598701500e+01
1.573419559729116024e+01
1.601462029212686033e+01
1.528313611237009262e+01
1.615826482934187780e+01
1.719777391792797516e+01
1.687917055336530225e+01
1.702054566307299410e+01
1.594939891383770103e+01
1.671721856743669221e+01
1.636396706585182770e+01
1.629351121947807357e+01
1.557802847621227826e+01
1.553439615206177571e+01
1.679186752056801168e+01
1.636112082986301530e+01
1.624585173627557566e+01
1.646563303412652957e+01
1.684297412483678613e+01
1.605692944478399298e+01
1.597166868545937923e+01
1.602443580907236509e+01
1.668237821815801780e+01
1.526645318812040664e+01
1.645708503379625398e+01
1.593225316589222373e+01
1.636960563811951985e+01
1.619268411694478615e+01
1.653054466323072802e+01
1.650200259986251083e+01
1.658626896952035779e+01
1.640023523365422520e+01
1.579322642437267987e+01
1.731090526319156453e+01
1.567422130011438774e+01
1.579595421209796768e+01
1.634380329503266793e+01
1.583073405208000040e+01
1.622320565788884039e+01
1.624356015104693896e+01
1.671257297478454262e+01
1.648278715433050223e+01
1.626019974613526742e+01
1.678991270236189948e+01
1.591264294483038988e+01
1.588473551348988799e+01
1.648333843828913814e+01
1.642072554002165319e+01
1.754031230786157280e+01
1.671620606366349904e+01
1.647921994355027664e+01
1.708858645764145834e+01
1.542706855164090207e+01
1.648780678390445331e+01
1.616618416171272798e+01
1.722326035465579608e+01
1.644040448278392930e+01
1.654065500099268959e+01
1.551916429916197515e+01
1.633855115672865210e+01
1.657656317053601924e+01
1.640267139460459589e+01
1.693694452417187790e+01
1.729924144191832269e+01
1.659959576723688812e+01
1.592426020451397051e+01
1.642241478909121710e+01
1.648411574523829515e+01
1.610676395749544909e+01
1.678409992394331240e+01
1.727918496560111805e+01
1.634980538525449134e+01
1.626731930734885623e+01
1.635886662840087880e+01
1.718824297791700317e+01
1.546412700195490331e+01
1.661220627211296730e+01
1.633375023374582113e+01
1.571760570215627517e+01
1.491763493933181728e+01
1.604467495712503933e+01
1.683038555967915428e+01
1.622345096898279238e+01
1.724826889244388894e+01
1.679820109346739443e+01
1.639469851734600425e+01
1.700733819288428705e+01
1.675392346906080121e+01
1.811073918588809306e+01
1.652769772976491680e+01
1.622686207419994986e+01
1.620279770339904601e+01
1.548710000086224170e+01
1.608655247473224748e+01
1.624460365102991233e+01
1.586504759664975950e+01
1.599256236535037523e+01
1.634798389604866387e+01
1.670535709958710413e+01
1.623769710170404323e+01
1.679974942743059430e+01
1.646886526167049070e+01
1.650440788289687788e+01
1.584683081742032940e+01
1.650329052209933067e+01
1.544085550149181252e+01
1.620770914261881757e+01
1.614874485811750304e+01
1.583881197537901642e+01
1.652264116865408639e+01
1.569271002509569435e+01
1.661923241279703589e+01
1.659428378661673165e+01
1.625718354717561098e+01
1.676053440152903917e+01
1.680813031638174593e+01
1.727358672324656652e+01
1.634035962380650631e+01
1.625413852576717488e+01
1.606420623370490830e+01
1.721145343887690160e+01
1.677774994711163714e+01
1.572330979275825769e+01
1.604806319153798810e+01
1.616512440288846264e+01
1.630385955685656185e+01
1.635063328626167944e+01
1.619313828005661549e+01
1.615334247069927542e+01
1.538693631612285273e+01
1.656912463564529148e+01
1.632785942683523217e+01
1.619035337829539145e+01
1.652394413851856214e+01
1.640375030092880948e+01
1.609607591395061377e+01
1.649513314237234951e+01
1.684641542234998468e+01
1.611899451449861687e+01
1.666754202832773757e+01
1.599799042461965293e+01
1.607343009089303010e+01
1.541051221098891943e+01
1.661619928677525238e+01
1.644659852420861768e+01
1.683880289737200542e+01
1.667013357729202028e+01
1.608780551755530652e+01
1.664549197838240602e+01
1.626365734137449337e+01
1.620994374506726032e+01
1.657932172979509389e+01
1.625372967816227643e+01
1.602146909896428184e+01
1.599957258475803457e+01
1.627667080928879884e+01
1.683846012950996496e+01
1.699268270752597942e+01
1.642817801859053972e+01
1.720111717733423262e+01
1.656973587255558300e+01
1.598347992713885191e+01
1.575227235894601030e+01
1.626867629064938114e+01
1.660294338721645602e+01
1.658998539607902245e+01
1.553879545371821180e+01
1.696345662118201503e+01
1.693074825026669927e+01
1.572741863364985626e+01
1.609024493573688730e+01
1.636833020730803412e+01
1.711450730520995123e+01
1.597299517318047890e+01
1.683164509862208291e+01
1.674157856608194805e+01
1.615561593890022607e+01
1.607093948196013500e+01
1.530188269519705990e+01
1.722725444188069588e+01
1.668642214935620771e+01
1.536177855548222482e+01
1.559687614985132598e+01
1.696038864770009980e+01
1.714765772143623579e+01
1.614491599498906638e+01
1.615052724176567267e+01
1.581639545514245171e+01
1.640301552933970441e+01
1.612507903101278117e+01
1.586949571665246950e+01
1.630832249640129916e+01
1.541064175357885802e+01
1.563699562488591610e+01
1.571897360608840799e+01
1.653120357308645083e+01
1.757490316435844235e+01
1.590823444492350092e+01
1.628761405684947050e+01
1.782347981565177264e+01
1.625353071813271910e+01
1.653260600518100887e+01
1.640886707835018044e+01
1.619769927769675633e+01
1.580842758153097094e+01
1.623640056599735360e+01
1.618481953466132239e+01
1.668619079488709644e+01
1.673678681005501190e+01
1.582477418026577887e+01
1.572729364659345563e+01
1.758430316666863291e+01
1.611814250701284834e+01
1.647853649075793925e+01
1.585788728973259865e+01
1.639853453688295559e+01
1.594175394784086386e+01
1.676334703016734196e+01
1.586728067458060387e+01
1.644684688268350570e+01
1.548683258717933953e+01
1.581682750745523691e+01
1.688800511413056071e+01
1.658452538191830783e+01
1.614382751956607365e+01
1.652837012257253591e+01
1.634313681527181927e+01
1.770879179095799216e+01
1.615919468028250705e+01
1.658757549462564285e+01
1.710386065100439268e+01
1.614545947358907796e+01
1.623374543552498039e+01
1.605014331583218734e+01
1.613862475072350122e+01
1.643361175770200688e+01
1.636682461233835539e+01
1.618954690610555147e+01
1.620548746411579444e+01
1.629782365181398873e+01
1.715501158822861782e+01
1.615743906154353127e+01
1.641390249664048540e+01
1.737366894016680519e+01
1.635887992941691138e+01
1.636064924947056198e+01
1.652122746051279378e+01
1.553148266993683357e+01
1.663916961355234037e+01
1.668971609820390967e+01
1.698965005431717401e+01
1.688118662935083236e+01
1.652419783285969146e+01
1.585871060854893067e+01
1.727178263123721180e+01
1.615891492856176015e+01
1.592789291180723055e+01
1.602802702907402121e+01
1.618855678082189087e+01
1.629828442309015202e+01
1.531663088381825943e+01
1.659729621884381245e+01
1.606418153972706619e+01
1.554613143959014998e+01
1.617913290794272640e+01
1.637682516360691665e+01
1.552454738496535214e+01
1.636854260547992723e+01
1.559447697027758473e+01
1.590030924332695150e+01
1.607851830365787649e+01
1.531044967443216365e+01
1.632001485810952701e+01
1.545712226252084598e+01
1.521096108050816120e+01
1.541746824475795208e+01
1.713718407446691216e+01
1.617899543106170057e+01
