1.700608587685063355e+01
1.695679814042529543e+01
1.688767889449202642e+01
1.680970377740958810e+01
1.756290239165750933e+01
1.720368938868450925e+01
1.692136545252867563e+01
1.708952267802478886e+01
1.698998012583461303e+01
1.736238729097894051e+01
1.704385847384077124e+01
1.729475866701657338e+01
1.706245706368349957e+01
1.674953728692745258e+01
1.706925455963806471e+01
1.688210439029324306e+01
1.697984054211893579e+01
1.704718125141490859e+01
1.732834562778765886e+01
1.718117159919970049e+01
1.728183086860965645e+01
1.711491375786908975e+01
1.715810368922604567e+01
1.726599038571138323e+01
1.730387529969357985e+01
1.720731735379942151e+01
1.729193958094604255e+01
1.673581134089699063e+01
1.683203343501721960e+01
1.676465303348089009e+01
1.709810322260971560e+01
1.745062412766129967e+01
1.663957679785369592e+01
1.684913096935022381e+01
1.711945114701599024e+01
1.721005495934065976e+01
1.692924556981774842e+01
1.673277618442573456e+01
1.741609963333902655e+01
1.717999178028460605e+01
1.697035674355942092e+01
1.704433649572415632e+01
1.735773203832857448e+01
1.720981034624048078e+01
1.727684936912839930e+01
1.758937504618611669e+01
1.704324401726605487e+01
1.709771721728503380e+01
1.701120754218993980e+01
1.672747355738001573e+01
1.708468090697713393e+01
1.710082574579491066e+01
1.678612843351527673e+01
1.758139149221532094e+01
1.695996000521622449e+01
1.730902624803051637e+01
1.696210728150900238e+01
1.687862651415280624e+01
1.695594854303017840e+01
1.673685684965533582e+01
1.748857252562518028e+01
1.726839849864945364e+01
1.686698295957247140e+01
1.721718781990004743e+01
1.709561552473302015e+01
1.705105689835583505e+01
1.741736244525291610e+01
1.659137357563838933e+01
1.701454592201868365e+01
1.704796580422678787e+01
1.744321501537892161e+01
1.733342200125455790e+01
1.717452565421431032e+01
1.711660763023294862e+01
1.750226615499119021e+01
1.680264892376399644e+01
1.719263655998062035e+01
1.718819371333437829e+01
1.718971129229956318e+01
1.698278481193609224e+01
1.681539255101137087e+01
1.696302509677272141e+01
1.715163429836625397e+01
1.683510586323460245e+01
1.692337075036914129e+01
1.709878129500638977e+01
1.705015192422015602e+01
1.695918337286792976e+01
1.712924429002596582e+01
1.715869241167310477e+01
1.715281189566378472e+01
1.682235072773206142e+01
1.723722078670337154e+01
1.692527959003606242e+01
1.713201253086720044e+01
1.694817232451752531e+01
1.709791914663890111e+01
1.694965386690026676e+01
1.686423561612102162e+01
1.704300386501162379e+01
1.678266079071514838e+01
1.707062983007913104e+01
1.674936284533768571e+01
1.706380880088118701e+01
1.733577498926739935e+01
1.700932861393803819e+01
1.697533326726440706e+01
1.728025843141563911e+01
1.663305165234216432e+01
1.688441608154338880e+01
1.716683386953915047e+01
1.749260757660952237e+01
1.725779918736467877e+01
1.760109823583026767e+01
1.724015459627020519e+01
1.706394000622393392e+01
1.701599769622312763e+01
1.681989658030777335e+01
1.703093081212841398e+01
1.719728556205604875e+01
1.696836357911420734e+01
1.714607871714841281e+01
1.732418442211488951e+01
1.730577924736627793e+01
1.745028269245798569e+01
1.682581004873249952e+01
1.766922840228924230e+01
1.710011624948680975e+01
1.703614077965462315e+01
1.733031930737091031e+01
1.730998386858501092e+01
1.667845590410415113e+01
1.711450189469495342e+01
1.704799951572204009e+01
1.734385739053319142e+01
1.701403890027222943e+01
1.746217329168387167e+01
1.718257254485797603e+01
1.724679070339935549e+01
1.737447726594756858e+01
1.731437007286039176e+01
1.753949216017931434e+01
1.662048900688085951e+01
1.692026026044335296e+01
1.715702352767432970e+01
1.678254208362303856e+01
1.722249834633221255e+01
1.732720066348057841e+01
1.721849642801818803e+01
1.752319048865551210e+01
1.694993796864926594e+01
1.686153116555286147e+01
1.682262292262624470e+01
1.746812524345419249e+01
1.696563267060069435e+01
1.708614333733448376e+01
1.721128134041119040e+01
1.694342214669837787e+01
1.745135706684733279e+01
1.721119075924376318e+01
1.703593877411274349e+01
1.714530113847042614e+01
1.721555848057426985e+01
1.708490898853552764e+01
1.710452814135057054e+01
1.690061768602464909e+01
1.699652900972268910e+01
1.675691408233903346e+01
1.728796093955628521e+01
1.711296017944400560e+01
1.746096717184360969e+01
1.713127155961596770e+01
1.726472923027487028e+01
1.704341569090714614e+01
1.707107197825817124e+01
1.757234817304383157e+01
1.732073259796895925e+01
1.691958652118706752e+01
1.685356638872594104e+01
1.703486186179697626e+01
1.723573028300511822e+01
1.719235535128051140e+01
1.736711019076950180e+01
1.746962145673446543e+01
1.717562171852136998e+01
1.721176034845760228e+01
1.728268135822338891e+01
1.749873245689239809e+01
1.707245648212447264e+01
1.646764107849569925e+01
1.722632549233433608e+01
1.691841872443555062e+01
1.746509988841961558e+01
1.720572611308437772e+01
1.708377623808467760e+01
1.732124771398689944e+01
1.727762745195745353e+01
1.697009688397874783e+01
1.678086056129210490e+01
1.736497530790094501e+01
1.731813082431288109e+01
1.744756605452521114e+01
1.712013903456619701e+01
1.754428066347098891e+01
1.706770432382963776e+01
1.685887898197213630e+01
1.696063940418684624e+01
1.685992165969316048e+01
1.702033133226526473e+01
1.722895495715703618e+01
1.744071015398947111e+01
1.717354229631430584e+01
1.705622191496503604e+01
1.730281279966881769e+01
1.721471419297912675e+01
1.663289328068430351e+01
1.720189572949886880e+01
1.724895492567906885e+01
1.727864637995079633e+01
1.679024434276588806e+01
1.683669857429229921e+01
1.729604384532156303e+01
1.775461257868043319e+01
1.725212231051767375e+01
1.687748459262776635e+01
1.696749977616768845e+01
1.733678180008402592e+01
1.719989678401855926e+01
1.720930446413429848e+01
1.767767347675248146e+01
1.701000636156476631e+01
1.683313731431839955e+01
1.681247669008399015e+01
1.697365060504722578e+01
1.700909783113748475e+01
1.671803963178101782e+01
1.757898870379099421e+01
1.701851085960747767e+01
1.701893007996341467e+01
1.734476329065767786e+01
1.727779334922458432e+01
1.662350926821416763e+01
1.722855177051211939e+01
1.705885859627603196e+01
1.759519329260264442e+01
1.718066017989594485e+01
1.692967967454804068e+01
1.733491832853517067e+01
1.736252705507756389e+01
1.671412820595002202e+01
1.668567473226215725e+01
1.678094005264743771e+01
1.734831089545144778e+01
1.730818026427547451e+01
1.733148089820598869e+01
1.740143244513206611e+01
1.682993510060518005e+01
1.725847613507586686e+01
1.765618605837498123e+01
1.687169101614422928e+01
1.692008206322710961e+01
1.705790228619460436e+01
1.686418866966109320e+01
1.729405616818945646e+01
1.712239459892381532e+01
1.718074902432154971e+01
1.739445175991808057e+01
1.694260308827619710e+01
1.732741794321188422e+01
1.711411340120496405e+01
1.698411274410225147e+01
1.720216045305654262e+01
1.716382040098125472e+01
1.751668116804624376e+01
1.709073400694561329e+01
1.718548807306622095e+01
1.697790456197339282e+01
1.721194663426117799e+01
1.694051679472317318e+01
1.696218160350805704e+01
1.701374136396573533e+01
1.681722199922895555e+01
1.705022340575781925e+01
1.727109812318312621e+01
1.702488109441782527e+01
1.707615450940164692e+01
1.700227772719559738e+01
1.736366302168303832e+01
1.731795051620000336e+01
1.715476865903787029e+01
1.695672411329033835e+01
1.724908947590071406e+01
1.724189016838878885e+01
1.650935603939262819e+01
1.708518253694601086e+01
1.702326947053272121e+01
1.706427035786567714e+01
1.712164875305392187e+01
1.739489545451344910e+01
1.696521187568463418e+01
1.769684280630155371e+01
1.721257274120321767e+01
1.727564034834528783e+01
1.693800012438732949e+01
1.740339829453951381e+01
1.727033564866252036e+01
1.725647406293871100e+01
1.728619651337084306e+01
1.722461062140104460e+01
1.715589416767396003e+01
1.713951775165480740e+01
1.741913719206608491e+01
1.744721622644475190e+01
1.692821493777762853e+01
1.708406937933510861e+01
1.722174031015378048e+01
1.725401374729475634e+01
1.742404203249436634e+01
1.745380859679093888e+01
1.699653585795450184e+01
1.706889528833996650e+01
1.746806197881822342e+01
1.716748540112807575e+01
1.730877863574219333e+01
1.721646930633557915e+01
1.684914671364292005e+01
1.711151945764709836e+01
1.714515832313078647e+01
1.654568392445272451e+01
1.694563004190143118e+01
1.720605735546469717e+01
1.717239210944978112e+01
1.738361990369934063e+01
1.749417984501411638e+01
1.696022826281652485e+01
1.734095051082399408e+01
1.675016101779176836e+01
1.685763493369424637e+01
1.743548159357060356e+01
1.703007259302647824e+01
1.706343849700240511e+01
1.706801358566044868e+01
1.735632378450590352e+01
1.733012284519434587e+01
1.739470141879210630e+01
1.685350688140493247e+01
1.699513758217881687e+01
1.683370807297595206e+01
1.736012619318524841e+01
1.680824181517949256e+01
1.687339126125794309e+01
1.710417203920509266e+01
1.691739602788811325e+01
1.697395624545649895e+01
1.693621445201105047e+01
1.691075455844474718e+01
1.733282120721965214e+01
1.692521088181893418e+01
1.726841481026657732e+01
1.727515135587287176e+01
1.716158059690673099e+01
1.759182424678533962e+01
1.734064142036285716e+01
1.693472569392699612e+01
1.703768747037573306e+01
1.729438409248587760e+01
1.652876980297185838e+01
1.735858786448103785e+01
1.750569944256658061e+01
1.698357483752731767e+01
1.730596121363464590e+01
1.753971282450910607e+01
1.709731632491032371e+01
1.726772354351146888e+01
1.720221940724659504e+01
1.689359444000098875e+01
1.695195481366662449e+01
1.711658128058177653e+01
1.689702845079578708e+01
1.670884216813817247e+01
1.708738338985972049e+01
1.715707920951845011e+01
1.668542073852733054e+01
1.676609142330309155e+01
1.727056692682797845e+01
1.695276050325510653e+01
1.683325391840502405e+01
1.751572864859787160e+01
1.733018578577430091e+01
1.745413383203098689e+01
1.646953688765089652e+01
1.699049829751867691e+01
1.729902316130726447e+01
1.699996753214750100e+01
1.724131071263800408e+01
1.734388563149397910e+01
1.732511695322746093e+01
1.727654848245797226e+01
1.706979973491863234e+01
1.745528539701127002e+01
1.667290256076950428e+01
1.713596444854574585e+01
1.684273512528829286e+01
1.706095228364219807e+01
1.726381005318034667e+01
1.704071701005125306e+01
1.715906142157184178e+01
1.718213518625281466e+01
1.744140048628732842e+01
1.717334334419607700e+01
1.733751211009472470e+01
1.719416537167926151e+01
1.749639992102577679e+01
1.714913559816475441e+01
1.752750997515049747e+01
1.715957461600741496e+01
1.684275678877964921e+01
1.680126856299273896e+01
1.701758346995418236e+01
1.693377508617839666e+01
1.655239249923706168e+01
1.711924881343642824e+01
1.723949836659733492e+01
1.675248821346455586e+01
1.706573933962402378e+01
1.687038282362446751e+01
1.706917992021866581e+01
1.744613890853376503e+01
1.727259301966423166e+01
1.681406745744937936e+01
1.738830882323708948e+01
1.731185918950502511e+01
1.701218578791175773e+01
1.692251160822571521e+01
1.701474851724418613e+01
1.689532581246404774e+01
1.650308324098142521e+01
1.687895860893961242e+01
1.713333204864169090e+01
1.685262883556878677e+01
1.749749600011414685e+01
1.715721011431356047e+01
1.721669987776390798e+01
1.733237339293641810e+01
1.706190853171955624e+01
1.720503932572209038e+01
1.699126571829564369e+01
1.726686808160916797e+01
1.688285764489247498e+01
1.718375348756527288e+01
1.703237629353901639e+01
1.705043260150754492e+01
1.758431437652189189e+01
1.693493116187393355e+01
1.702292432425619850e+01
1.728992279791793507e+01
1.707206505281643771e+01
1.712761374720973961e+01
1.712317009445100524e+01
1.718229908806542383e+01
1.676351442993200891e+01
1.685356628207136964e+01
1.701728174459835685e+01
1.715543339424819180e+01
1.718319770356517040e+01
1.731447758814841720e+01
1.740039111740172828e+01
1.716220028391542129e+01
1.704364005233520984e+01
1.741796270810965197e+01
1.708461196129348636e+01
1.727672983220154990e+01
1.690394339833816773e+01
1.737496167535521607e+01
1.697890632051402804e+01
1.687913141323143051e+01
1.695948213463730880e+01
1.736572967742777607e+01
1.694292943236003879e+01
1.698339432557873963e+01
1.714522290258867443e+01
1.733133520319135812e+01
1.698165030223147554e+01
1.745750975211975131e+01
1.698761155011272805e+01
1.667105123947178313e+01
1.679051014979790679e+01
1.699114209221815841e+01
1.726865003390133779e+01
1.679485694680942842e+01
1.695132103976662563e+01
1.698094405676301832e+01
1.682352326308817680e+01
1.772521303943871729e+01
1.722917098434397332e+01
1.722418720747008791e+01
1.692722018082695712e+01
1.746482788115713447e+01
1.707500480847262736e+01
1.752101943950427199e+01
1.663582048531715429e+01
1.740925295610772494e+01
1.715768610428602159e+01
1.679564374004279514e+01
1.682707154833270735e+01
1.726275522854339428e+01
1.727454906663916745e+01
1.716887372515758869e+01
1.713013819673563631e+01
1.771310289373153068e+01
1.755973233922451726e+01
1.703327182934211947e+01
1.701833287287961838e+01
1.737293420697358570e+01
1.709357568837286934e+01
1.766071498516488347e+01
1.675836131211650226e+01
1.706901255364599024e+01
1.710010303291653599e+01
1.706128682621633885e+01
1.718560045303208383e+01
1.722751765489488562e+01
1.721262603989926632e+01
1.690181882264182889e+01
1.733328278600241390e+01
1.710773026635650851e+01
1.704527618446096326e+01
1.679589775793412798e+01
1.742675345084646565e+01
1.741129817085456821e+01
1.671617186680989064e+01
1.719487578852624310e+01
1.690256048639824726e+01
1.725311901408356974e+01
1.728758238653034596e+01
1.699420152811874729e+01
1.722992380598105200e+01
1.715292521521270785e+01
1.718311382646611563e+01
1.687654504444276427e+01
1.708377592726024474e+01
1.697762149433376777e+01
1.661603022430066900e+01
1.701198409207209394e+01
1.711827447652804679e+01
1.747988764032207953e+01
1.692930540612494639e+01
1.724052521550770578e+01
1.705140595877366039e+01
1.681890440587675783e+01
1.692550549700946760e+01
1.726052638644921799e+01
1.692316907940130832e+01
1.700219909657389294e+01
1.666380501086243271e+01
1.689296181993713475e+01
1.760027307180774514e+01
1.723428562701817413e+01
1.672493796699002999e+01
1.726176146520275978e+01
1.754311060585702009e+01
1.685057798350811353e+01
1.683032969448144911e+01
1.659622156254206971e+01
1.691349017292039392e+01
1.701535140171828786e+01
1.677384962659753498e+01
1.710764848810374517e+01
1.699401105144041324e+01
1.729281545569543255e+01
1.699621593472541647e+01
1.708036501510276750e+01
1.689398206455181395e+01
1.724559915171420954e+01
1.733382527309540322e+01
1.663354533187861861e+01
1.724840386582294016e+01
1.687960613278406896e+01
1.673927629272884587e+01
1.724680104550855830e+01
1.720338230371900679e+01
1.680413726099177296e+01
1.707613869519880367e+01
1.721688006046794328e+01
1.681756438157716005e+01
1.714863830904098307e+01
1.718644512241220212e+01
1.708855713943524890e+01
1.697860394277261875e+01
1.727012649825866575e+01
1.711964535319747327e+01
1.691208810230693871e+01
1.725076795761845716e+01
1.715590089572447852e+01
1.743484926803849433e+01
1.732006486446768179e+01
1.708945771844324213e+01
1.747898665847270294e+01
1.701522181120864374e+01
1.717307212621685153e+01
1.683973909263280788e+01
1.716155157916771756e+01
1.699241079775912766e+01
1.720552200475044913e+01
1.747880445476972611e+01
1.735886403641005060e+01
1.686402076355268775e+01
1.663591867238806543e+01
1.730447763815964279e+01
1.676680001200523762e+01
1.738983108220721974e+01
1.726170792999960213e+01
1.715947820447605920e+01
1.729390658495864841e+01
1.715600679287357266e+01
1.717713508060533556e+01
1.682794045512103764e+01
1.765105727719357631e+01
1.791162418446326043e+01
1.724847676547135222e+01
1.712735624037118143e+01
1.736125062535490926e+01
1.718164693471854676e+01
1.718575239899706375e+01
1.733775227803031527e+01
1.709239192789669204e+01
1.756527671763989318e+01
1.697463541969698753e+01
1.704570151707901005e+01
1.722703295452061312e+01
1.751583871475905241e+01
1.746820265047061227e+01
1.698550836247524387e+01
1.716042374099643197e+01
1.742689127039121644e+01
1.722861863117904946e+01
1.726008453475954596e+01
1.729830793648777387e+01
1.724694474017660184e+01
1.727673682106546948e+01
1.694239134901448196e+01
1.771326293865658741e+01
1.691191460210011854e+01
1.669816661519002920e+01
1.696177927383333639e+01
1.708260892207746906e+01
1.698343316523076751e+01
1.687119155403775039e+01
1.704699183326419032e+01
1.712338781837270218e+01
1.741287302938894044e+01
1.723326873073540710e+01
1.731111033232714647e+01
1.729329813742427291e+01
1.688435308875396146e+01
1.695155472819916653e+01
1.693171831121059157e+01
1.757689043720126065e+01
1.726114952161632488e+01
1.696233181094753917e+01
1.718859414283548759e+01
1.736564258007485151e+01
1.767394154001376805e+01
1.716271175451437259e+01
1.705579899699922564e+01
1.683046030843040697e+01
1.698431009998270014e+01
1.707560038068140784e+01
1.688100694200389995e+01
1.741659440371394751e+01
1.737016857640087864e+01
1.693321753528840645e+01
1.712912536900540772e+01
1.741402711379055646e+01
1.714452907684076521e+01
1.681036653952696369e+01
1.698874536045275008e+01
1.735721849295846653e+01
1.729143498369974807e+01
1.703148078962878031e+01
1.754546914478223485e+01
1.708958318585867886e+01
1.724438440976490483e+01
1.705623899398590737e+01
1.730456061880187946e+01
1.660727899657035778e+01
1.718110218834711134e+01
1.729133128343988801e+01
1.685332898805310720e+01
1.707229206431256685e+01
1.699892327174132589e+01
1.687219946557969408e+01
1.724029620996187973e+01
1.711740001065515671e+01
1.695466811693859910e+01
1.701663025461672873e+01
1.744325690782540406e+01
1.701037206293299420e+01
1.689486361970504191e+01
1.762050700836605799e+01
1.699228474375140863e+01
1.718564880225462588e+01
1.690144465279763253e+01
1.674414316043591811e+01
1.702894263376882833e+01
1.718953025614393226e+01
1.721838732220545509e+01
1.707129344977887797e+01
1.714748147420377933e+01
1.718262188589147144e+01
1.768374021490088666e+01
1.710933480493322278e+01
1.678156419823591250e+01
1.727662088681123720e+01
1.733377044910131204e+01
1.696987472966117494e+01
1.737165736663663651e+01
1.700681185641625959e+01
1.727437269630593875e+01
1.719868828286921314e+01
1.716411431562771384e+01
1.723651906445779503e+01
1.694333297712089603e+01
1.713062987629923839e+01
1.686132683365113394e+01
1.685759495409729780e+01
1.719545340789006360e+01
1.694373179983634614e+01
1.694658616580980848e+01
1.709624375673179486e+01
1.708903080285677589e+01
1.725706457738625588e+01
1.744337623409217741e+01
1.674454103941014793e+01
1.729851830839831095e+01
1.700161039027988252e+01
1.721468988698972424e+01
1.693769917760436527e+01
1.730579404170955371e+01
1.708514767461229411e+01
1.705972307621439299e+01
1.690402315427452606e+01
1.720305689006545791e+01
1.711887488177966432e+01
1.684181162055284275e+01
1.729744841129479838e+01
1.715048446256703940e+01
1.700615536947907458e+01
1.715406758316365199e+01
1.709050551496095594e+01
1.719872732591352005e+01
1.716193090818882183e+01
1.692812106569458663e+01
1.710320414663131672e+01
1.714185115772874113e+01
1.688241349714486006e+01
1.749540652629286797e+01
1.691911250628243835e+01
1.731565668739463604e+01
1.714207945043690984e+01
1.728662294450858639e+01
1.735424181238742491e+01
1.674137132336741018e+01
1.728427757033846390e+01
1.704592534102723178e+01
1.717980258860256271e+01
1.700336681772758141e+01
1.717549318409092862e+01
1.678363147355275231e+01
1.705740687542900957e+01
1.705053379383906886e+01
1.716473332363128890e+01
1.722638110796739497e+01
1.737789017148701376e+01
1.692654651568534163e+01
1.680683524369067783e+01
1.726154323936108881e+01
1.683705990802874553e+01
1.713823008388288471e+01
1.729342967958899635e+01
1.725429802049110251e+01
1.682366204265976251e+01
1.734166398049771018e+01
1.710714820140575299e+01
1.716692956199778308e+01
1.695219133268684075e+01
1.732995367941090592e+01
1.709898314388252771e+01
1.686073324706156029e+01
1.763537898077817445e+01
1.678035276969820089e+01
1.690990257220895288e+01
1.732405259599372371e+01
1.729478529299579037e+01
1.688419527938905773e+01
1.706468367521054574e+01
1.729546467053914327e+01
1.682683059672083203e+01
1.686896762685828932e+01
1.719451746301443151e+01
1.687412627508122043e+01
1.726937470400733687e+01
1.672535211532711585e+01
1.737117652754707464e+01
1.703405168596679431e+01
1.713146273900260752e+01
1.688870254906712631e+01
1.702802966133861418e+01
1.754579727056081140e+01
1.702324358614470512e+01
1.725550041964216419e+01
1.712493363375284261e+01
1.705166658188903384e+01
1.712259264304425699e+01
1.723290409664348033e+01
1.734852926987564459e+01
1.740026044042499365e+01
1.735543316361291488e+01
1.734080719534698645e+01
1.730660541110878015e+01
1.733740340517914547e+01
1.693687561092215077e+01
1.687758055118537470e+01
1.664310015602884363e+01
1.690663616522889612e+01
1.671094430684253851e+01
1.701335302671998306e+01
1.739224142854399346e+01
1.707072679483496813e+01
1.690322751897734932e+01
1.665237342567762013e+01
1.705056543009288461e+01
1.699444165548805685e+01
1.685312951789488878e+01
1.697285365115708089e+01
1.768226461402242577e+01
1.687581910104956506e+01
1.742409853133114339e+01
1.725327395225493987e+01
1.703798784439417346e+01
1.717286076078316626e+01
1.737930760230026195e+01
1.713313806398192796e+01
1.672775412105275450e+01
1.733711379327693791e+01
1.731494186815542591e+01
1.716610941922868960e+01
1.677044384662076837e+01
1.716111911313435456e+01
1.730673510124514536e+01
1.712630784691521768e+01
1.717288123213727857e+01
1.688996776337874195e+01
1.666833910365891569e+01
1.723941887890917002e+01
1.692970433786989659e+01
1.725250566288231369e+01
1.743392398052960957e+01
1.700461109602255760e+01
1.727482009667578922e+01
1.745614078096572541e+01
1.693105751459851760e+01
1.738554185755570813e+01
1.745572399002287867e+01
1.704445677178700791e+01
1.704228295769617674e+01
1.708494305674661362e+01
1.743595125184651806e+01
1.670117984363326968e+01
1.695098014486600491e+01
1.713675313940371225e+01
1.722403567226004384e+01
1.703788637323283695e+01
1.730425890998533234e+01
1.718441272183187607e+01
1.689701574673102513e+01
1.751954846627225848e+01
1.702644377020838107e+01
1.723854295819627680e+01
1.692322856951408738e+01
1.698507056424020334e+01
1.692369781433411191e+01
1.709125883896935960e+01
1.736326993040660227e+01
1.692409523351870249e+01
1.714898002705289670e+01
1.726386503496978975e+01
1.709652567816555546e+01
1.706252557882830345e+01
1.722298786205282184e+01
1.719797361877891007e+01
1.684022339068604524e+01
1.709004897368667386e+01
1.695927348350355857e+01
1.735850468692651916e+01
1.719850535023978111e+01
1.706751440224202554e+01
1.721237423932347710e+01
1.704422070875356354e+01
1.716704085407474167e+01
1.737162203508622227e+01
1.711531420524639202e+01
1.680452589608506386e+01
1.736116412003569565e+01
1.717150573357442411e+01
1.692491645431839586e+01
1.660068520038711881e+01
1.682463361111625133e+01
1.652587149285760759e+01
1.729904579392426101e+01
1.766045562695974880e+01
1.732727591670929357e+01
1.754708703906121059e+01
1.692478455949016691e+01
1.684044729515522931e+01
1.709895317133887715e+01
1.724111287885953914e+01
1.702054940243113279e+01
1.689214677404843457e+01
1.715566955408811012e+01
1.712200610202955531e+01
1.721534915389464615e+01
1.672624985044169676e+01
1.725497844447026452e+01
1.708296158204483106e+01
1.712567646105150487e+01
1.688151904318958429e+01
1.712540194489171341e+01
1.704386349087414132e+01
1.718420632055262587e+01
1.717440286440102781e+01
1.702044155253193836e+01
1.705418837637853002e+01
1.718301415368024365e+01
1.759112390443821994e+01
1.740906352807922630e+01
1.667679409831801252e+01
1.701129528855036099e+01
1.703094699992189476e+01
1.740902048541648384e+01
1.723803942121804411e+01
1.691386622775555892e+01
1.696526078132854209e+01
1.705592068342826551e+01
1.709162086507442524e+01
1.713071785392694935e+01
1.702311221242938544e+01
1.727500671731813853e+01
1.692508443961743936e+01
1.718059917065281894e+01
1.669167536077566538e+01
1.694178096579442183e+01
1.692552986751503141e+01
1.712756853303193694e+01
1.714196617820274682e+01
1.720909943001589326e+01
1.710279950537662685e+01
1.739881586716069606e+01
1.728201279298836113e+01
1.692764820051934294e+01
1.690167215324754935e+01
1.672714851436916916e+01
1.723437623545570574e+01
1.726784944889852724e+01
1.723681326824238980e+01
1.747527599588476477e+01
1.715158077723511099e+01
1.708187657853782326e+01
1.697405736503439400e+01
1.704440623758455331e+01
1.672781507930230660e+01
1.749949461812010298e+01
1.688431775272726298e+01
1.697636805634615342e+01
1.718964249361096108e+01
1.676187129135861653e+01
1.718609108483367010e+01
1.719662746418095622e+01
1.705182203755994408e+01
1.685514287494844154e+01
1.714372168287024323e+01
1.751080524390099669e+01
1.703852264202519251e+01
1.708988660215093702e+01
1.730645878965251327e+01
1.731431167021652939e+01
1.749434513167589245e+01
1.670333564788726122e+01
1.698691744460908737e+01
1.715925616636016926e+01
1.709324885621487056e+01
1.739229135713335239e+01
1.645114316380379549e+01
1.722312477210689963e+01
1.699370304186161107e+01
1.734782202803135576e+01
1.726988174870041348e+01
1.724914622311110435e+01
1.656541710832552283e+01
1.723477947317671521e+01
1.710534706061708476e+01
1.692916895577956993e+01
1.684804074552897291e+01
1.695297100172275151e+01
1.755258294065995273e+01
1.743729135158880084e+01
1.709373592978818479e+01
1.691272306752625454e+01
1.714036006311583549e+01
1.765130081242323357e+01
1.714671104365252674e+01
1.699355790397103050e+01
1.696826766601980907e+01
1.695256623650058359e+01
1.686230731500214119e+01
1.719490603259218631e+01
1.696860070335688420e+01
1.703276503635834516e+01
1.726520972000113829e+01
1.711700649521494455e+01
1.670262878110917626e+01
1.654550521728786450e+01
1.692285048292287541e+01
1.754575891277379540e+01
1.752647627076781234e+01
1.719640317412914854e+01
1.703482797390661219e+01
1.679205538976941980e+01
1.657539606770544438e+01
1.708380698925323671e+01
1.704696530226460993e+01
1.663945425286030400e+01
1.734377445212378532e+01
1.719719665886209015e+01
1.769853069407396617e+01
1.707886540777940354e+01
1.697459754826144973e+01
1.710493375874395738e+01
1.736356012397927984e+01
1.708024349132570663e+01
1.696754716976331068e+01
1.727516644823251113e+01
1.734082870043759428e+01
1.725845648499539919e+01
1.696539750485074549e+01
1.743729977221884297e+01
1.722508877604798627e+01
1.687135522977719049e+01
1.701751807995713150e+01
1.681826213323120811e+01
1.698430530496513668e+01
1.689622848748211581e+01
1.717633138399266102e+01
1.691906763309388495e+01
1.714534348051848411e+01
1.661502364628287154e+01
1.713135475654653206e+01
1.700742376385819910e+01
1.718728898880304001e+01
1.705670391745904269e+01
1.698058245693112767e+01
1.695840881503460196e+01
1.723709275823279796e+01
1.701877904443213296e+01
1.724928308012750833e+01
1.701501540371419807e+01
1.713908558648323677e+01
1.676308317433394279e+01
1.702853189715572668e+01
1.732772318359917918e+01
1.707853183216081661e+01
1.737046739509522908e+01
1.670219185881814639e+01
1.696174437368705412e+01
1.738239045982220077e+01
1.711439818282766723e+01
1.718378941983435482e+01
1.699897105435755407e+01
1.730581678189848205e+01
1.690192028390938006e+01
1.726600871773277035e+01
1.714576685460609795e+01
1.700438867106356611e+01
1.705291280384836838e+01
1.715686638394917551e+01
1.693095720486392253e+01
1.711546960269630446e+01
1.729794822445948554e+01
1.696353428358705528e+01
1.695847434180401692e+01
1.685638983652139089e+01
1.704779107988213127e+01
1.694417133984960699e+01
1.696304722251797870e+01
1.722427707736910207e+01
1.660047105071954476e+01
1.723284574793196455e+01
1.711562824825375984e+01
1.728011997686022383e+01
1.681752509144716612e+01
1.722899327479656506e+01
1.716811133573365566e+01
1.701399360793966764e+01
1.730602387965800304e+01
1.693791238027419510e+01
1.722852678267940263e+01
1.749634953678501859e+01
1.723184073839134101e+01
1.683466986684220146e+01
1.750764172927340212e+01
1.733530090913446386e+01
1.700366909346846711e+01
1.677001084807008979e+01
1.726942323046101890e+01
1.744067349904173625e+01
1.696488591787670330e+01
1.720810526933832207e+01
1.670881078199895953e+01
1.730894657222351540e+01
1.699781059472572053e+01
1.714073497924572465e+01
1.720625843512632258e+01
1.703432345436900874e+01
1.702286354329512363e+01
1.679287809201348125e+01
1.721868909809261083e+01
1.701452011001403619e+01
1.740417948124597913e+01
1.720894053739388241e+01
1.707152881687409263e+01
1.744078472713539441e+01
1.720392619401855683e+01
1.729667002430702283e+01
1.681686272533920246e+01
1.657262991736710944e+01
1.756691625188651074e+01
1.681800015595139186e+01
1.716953771871846257e+01
1.721385714115616850e+01
1.704107606437073841e+01
1.691106180316450391e+01
1.713707594175112803e+01
1.719022241712365329e+01
1.719095128050709675e+01
1.731378324025991233e+01
1.686791259049246250e+01
1.717478484175742537e+01
1.703726116790604195e+01
1.727691863530268890e+01
1.722462684520849407e+01
1.702455955079494387e+01
1.734250877082531872e+01
1.731138250496155351e+01
1.693337983177509187e+01
1.718554226943616214e+01
1.726061260491496441e+01
1.753798210218103293e+01
1.711958653236301586e+01
1.716678494664667198e+01
1.715284737267955961e+01
1.666158776471242220e+01
