1.671982399999999913e+01
1.666227200000000153e+01
1.712867200000000167e+01
1.704964800000000125e+01
1.687628799999999885e+01
1.696798400000000129e+01
1.730731199999999959e+01
1.676716800000000163e+01
1.691060799999999986e+01
1.724676799999999943e+01
1.711934400000000167e+01
1.678071999999999875e+01
1.720100800000000163e+01
1.702043199999999956e+01
1.707886399999999938e+01
1.697942400000000163e+01
1.674745599999999968e+01
1.686660799999999938e+01
1.734075199999999839e+01
1.664836800000000139e+01
1.711248000000000147e+01
1.697414399999999901e+01
1.705704000000000065e+01
1.721702399999999855e+01
1.684654400000000152e+01
1.683052800000000104e+01
1.654628800000000055e+01
1.686361600000000038e+01
1.737172800000000095e+01
1.715559999999999974e+01
1.720065599999999861e+01
1.702553599999999889e+01
1.667371199999999831e+01
1.687752000000000052e+01
1.735307200000000094e+01
1.697467200000000176e+01
1.684900800000000132e+01
1.720400000000000063e+01
1.719150399999999834e+01
1.727862400000000065e+01
1.680799999999999983e+01
1.708062400000000025e+01
1.677772799999999975e+01
1.659116799999999969e+01
1.693753600000000148e+01
1.680008000000000123e+01
1.673179199999999867e+01
1.683950400000000158e+01
1.675801600000000136e+01
1.651812800000000081e+01
1.667740799999999979e+01
1.700230399999999875e+01
1.677139199999999875e+01
1.686572800000000072e+01
1.704894399999999877e+01
1.709575999999999851e+01
1.698910400000000109e+01
1.700863999999999976e+01
1.704718400000000145e+01
1.688103999999999871e+01
1.699121600000000143e+01
1.717689599999999928e+01
1.702624000000000137e+01
1.688332799999999878e+01
1.705281599999999997e+01
1.685991999999999891e+01
1.701462400000000130e+01
1.691976000000000013e+01
1.664924800000000005e+01
1.697731200000000129e+01
1.722811199999999943e+01
1.674147200000000169e+01
1.750847999999999871e+01
1.679339200000000076e+01
1.695812799999999854e+01
1.713747199999999893e+01
1.710719999999999885e+01
1.660648000000000124e+01
1.659398399999999896e+01
1.676628799999999941e+01
1.709840000000000160e+01
1.672686399999999907e+01
1.704348799999999997e+01
1.703662399999999977e+01
1.657867200000000096e+01
1.675097600000000142e+01
1.668902399999999986e+01
1.716052799999999934e+01
1.706848000000000098e+01
1.712127999999999872e+01
1.702729599999999976e+01
1.680131199999999936e+01
1.726912000000000091e+01
1.711124799999999979e+01
1.699632000000000076e+01
1.686959999999999837e+01
1.696463999999999928e+01
1.689019199999999898e+01
1.719678400000000096e+01
1.721790400000000076e+01
1.712251200000000040e+01
1.661686399999999963e+01
1.716475200000000001e+01
1.712303999999999959e+01
1.695372800000000169e+01
1.710086400000000140e+01
1.702975999999999956e+01
1.697907199999999861e+01
1.714151999999999987e+01
1.715859199999999873e+01
1.666086400000000012e+01
1.700899199999999922e+01
1.744529599999999903e+01
1.705756799999999984e+01
1.695988799999999941e+01
1.689564800000000133e+01
1.703803200000000118e+01
1.709487999999999985e+01
1.677332799999999935e+01
1.688755199999999945e+01
1.698030400000000029e+01
1.712567999999999913e+01
1.694932800000000128e+01
1.699209600000000009e+01
1.711952000000000140e+01
1.714732800000000168e+01
1.709963199999999972e+01
1.719168000000000163e+01
1.688807999999999865e+01
1.692468799999999973e+01
1.751833600000000146e+01
1.689072000000000173e+01
1.712515199999999993e+01
1.673883199999999860e+01
1.681292799999999943e+01
1.737384000000000128e+01
1.645529600000000059e+01
1.735676799999999886e+01
1.643751999999999924e+01
1.649507200000000040e+01
1.681398400000000137e+01
1.712708800000000053e+01
1.677192000000000149e+01
1.674340799999999874e+01
1.688684800000000052e+01
1.693384000000000000e+01
1.710244799999999898e+01
1.677139199999999875e+01
1.698804799999999915e+01
1.711300800000000066e+01
1.695548799999999900e+01
1.677667200000000136e+01
1.699772799999999862e+01
1.705844799999999850e+01
1.736486400000000074e+01
1.697871999999999915e+01
1.678934399999999982e+01
1.711916799999999839e+01
1.684918400000000105e+01
1.726683200000000085e+01
1.731910399999999939e+01
1.689846400000000060e+01
1.707129600000000025e+01
1.720945599999999942e+01
1.714943999999999846e+01
1.687452800000000153e+01
1.680536000000000030e+01
1.675836800000000082e+01
1.714521600000000134e+01
1.688931200000000032e+01
1.678828800000000143e+01
1.731699199999999905e+01
1.693507200000000168e+01
1.733353599999999872e+01
1.692046399999999906e+01
1.728584000000000032e+01
1.668972799999999879e+01
1.712990399999999980e+01
1.713817600000000141e+01
1.700758400000000137e+01
1.730819199999999825e+01
1.683739200000000125e+01
1.698135999999999868e+01
1.711811199999999999e+01
1.740587199999999868e+01
1.694968000000000075e+01
1.692222399999999993e+01
1.684496000000000038e+01
1.666244800000000126e+01
1.677508800000000022e+01
1.721667199999999909e+01
1.713342400000000154e+01
1.679744000000000170e+01
1.676505600000000129e+01
1.703539200000000164e+01
1.717848000000000042e+01
1.731769600000000153e+01
1.663235200000000091e+01
1.710244799999999898e+01
1.684900800000000132e+01
1.694774400000000014e+01
1.691782399999999953e+01
1.720206400000000002e+01
1.699684799999999996e+01
1.677508800000000022e+01
1.728548800000000085e+01
1.684179200000000165e+01
1.694228800000000135e+01
1.744511999999999929e+01
1.693736000000000175e+01
1.668268799999999885e+01
1.703486399999999890e+01
1.663393599999999850e+01
1.678617600000000110e+01
1.669201599999999885e+01
1.708713600000000099e+01
1.689776000000000167e+01
1.694193599999999833e+01
1.705017600000000044e+01
1.712163200000000174e+01
1.704524800000000084e+01
1.773956799999999845e+01
1.696727999999999881e+01
1.681028799999999990e+01
1.679268799999999828e+01
1.694756800000000041e+01
1.721808000000000050e+01
1.720716799999999935e+01
1.710808000000000106e+01
1.685376000000000118e+01
1.669307200000000080e+01
1.707059200000000132e+01
1.703239999999999910e+01
1.744476799999999983e+01
1.669694399999999845e+01
1.697185599999999894e+01
1.686572800000000072e+01
1.698417600000000149e+01
1.713747199999999893e+01
1.713940799999999953e+01
1.679620800000000003e+01
1.679128000000000043e+01
1.684672000000000125e+01
1.709136000000000166e+01
1.705580799999999897e+01
1.725310400000000044e+01
1.702835200000000171e+01
1.717724799999999874e+01
1.680835199999999929e+01
1.728830400000000012e+01
1.708220800000000139e+01
1.681363199999999836e+01
1.683932799999999830e+01
1.679515200000000164e+01
1.732737600000000100e+01
1.664027199999999951e+01
1.680799999999999983e+01
1.675044799999999867e+01
1.694475200000000115e+01
1.683932799999999830e+01
1.713747199999999893e+01
1.708942400000000106e+01
1.739707200000000142e+01
1.682067199999999829e+01
1.701339199999999963e+01
1.676663999999999888e+01
1.697871999999999915e+01
1.694633599999999873e+01
1.694035200000000074e+01
1.718217599999999834e+01
1.717443199999999948e+01
1.700916799999999895e+01
1.717654399999999981e+01
1.711899199999999865e+01
1.733881600000000134e+01
1.686044800000000166e+01
1.715612799999999893e+01
1.733793599999999913e+01
1.714451199999999886e+01
1.668832000000000093e+01
1.703046399999999849e+01
1.704753600000000091e+01
1.662091200000000057e+01
1.682753599999999850e+01
1.715559999999999974e+01
1.693894399999999933e+01
1.696727999999999881e+01
1.688543999999999912e+01
1.677016000000000062e+01
1.675431999999999988e+01
1.681961599999999990e+01
1.696164800000000028e+01
1.688948800000000006e+01
1.733828799999999859e+01
1.721262400000000170e+01
1.694756800000000041e+01
1.700247999999999848e+01
1.709716799999999992e+01
1.722599999999999909e+01
1.671031999999999940e+01
1.696323200000000142e+01
1.735747200000000134e+01
1.718745600000000096e+01
1.695583999999999847e+01
1.703063999999999822e+01
1.700758400000000137e+01
1.727228799999999964e+01
1.671208000000000027e+01
1.701849599999999896e+01
1.718129599999999968e+01
1.712567999999999913e+01
1.676488000000000156e+01
1.714046400000000148e+01
1.712057599999999979e+01
1.669940799999999825e+01
1.709699200000000019e+01
1.703134400000000070e+01
1.714539200000000108e+01
1.702606400000000164e+01
1.700828800000000030e+01
1.705158399999999830e+01
1.688156800000000146e+01
1.691553599999999946e+01
1.712796799999999919e+01
1.714556800000000081e+01
1.691588799999999893e+01
1.681486400000000003e+01
1.664660800000000052e+01
1.688931200000000032e+01
1.723409600000000097e+01
1.652728000000000108e+01
1.690884799999999899e+01
1.689828800000000086e+01
1.701497600000000077e+01
1.731734399999999852e+01
1.705651200000000145e+01
1.696006399999999914e+01
1.697344000000000008e+01
1.753963200000000100e+01
1.696305600000000169e+01
1.665699199999999891e+01
1.668057599999999852e+01
1.745620800000000017e+01
1.691324799999999939e+01
1.677297599999999989e+01
1.691694400000000087e+01
1.698400000000000176e+01
1.739900799999999848e+01
1.728918399999999878e+01
1.699790399999999835e+01
1.678459199999999996e+01
1.707868799999999965e+01
1.693577600000000061e+01
1.712638400000000161e+01
1.650809599999999833e+01
1.726753599999999977e+01
1.708783999999999992e+01
1.691412800000000161e+01
1.724219199999999930e+01
1.665875199999999978e+01
1.681468800000000030e+01
1.693084800000000101e+01
1.683422399999999897e+01
1.729464000000000112e+01
1.677244800000000069e+01
1.709840000000000160e+01
1.723444800000000043e+01
1.720593600000000123e+01
1.710086400000000140e+01
1.666614399999999918e+01
1.682419200000000004e+01
1.707816000000000045e+01
1.693577600000000061e+01
1.688156800000000146e+01
1.679374400000000023e+01
1.690744000000000113e+01
1.722599999999999909e+01
1.708995200000000025e+01
1.711687999999999832e+01
1.737806399999999840e+01
1.727792000000000172e+01
1.706390400000000085e+01
1.702712000000000003e+01
1.672158400000000000e+01
1.714204799999999906e+01
1.675150400000000062e+01
1.709664000000000073e+01
1.693718399999999846e+01
1.716334399999999860e+01
1.691272000000000020e+01
1.702958399999999983e+01
1.709294399999999925e+01
1.708889599999999831e+01
1.673707200000000128e+01
1.705510400000000004e+01
1.688755199999999945e+01
1.718076800000000048e+01
1.713148800000000094e+01
1.697379199999999955e+01
1.684319999999999951e+01
1.705897600000000125e+01
1.728091200000000072e+01
1.694281600000000054e+01
1.711863999999999919e+01
1.696376000000000062e+01
1.690884799999999899e+01
1.729534400000000005e+01
1.688086399999999898e+01
1.695918400000000048e+01
1.667846400000000173e+01
1.699051199999999895e+01
1.676452799999999854e+01
1.704736000000000118e+01
1.727985599999999877e+01
1.704718400000000145e+01
1.649947200000000080e+01
1.708713600000000099e+01
1.704718400000000145e+01
1.690515200000000107e+01
1.679268799999999828e+01
1.734743999999999886e+01
1.723444800000000043e+01
1.676364799999999988e+01
1.713043199999999899e+01
1.689899199999999979e+01
1.707903999999999911e+01
1.709716799999999992e+01
1.691377599999999859e+01
1.704278400000000104e+01
1.700459199999999882e+01
1.706196800000000025e+01
1.689969599999999872e+01
1.706038399999999911e+01
1.696340800000000115e+01
1.710385600000000039e+01
1.676769600000000082e+01
1.728935999999999851e+01
1.713184000000000040e+01
1.699983999999999895e+01
1.685358400000000145e+01
1.720487999999999928e+01
1.689054399999999845e+01
1.702359999999999829e+01
1.702008000000000010e+01
1.720892800000000022e+01
1.710279999999999845e+01
1.721121600000000029e+01
1.689987199999999845e+01
1.690761600000000087e+01
1.721280000000000143e+01
1.717144000000000048e+01
1.708256000000000085e+01
1.700019199999999842e+01
1.700635199999999969e+01
1.684055999999999997e+01
1.695055999999999941e+01
1.711564800000000020e+01
1.688156800000000146e+01
1.692785599999999846e+01
1.712462400000000073e+01
1.661827200000000104e+01
1.711952000000000140e+01
1.700687999999999889e+01
1.697291200000000089e+01
1.711476800000000154e+01
1.667248000000000019e+01
1.746148799999999923e+01
1.723145600000000144e+01
1.690972800000000120e+01
1.686907199999999918e+01
1.710878399999999999e+01
1.679779200000000117e+01
1.703116800000000097e+01
1.693612800000000007e+01
1.695513599999999954e+01
1.672739199999999826e+01
1.706742399999999904e+01
1.696428799999999981e+01
1.693313600000000108e+01
1.722740800000000050e+01
1.712057599999999979e+01
1.673918400000000162e+01
1.662108800000000031e+01
1.707552000000000092e+01
1.672703999999999880e+01
1.730220800000000025e+01
1.728267200000000159e+01
1.665364800000000045e+01
1.674640000000000128e+01
1.712321599999999933e+01
1.702148800000000151e+01
1.696710399999999908e+01
1.735183999999999926e+01
1.690110400000000013e+01
1.658659199999999956e+01
1.716704000000000008e+01
1.707376000000000005e+01
1.716809599999999847e+01
1.673320000000000007e+01
1.699086399999999841e+01
1.699332800000000177e+01
1.690268800000000127e+01
1.698171200000000169e+01
1.692327999999999832e+01
1.706355200000000139e+01
1.712427200000000127e+01
1.692943999999999960e+01
1.728108800000000045e+01
1.667406400000000133e+01
1.698435200000000123e+01
1.677790399999999948e+01
1.728513600000000139e+01
1.709435200000000066e+01
1.711300800000000066e+01
1.685006399999999971e+01
1.702412800000000104e+01
1.706953599999999938e+01
1.705615999999999843e+01
1.688209600000000066e+01
1.689177600000000012e+01
1.688772799999999918e+01
1.672158400000000000e+01
1.691641600000000167e+01
1.741044799999999881e+01
1.712955200000000033e+01
1.730097599999999858e+01
1.706144000000000105e+01
1.672580800000000067e+01
1.695267199999999974e+01
1.682295999999999836e+01
1.701268800000000070e+01
1.689635200000000026e+01
1.686643199999999965e+01
1.689705599999999919e+01
1.727123200000000125e+01
1.717460799999999921e+01
1.688543999999999912e+01
1.694299200000000027e+01
1.704894399999999877e+01
1.674164800000000142e+01
1.695284799999999947e+01
1.691395199999999832e+01
1.701127999999999929e+01
1.694932800000000128e+01
1.650862400000000108e+01
1.669747200000000120e+01
1.693806400000000068e+01
1.667476800000000026e+01
1.724606400000000050e+01
1.720787199999999828e+01
1.708132799999999918e+01
1.671982399999999913e+01
1.667001600000000039e+01
1.746025600000000111e+01
1.698611199999999855e+01
1.745092800000000111e+01
1.702025599999999983e+01
1.719484800000000035e+01
1.695777599999999907e+01
1.684108799999999917e+01
1.705932800000000071e+01
1.671366400000000141e+01
1.661492799999999903e+01
1.694510400000000061e+01
1.727686399999999978e+01
1.689300799999999825e+01
1.702975999999999956e+01
1.688420800000000099e+01
1.698224000000000089e+01
1.697766400000000075e+01
1.678441600000000022e+01
1.662320000000000064e+01
1.712022400000000033e+01
1.705387199999999837e+01
1.705440000000000111e+01
1.737771199999999894e+01
1.707956799999999831e+01
1.654875200000000035e+01
1.737278399999999934e+01
1.719097599999999915e+01
1.687171199999999871e+01
1.667142399999999824e+01
1.680940800000000124e+01
1.689265599999999878e+01
1.662830399999999997e+01
1.712374399999999852e+01
1.677561599999999942e+01
1.684724800000000045e+01
1.709153600000000139e+01
1.694580799999999954e+01
1.673812799999999967e+01
1.716862400000000122e+01
1.710139200000000059e+01
1.684936000000000078e+01
1.697062400000000082e+01
1.728830400000000012e+01
1.701321599999999989e+01
1.693102400000000074e+01
1.750003200000000092e+01
1.675379200000000068e+01
1.701233600000000123e+01
1.681451200000000057e+01
1.690568000000000026e+01
1.715718400000000088e+01
1.708678400000000153e+01
1.692785599999999846e+01
1.697062400000000082e+01
1.702747199999999950e+01
1.704700800000000172e+01
1.701990400000000037e+01
1.718270400000000109e+01
1.671260799999999946e+01
1.677720000000000056e+01
1.702166400000000124e+01
1.690004800000000174e+01
1.746712000000000131e+01
1.716563199999999867e+01
1.700300800000000123e+01
1.702008000000000010e+01
1.712902400000000114e+01
1.690620799999999946e+01
1.694052800000000047e+01
1.695848000000000155e+01
1.714891199999999927e+01
1.670099199999999939e+01
1.704155199999999937e+01
1.709259199999999979e+01
1.677896000000000143e+01
1.698171200000000169e+01
1.680113599999999963e+01
1.695566399999999874e+01
1.714803200000000061e+01
1.681996799999999936e+01
1.704137599999999964e+01
1.730273599999999945e+01
1.688051199999999952e+01
1.712638400000000161e+01
1.659803199999999990e+01
1.713131200000000121e+01
1.700828800000000030e+01
1.658412799999999976e+01
1.691888000000000147e+01
1.719343999999999895e+01
1.711054400000000086e+01
1.727633600000000058e+01
1.671612800000000121e+01
1.742065600000000103e+01
1.701339199999999963e+01
1.673337599999999981e+01
1.708361599999999925e+01
1.699667200000000022e+01
1.710860800000000026e+01
1.700793600000000083e+01
1.694228800000000135e+01
1.680659199999999842e+01
1.703627200000000030e+01
1.696235199999999921e+01
1.671067199999999886e+01
1.728003199999999850e+01
1.692486399999999946e+01
1.687928000000000139e+01
1.709505599999999959e+01
1.695759999999999934e+01
1.709347199999999845e+01
1.681433600000000084e+01
1.683387199999999950e+01
1.656881600000000176e+01
1.759401599999999988e+01
1.712955200000000033e+01
1.681416000000000111e+01
1.670855999999999852e+01
1.713518399999999886e+01
1.704595199999999977e+01
1.684795199999999937e+01
1.708836799999999911e+01
1.707340800000000058e+01
1.684953600000000051e+01
1.691395199999999832e+01
1.701497600000000077e+01
1.672598400000000041e+01
1.708643199999999851e+01
1.695495999999999981e+01
1.687171199999999871e+01
1.713166400000000067e+01
1.693419199999999947e+01
1.701849599999999896e+01
1.695988799999999941e+01
1.725591999999999970e+01
1.696270399999999867e+01
1.691324799999999939e+01
1.677649600000000163e+01
1.695672000000000068e+01
1.682137600000000077e+01
1.724483199999999883e+01
1.716422400000000081e+01
1.673249600000000115e+01
1.708977600000000052e+01
1.706707199999999958e+01
1.716844800000000149e+01
1.718499200000000116e+01
1.706672000000000011e+01
1.649067200000000000e+01
1.733934400000000053e+01
1.672263999999999839e+01
1.662601599999999991e+01
1.709963199999999972e+01
1.693753600000000148e+01
1.696903999999999968e+01
1.713624000000000080e+01
1.681204800000000077e+01
1.691817599999999899e+01
1.693876799999999960e+01
1.694422399999999840e+01
1.702659200000000084e+01
1.711230400000000174e+01
1.742804800000000043e+01
1.679990400000000150e+01
1.737507199999999941e+01
1.711705600000000160e+01
1.683950400000000158e+01
1.680183999999999855e+01
1.708731200000000072e+01
1.716862400000000122e+01
1.682348800000000111e+01
1.741009599999999935e+01
1.694809599999999961e+01
1.727492799999999917e+01
1.705968000000000018e+01
1.675044799999999867e+01
1.728636799999999951e+01
1.697660799999999881e+01
1.701532800000000023e+01
1.709206400000000059e+01
1.715190399999999826e+01
1.753065600000000046e+01
1.725398399999999910e+01
1.720400000000000063e+01
1.696886399999999995e+01
1.704911999999999850e+01
1.661721599999999910e+01
1.718288000000000082e+01
1.726683200000000085e+01
1.690304000000000073e+01
1.708062400000000025e+01
1.703433599999999970e+01
1.706460799999999978e+01
1.708115199999999945e+01
1.680518400000000057e+01
1.658553600000000117e+01
1.680272000000000077e+01
1.697291200000000089e+01
1.677526399999999995e+01
1.712708800000000053e+01
1.700494399999999828e+01
1.702975999999999956e+01
1.707604800000000012e+01
1.702448000000000050e+01
1.689529599999999832e+01
1.673407999999999873e+01
1.717495999999999867e+01
1.707692799999999878e+01
1.673566399999999987e+01
1.686643199999999965e+01
1.665435199999999938e+01
1.679990400000000150e+01
1.690867199999999926e+01
1.698012800000000055e+01
1.697467200000000176e+01
1.668444799999999972e+01
1.722652799999999829e+01
1.700142400000000009e+01
1.699473599999999962e+01
1.716756799999999927e+01
1.697537600000000069e+01
1.674393600000000148e+01
1.738070400000000149e+01
1.725944000000000145e+01
1.668726399999999899e+01
1.688438400000000073e+01
1.677860799999999841e+01
1.703398400000000024e+01
1.711476800000000154e+01
1.724553600000000131e+01
1.681028799999999990e+01
1.698646400000000156e+01
1.685956799999999944e+01
1.651689599999999913e+01
1.663305599999999984e+01
1.704119999999999990e+01
1.647817600000000127e+01
1.728795200000000065e+01
1.732139199999999946e+01
1.685340800000000172e+01
1.724096000000000117e+01
1.725521600000000078e+01
1.677332799999999935e+01
1.683422399999999897e+01
1.713254399999999933e+01
1.682225599999999943e+01
1.676593599999999995e+01
1.725011200000000144e+01
1.682859200000000044e+01
1.708731200000000072e+01
1.692891200000000040e+01
1.702975999999999956e+01
1.704841599999999957e+01
1.704929599999999823e+01
1.677438400000000129e+01
1.681556799999999896e+01
1.709364800000000173e+01
1.722441600000000150e+01
1.672950399999999860e+01
1.736680000000000135e+01
1.691518400000000000e+01
1.672844800000000021e+01
1.695812799999999854e+01
1.715102399999999960e+01
1.693700799999999873e+01
1.687875199999999865e+01
1.720047999999999888e+01
1.712515199999999993e+01
1.721473599999999848e+01
1.728143999999999991e+01
1.696481599999999901e+01
1.703169600000000017e+01
1.689511999999999858e+01
1.703820800000000091e+01
1.684988799999999998e+01
1.692486399999999946e+01
1.692662400000000034e+01
1.669641599999999926e+01
1.700529600000000130e+01
1.699667200000000022e+01
1.728988800000000126e+01
1.696023999999999887e+01
1.714891199999999927e+01
1.685463999999999984e+01
1.690515200000000107e+01
1.690092800000000040e+01
1.739900799999999848e+01
1.698100799999999921e+01
1.720558400000000177e+01
1.700793600000000083e+01
1.723867200000000111e+01
1.716721599999999981e+01
1.688279999999999959e+01
1.698857599999999834e+01
1.731699199999999905e+01
1.678406400000000076e+01
1.736855999999999867e+01
1.708960000000000079e+01
1.742822400000000016e+01
1.690215999999999852e+01
1.698382399999999848e+01
1.696833600000000075e+01
1.709100799999999865e+01
1.728742400000000146e+01
1.673179199999999867e+01
1.744564799999999849e+01
1.674569599999999880e+01
1.726102399999999903e+01
1.681539199999999923e+01
1.690145599999999959e+01
1.728143999999999991e+01
1.683633599999999930e+01
1.685798399999999830e+01
1.742980800000000130e+01
1.699332800000000177e+01
1.670169599999999832e+01
1.692380800000000107e+01
1.705158399999999830e+01
1.688139200000000173e+01
1.699719999999999942e+01
1.735166399999999953e+01
1.700283200000000150e+01
1.709699200000000019e+01
1.682031999999999883e+01
1.721631999999999962e+01
1.678247999999999962e+01
1.673284800000000061e+01
1.696516799999999847e+01
1.684108799999999917e+01
1.693120000000000047e+01
1.675995199999999841e+01
1.708801599999999965e+01
1.707516800000000146e+01
1.678705599999999976e+01
1.730079999999999885e+01
1.714169599999999960e+01
1.712656000000000134e+01
1.692803200000000174e+01
1.681627200000000144e+01
1.694299200000000027e+01
1.707622399999999985e+01
1.695161600000000135e+01
1.703715199999999896e+01
1.710473599999999905e+01
1.721244799999999842e+01
1.688297599999999932e+01
1.736750400000000027e+01
1.680887999999999849e+01
1.688139200000000173e+01
1.700987200000000144e+01
1.672422399999999953e+01
1.714310400000000101e+01
1.724993600000000171e+01
1.737999999999999901e+01
1.688385600000000153e+01
1.682225599999999943e+01
1.691219200000000100e+01
1.723884800000000084e+01
1.721719999999999828e+01
1.686889599999999945e+01
1.712092799999999926e+01
1.709628800000000126e+01
1.676294400000000095e+01
1.727721599999999924e+01
1.716334399999999860e+01
1.692627200000000087e+01
1.703609600000000057e+01
1.687787199999999999e+01
1.655684799999999868e+01
1.654452799999999968e+01
1.723726399999999970e+01
1.659591999999999956e+01
1.717038399999999854e+01
1.683528000000000091e+01
1.688385600000000153e+01
1.685376000000000118e+01
1.685798399999999830e+01
1.727616000000000085e+01
1.728214399999999884e+01
1.691764799999999980e+01
1.656881600000000176e+01
1.697942400000000163e+01
1.739232000000000156e+01
1.717161600000000021e+01
1.704119999999999990e+01
1.671788799999999853e+01
1.668867200000000039e+01
1.707376000000000005e+01
1.711512000000000100e+01
1.706531199999999870e+01
1.674939200000000028e+01
1.669641599999999926e+01
1.712303999999999959e+01
1.687875199999999865e+01
1.696675199999999961e+01
1.706249599999999944e+01
1.663059200000000004e+01
1.711652799999999885e+01
1.679374400000000023e+01
1.697150399999999948e+01
1.716510399999999947e+01
1.717091200000000129e+01
1.676980800000000116e+01
1.704119999999999990e+01
1.685147200000000112e+01
1.686854399999999998e+01
1.702782399999999896e+01
1.698558399999999935e+01
1.669694399999999845e+01
1.698892800000000136e+01
1.713201600000000013e+01
1.705527999999999977e+01
1.702395200000000131e+01
1.708836799999999911e+01
1.687998400000000032e+01
1.695971199999999968e+01
1.660313599999999923e+01
1.686431999999999931e+01
1.669377599999999973e+01
1.654311999999999827e+01
1.717020799999999880e+01
1.672334400000000088e+01
1.680782400000000010e+01
1.697801600000000022e+01
1.688931200000000032e+01
1.662214399999999870e+01
1.663340799999999930e+01
1.693207999999999913e+01
1.691729600000000033e+01
1.698470400000000069e+01
1.683844799999999964e+01
1.674640000000000128e+01
1.729939200000000099e+01
1.631995200000000068e+01
1.672792000000000101e+01
1.716140800000000155e+01
1.709628800000000126e+01
1.693419199999999947e+01
1.694052800000000047e+01
1.697836799999999968e+01
1.690339200000000019e+01
1.745163200000000003e+01
1.700195199999999929e+01
1.716616000000000142e+01
1.706742399999999904e+01
1.678300799999999882e+01
1.719731200000000015e+01
1.707199999999999918e+01
1.709153600000000139e+01
1.711846399999999946e+01
1.713694399999999973e+01
1.724078400000000144e+01
1.701092799999999983e+01
1.669782400000000067e+01
1.720892800000000022e+01
1.691113599999999906e+01
1.693384000000000000e+01
1.724430399999999963e+01
1.718094400000000022e+01
1.685358400000000145e+01
1.678899200000000036e+01
1.673671999999999827e+01
1.698100799999999921e+01
1.713553599999999832e+01
1.735395199999999960e+01
1.681539199999999923e+01
1.679744000000000170e+01
1.705651200000000145e+01
1.655614399999999975e+01
1.717953599999999881e+01
1.706319999999999837e+01
1.669307200000000080e+01
1.722635199999999855e+01
1.679339200000000076e+01
1.683580800000000011e+01
1.711599999999999966e+01
1.714046400000000148e+01
1.689019199999999898e+01
1.700388799999999989e+01
1.714222399999999880e+01
1.712867200000000167e+01
1.730537599999999898e+01
1.718763200000000069e+01
1.695408000000000115e+01
1.710209599999999952e+01
1.727792000000000172e+01
1.680131199999999936e+01
1.714011199999999846e+01
1.689705599999999919e+01
1.695654400000000095e+01
1.671999999999999886e+01
1.707921599999999884e+01
1.689336000000000126e+01
1.713096000000000174e+01
1.677596799999999888e+01
1.696903999999999968e+01
1.722054400000000030e+01
1.686484799999999851e+01
1.693718399999999846e+01
1.721684799999999882e+01
1.688790399999999892e+01
1.694862399999999880e+01
1.689388800000000046e+01
1.723110399999999842e+01
1.689723199999999892e+01
1.693788800000000094e+01
1.682102400000000131e+01
1.677403199999999828e+01
1.705440000000000111e+01
1.705791999999999931e+01
1.677631999999999834e+01
1.717900799999999961e+01
1.727897600000000011e+01
1.714715199999999840e+01
1.707305600000000112e+01
1.716915200000000041e+01
1.710051199999999838e+01
1.702676800000000057e+01
1.665294400000000152e+01
1.695918400000000048e+01
1.684583999999999904e+01
1.719396800000000169e+01
1.720153600000000083e+01
1.689881600000000006e+01
1.717390400000000028e+01
1.720593600000000123e+01
1.671788799999999853e+01
1.720206400000000002e+01
1.687224000000000146e+01
1.725468800000000158e+01
1.716686400000000035e+01
1.669993600000000100e+01
1.710983999999999838e+01
1.676100800000000035e+01
1.686185599999999951e+01
1.701374399999999909e+01
1.716087999999999880e+01
1.706742399999999904e+01
1.644684799999999925e+01
1.703099200000000124e+01
1.677579199999999915e+01
1.664150400000000118e+01
1.689864000000000033e+01
1.702817599999999842e+01
1.736768000000000001e+01
1.710174400000000006e+01
1.665206399999999931e+01
1.664432000000000045e+01
1.701550399999999996e+01
1.676752000000000109e+01
1.700423999999999936e+01
1.706601600000000118e+01
1.684531199999999984e+01
1.673636799999999880e+01
1.710244799999999898e+01
1.695883200000000102e+01
1.731223999999999918e+01
1.688279999999999959e+01
1.707270400000000166e+01
1.674428800000000095e+01
1.731505599999999845e+01
1.679321600000000103e+01
1.711459199999999825e+01
1.720382400000000089e+01
1.730185600000000079e+01
1.696481599999999901e+01
1.705862399999999823e+01
1.698822399999999888e+01
1.695372800000000169e+01
1.684443200000000118e+01
1.701374399999999909e+01
1.661756799999999856e+01
1.697643199999999908e+01
1.693947199999999853e+01
1.689723199999999892e+01
1.702835200000000171e+01
1.693806400000000068e+01
1.695988799999999941e+01
1.680676800000000171e+01
1.692046399999999906e+01
1.704560000000000031e+01
1.716880000000000095e+01
1.684161599999999837e+01
1.673478400000000121e+01
1.695144000000000162e+01
1.692204800000000020e+01
1.688878400000000113e+01
1.721332800000000063e+01
1.704560000000000031e+01
1.688719999999999999e+01
1.721262400000000170e+01
1.676417599999999908e+01
1.707622399999999985e+01
1.696199999999999974e+01
1.671366400000000141e+01
1.701955200000000090e+01
1.681979199999999963e+01
1.692134400000000127e+01
1.662847999999999971e+01
1.714187199999999933e+01
1.706531199999999870e+01
1.720646400000000042e+01
1.671524799999999900e+01
1.681750399999999956e+01
1.706495999999999924e+01
1.675344000000000122e+01
1.680060800000000043e+01
1.699526399999999882e+01
1.699931199999999976e+01
1.704841599999999957e+01
1.660102399999999889e+01
1.659486400000000117e+01
1.682612800000000064e+01
1.666367999999999938e+01
1.695953599999999994e+01
1.684672000000000125e+01
1.688596799999999831e+01
1.706848000000000098e+01
1.709699200000000019e+01
1.669430399999999892e+01
1.691623999999999839e+01
