1.870660259489205401e+01
1.840067070671026883e+01
1.893692192238579963e+01
1.811428803320558245e+01
1.761262463212000995e+01
1.858292670619158216e+01
1.797886311123804148e+01
1.831356951557632584e+01
1.868076862660061721e+01
1.810131995823427786e+01
1.818207037368901169e+01
1.847778043182348640e+01
1.839608882612928298e+01
1.855581771074501063e+01
1.805503535797765480e+01
1.788071907737124633e+01
1.843235332058631570e+01
1.834774460725202161e+01
1.862493315790018755e+01
1.873282398896049727e+01
1.864051806659719190e+01
1.825283304640869630e+01
1.842372505780259573e+01
1.801471405131020376e+01
1.840308456893345479e+01
1.862391624453487893e+01
1.790450931074043694e+01
1.856062017862253199e+01
1.793700389996005029e+01
1.823873451471581930e+01
1.837495176869391500e+01
1.800426854368743790e+01
1.888703309682651721e+01
1.826173944220469991e+01
1.812555741630705342e+01
1.851657973782933198e+01
1.834766033172232369e+01
1.840285499848280182e+01
1.820744967317789431e+01
1.826366818937719927e+01
1.815976589977318056e+01
1.826535023917675460e+01
1.774354892817650509e+01
1.842999292916282528e+01
1.827516161252838245e+01
1.834377044369845322e+01
1.848382018167871976e+01
1.827310406035065427e+01
1.838772278477188848e+01
1.832099872612647573e+01
1.879588059923844057e+01
1.829082919687841624e+01
1.833887307408955891e+01
1.822584012505691931e+01
1.830761266504205764e+01
1.872609365461794440e+01
1.805298234757849940e+01
1.880387938806226700e+01
1.833584316646191326e+01
1.856928261314941864e+01
1.819639485369019738e+01
1.821190306482985122e+01
1.879155675267015368e+01
1.886023278396219993e+01
1.839510549427146913e+01
1.849172800866301003e+01
1.834795768127935389e+01
1.782934811804043562e+01
1.868808651537061394e+01
1.841261116369230777e+01
1.812512528391831523e+01
1.828395796398137207e+01
1.828435405150077742e+01
1.826393952154938205e+01
1.882567848837494395e+01
1.816466994626997433e+01
1.848448037349522366e+01
1.835751437528544017e+01
1.848386379850295924e+01
1.845809081361836945e+01
1.796387332595972097e+01
1.904131491859710934e+01
1.829332439338999450e+01
1.858312004685322094e+01
1.768967651973362365e+01
1.810579806162531114e+01
1.843427080485930247e+01
1.802802578662331712e+01
1.851515331616084481e+01
1.816872405343615782e+01
1.776397047142854646e+01
1.875457220479632170e+01
1.825334981968616077e+01
1.851816132789783254e+01
1.831413523745618122e+01
1.848988912507214621e+01
1.842131324316950369e+01
1.851670015588266338e+01
1.816894211558356531e+01
1.841173992269865778e+01
1.802912844296146133e+01
1.843166902876404833e+01
1.859402688835551132e+01
1.832577728836663766e+01
1.829235746448870614e+01
1.849653095561745175e+01
1.795018931194731593e+01
1.791312844409320348e+01
1.834175629522084350e+01
1.786516489317595102e+01
1.802144736610934572e+01
1.826368427977539000e+01
1.878191793807679844e+01
1.914101303936777043e+01
1.873940074388717747e+01
1.842753609564558914e+01
1.833186437890585907e+01
1.829090447853740287e+01
1.849396005801150622e+01
1.877153625205087550e+01
1.863497287273543535e+01
1.808851652018314837e+01
1.864692187189092820e+01
1.866919973542409039e+01
1.834325259461755664e+01
1.852237950029590152e+01
1.822715659959963830e+01
1.838958198717508807e+01
1.874855253740690841e+01
1.856850039965732080e+01
1.838527555409984160e+01
1.839395673995914393e+01
1.841404536346358611e+01
1.825351074139166840e+01
1.807056527262167833e+01
1.874392308713246891e+01
1.819974095337565245e+01
1.797342476142096501e+01
1.814645365886691408e+01
1.838932486152756951e+01
1.815087211913153808e+01
1.842556726615841001e+01
1.856434850117477708e+01
1.813413405708693205e+01
1.837214771423053250e+01
1.808236021222650791e+01
1.861305943760527626e+01
1.844067928970151371e+01
1.845023103075254056e+01
1.865451302898326702e+01
1.801763006074621742e+01
1.806885755006788230e+01
1.817280702519912694e+01
1.828085773776627221e+01
1.825870816344507830e+01
1.822265345973265482e+01
1.849798246028505133e+01
1.811813535216635884e+01
1.811786781996169537e+01
1.823104195716834397e+01
1.795448363872492337e+01
1.803676344785819907e+01
1.831221028972507270e+01
1.859169419411178126e+01
1.808310075272688167e+01
1.812541899277915647e+01
1.804804756571170188e+01
1.851144063355751257e+01
1.807143718440073599e+01
1.855313473333361785e+01
1.825168887969051568e+01
1.813325736907404817e+01
1.790137654609943851e+01
1.837113572465964140e+01
1.849050590529012084e+01
1.840897647036406681e+01
1.822420255375818599e+01
1.851059212957718714e+01
1.848041698345890183e+01
1.814796900699003857e+01
1.853134807462472722e+01
1.809542418449106549e+01
1.811130310146639033e+01
1.799935510005474271e+01
1.830280208575488743e+01
1.848281508929634498e+01
1.775035666394475342e+01
1.847876680863976162e+01
1.782115759268841870e+01
1.834804779478111669e+01
1.859663035347963245e+01
1.826369028051450982e+01
1.777315156796404949e+01
1.800729748932410956e+01
1.824828455119000736e+01
1.855541346610628395e+01
1.831466337075747219e+01
1.851854800024927172e+01
1.801625862994649196e+01
1.815306962184454420e+01
1.865776185186545888e+01
1.796392808646639949e+01
1.869609825728476338e+01
1.828889120514163835e+01
1.755512404964757778e+01
1.798990208456647011e+01
1.819819117189576829e+01
1.813175737521834208e+01
1.844924572392080009e+01
1.809838931755189151e+01
1.808528989174714852e+01
1.838775534279735524e+01
1.802917072539276333e+01
1.816980662862048845e+01
1.832261443032184900e+01
1.786854793156249954e+01
1.842449570653912261e+01
1.795234864082565451e+01
1.821370637541719972e+01
1.806244741573343759e+01
1.840820828292210720e+01
1.849096241723013279e+01
1.801625697831738648e+01
1.845402228841061643e+01
1.863304096581495628e+01
1.842350297385791791e+01
1.870683461912956247e+01
1.797178943713578647e+01
1.788490766828237000e+01
1.828040425368780220e+01
1.828912724236051446e+01
1.803322116874958070e+01
1.826347804502217897e+01
1.830362485367508185e+01
1.800730817572666709e+01
1.833307616197810574e+01
1.829052725183853667e+01
1.833352343896645920e+01
1.820923435903285537e+01
1.839948788954490055e+01
1.811787687481646358e+01
1.767694760219947980e+01
1.816778527522563635e+01
1.812651867542384565e+01
1.816461621778070779e+01
1.873306622855312398e+01
1.843504361168609051e+01
1.827806026454612010e+01
1.860472292444142539e+01
1.865805249674922806e+01
1.863294534265916980e+01
1.805536889968120562e+01
1.810197173069591514e+01
1.883798799128343049e+01
1.833453894328584965e+01
1.856434065523167121e+01
1.832775098479997311e+01
1.816785071276758146e+01
1.856105377609535978e+01
1.854705006586279481e+01
1.825644051944810187e+01
1.862669266173903893e+01
1.858377721664603399e+01
1.843876100053843814e+01
1.861550386959337899e+01
1.813723840734704851e+01
1.862164751407726726e+01
1.871002897435866075e+01
1.849542065130924939e+01
1.865449242675931529e+01
1.821710972136176920e+01
1.856792935072215300e+01
1.813246366001130738e+01
1.769698123551590641e+01
1.811145347251898485e+01
1.842544329867105546e+01
1.870684004462815864e+01
1.802375430262140554e+01
1.841568881133558477e+01
1.786747139489209246e+01
1.855164874106531059e+01
1.816954693321639169e+01
1.842378311957925163e+01
1.812404780060787246e+01
1.836810965337548396e+01
1.855463725801914165e+01
1.819826740874820814e+01
1.812658418689558815e+01
1.856406186233069278e+01
1.846345308701048538e+01
1.820831786974530786e+01
1.792398643814771120e+01
1.844940151188759003e+01
1.857794788538731368e+01
1.843635892454880931e+01
1.850255416809185149e+01
1.815337492571030253e+01
1.837380375685783562e+01
1.794341514817018535e+01
1.851135657772410426e+01
1.823557204426014522e+01
1.786131828855781833e+01
1.844485229315624153e+01
1.837440242400848334e+01
1.786832812864883735e+01
1.846468044205012760e+01
1.838507862347621113e+01
1.877810666750318802e+01
1.819567654743335794e+01
1.857122531166356083e+01
1.859200053182131995e+01
1.823865022681781056e+01
1.866356335669940947e+01
1.828732115776144340e+01
1.816522430520794629e+01
1.830639479487968657e+01
1.824196109329463056e+01
1.833773541242334559e+01
1.826044304822623587e+01
1.789684522721697135e+01
1.823492398294237660e+01
1.798384317217324124e+01
1.867796851368809996e+01
1.863578547852936751e+01
1.857200977240660222e+01
1.824651156741297697e+01
1.846910996416772122e+01
1.771494876673855856e+01
1.846973181249313356e+01
1.807571469903249550e+01
1.789088574789198915e+01
1.807528039549101351e+01
1.815518693325309130e+01
1.853099226649305820e+01
1.825553746091742369e+01
1.834690451663498578e+01
1.830244341872684899e+01
1.817321508675678743e+01
1.845538432368644877e+01
1.842382009421919875e+01
1.815197929953920664e+01
1.809781684182632588e+01
1.844139112297830962e+01
1.803481326300769538e+01
1.825847845242696010e+01
1.826899083173010752e+01
1.825008694014120536e+01
1.818581265200350927e+01
1.853046890983793560e+01
1.813690160406865459e+01
1.839448203933834591e+01
1.868375535806493914e+01
1.870815574318397267e+01
1.811714873837195228e+01
1.817858923590593534e+01
1.812413097823748842e+01
1.837300454471553124e+01
1.812864696392863806e+01
1.844274576119770614e+01
1.820027928939087047e+01
1.820241474221565525e+01
1.862215999435028380e+01
1.809371549406091262e+01
1.800248630846338571e+01
1.836130152105515023e+01
1.832086706357808481e+01
1.812096980264645296e+01
1.846569301960733256e+01
1.791337028199243164e+01
1.806326152425877041e+01
1.818015089336067902e+01
1.850180552529608846e+01
1.873553020860757812e+01
1.841340396902007370e+01
1.815846175799215700e+01
1.865523402066288838e+01
1.808882096870062739e+01
1.787161458284939286e+01
1.807599979297580717e+01
1.834520545623738386e+01
1.812154586523218924e+01
1.847511104795734838e+01
1.816030281847775640e+01
1.822810748679509274e+01
1.870676174896688693e+01
1.773034735714508869e+01
1.849789952093344780e+01
1.824949346075470658e+01
1.846884222824413868e+01
1.816672983162058230e+01
1.875512689088879625e+01
1.821647011870133781e+01
1.819307667556478592e+01
1.874545371252419912e+01
1.813428314438674960e+01
1.850973157903851884e+01
1.818322100342403758e+01
1.805107105001346923e+01
1.829386760325177264e+01
1.827476330527747450e+01
1.862883775040370793e+01
1.860093818538073762e+01
1.830975625554153297e+01
1.833549454498214715e+01
1.859251886304708989e+01
1.898095306278326433e+01
1.826689731877566913e+01
1.816867038393455402e+01
1.847471398529960851e+01
1.846018965503219889e+01
1.812146312162216688e+01
1.821275255484021471e+01
1.880544373726583629e+01
1.831135307980760984e+01
1.824774438019959888e+01
1.825714642872550542e+01
1.831276555401571571e+01
1.836679809680698128e+01
1.832942720690728322e+01
1.789256252619671983e+01
1.833704575463989528e+01
1.871706625163035298e+01
1.812845576891114519e+01
1.855655020059434435e+01
1.812096670870694481e+01
1.853563990022515995e+01
1.886662483784612121e+01
1.801890030087967531e+01
1.815972610342577553e+01
1.871041121949893338e+01
1.863655346730836726e+01
1.844155673997835976e+01
1.826026800714699760e+01
1.866670894911935008e+01
1.848001168228023161e+01
1.845181371796159553e+01
1.782737743741501646e+01
1.822434369925766617e+01
1.836945268838328360e+01
1.817986405142345419e+01
1.802566238281959343e+01
1.789940122606610728e+01
1.825090105992994438e+01
1.840608550492382633e+01
1.847837682838433082e+01
1.823868191317583864e+01
1.840802909653512032e+01
1.824198528469495173e+01
1.812158527644829320e+01
1.855793416098260096e+01
1.808076006808807179e+01
1.815568949703790835e+01
1.804694909474642017e+01
1.834187688969484142e+01
1.818544563025008642e+01
1.893600928246990733e+01
1.794601889801537453e+01
1.820034677597257655e+01
1.825222057774521289e+01
1.833593414118987752e+01
1.782380007971690716e+01
1.823278658839553401e+01
1.793227532568707971e+01
1.853894269809270767e+01
1.826454325449656579e+01
1.824357471494783312e+01
1.802282121387453628e+01
1.847760425586341171e+01
1.816497389495877002e+01
1.854888789967656493e+01
1.809488270203541660e+01
1.811994230543169238e+01
1.847471757102851697e+01
1.805685786470510834e+01
1.807817062710383382e+01
1.858967346252087793e+01
1.847896435713630936e+01
1.814977879310930931e+01
1.803880854384255983e+01
1.826961777525897190e+01
1.869077437766848959e+01
1.800988813425089674e+01
1.870358491729879091e+01
1.842089180969916029e+01
1.817251450861654405e+01
1.785865167525575004e+01
1.825359236981175926e+01
1.855610348599526915e+01
1.807203108203103170e+01
1.830405245869117437e+01
1.851569098290076454e+01
1.849956755967666666e+01
1.770850103180458746e+01
1.833530330299137390e+01
1.821711724820265133e+01
1.804446004047159846e+01
1.804094506604321779e+01
1.796801649142852142e+01
1.827245061028792605e+01
1.807233954760901540e+01
1.807649403184579029e+01
1.847974514784982958e+01
1.837094360085665556e+01
1.832141410740650400e+01
1.829286122999626940e+01
1.826091701956596580e+01
1.845658253170077145e+01
1.831974128434301718e+01
1.805092575450844095e+01
1.785517580811890781e+01
1.827052858526281653e+01
1.841387426933713911e+01
1.759647837061118025e+01
1.779231427447443181e+01
1.816478124745083278e+01
1.825204348743674743e+01
1.843282426204116575e+01
1.814571268404914406e+01
1.857848047357979482e+01
1.795925667827098948e+01
1.837255940261024634e+01
1.808367424062913642e+01
1.823861540514699087e+01
1.825152742898561087e+01
1.821995955900776210e+01
1.837922065855964604e+01
1.803823762506930706e+01
1.814225434606102638e+01
1.799955994536291826e+01
1.852877003104366338e+01
1.807441176153338702e+01
1.863228535433663424e+01
1.820754592090833768e+01
1.839578124114359881e+01
1.806098413458777685e+01
1.844310431322396582e+01
1.839713793951241172e+01
1.837640054271380663e+01
1.788090552390740129e+01
1.836022005144822344e+01
1.822836302386916074e+01
1.834710842890042315e+01
1.863921882380885364e+01
1.815785463152381141e+01
1.863800221510132360e+01
1.782339501124689463e+01
1.872335326416754953e+01
1.899964180855831586e+01
1.866919963251868708e+01
1.830476130162211490e+01
1.861674741787886944e+01
1.822101571989859181e+01
1.784148348676234264e+01
1.870363213715948447e+01
1.799665271608630235e+01
1.848011283249208603e+01
1.828147118051123243e+01
1.844774325225123590e+01
1.805951396333077952e+01
1.801753570637894342e+01
1.834724996473772407e+01
1.825922807011100346e+01
1.856854463311930559e+01
1.821256062329947056e+01
1.804371198535240595e+01
1.811999303006525253e+01
1.821665741663219507e+01
1.821307310317032346e+01
1.870528141259019961e+01
1.842088744180820470e+01
1.813381123059704336e+01
1.860599177003364701e+01
1.798487231966315747e+01
1.779010332334297928e+01
1.825027307414795885e+01
1.831654300522523471e+01
1.849719230918281099e+01
1.798843668333041990e+01
1.800053707066398800e+01
1.798387960419744047e+01
1.830127862437204911e+01
1.802824600274657740e+01
1.776594915281146214e+01
1.791486802374619813e+01
1.849678134512000938e+01
1.816969946060758900e+01
1.827410834297577225e+01
1.807584236638921382e+01
1.803137597165268247e+01
1.907933610491560472e+01
1.862989878337876704e+01
1.802957344377175986e+01
1.871607269898930070e+01
1.786131215119468152e+01
1.841355589015745764e+01
1.841527629419272216e+01
1.854115778035353301e+01
1.803768769585900955e+01
1.872564146808297636e+01
1.802533403754023666e+01
1.847704251960935906e+01
1.854930027222435385e+01
1.804394761865045638e+01
1.801438598651826695e+01
1.828072503612259325e+01
1.863518373541636564e+01
1.821019259113080224e+01
1.846776115150915842e+01
1.840838151413028712e+01
1.835592086737680262e+01
1.846916424719391614e+01
1.832900566890268124e+01
1.816053875161635034e+01
1.859637905832748572e+01
1.804845772556836891e+01
1.812931094211057825e+01
1.817864478452851529e+01
1.804922178393434606e+01
1.795765984341475985e+01
1.842559722893138741e+01
1.802333866702931431e+01
1.849381239704611701e+01
1.810724079961032373e+01
1.791069309889632066e+01
1.775306909420418933e+01
1.837404357597259619e+01
1.841632177300083129e+01
1.844181784778916011e+01
1.842984564819577287e+01
1.788805875898932385e+01
1.833550605121902066e+01
1.818695424768733560e+01
1.849634012520700921e+01
1.825339083635404691e+01
1.823329827147373550e+01
1.801842444225106021e+01
1.863438723186269286e+01
1.818889248567272077e+01
1.824338148269460547e+01
1.799158102558702055e+01
1.797016136149377274e+01
1.849465032516264174e+01
1.823836020680058922e+01
1.822086236122358471e+01
1.827218472085920808e+01
1.784450847074086965e+01
1.837145216123701985e+01
1.788150654059300138e+01
1.854134415345751208e+01
1.816847070129691488e+01
1.826487667281645244e+01
1.796795603565145072e+01
1.850919490640784559e+01
1.803416878618861929e+01
1.854703945093822881e+01
1.756869696996063013e+01
1.806636758405868903e+01
1.847035382913664137e+01
1.834172673117823038e+01
1.827176083087015357e+01
1.822577575804674055e+01
1.806516621992897953e+01
1.830946201639667592e+01
1.803462553667685242e+01
1.853069447774116796e+01
1.789974965672360341e+01
1.834279053482977062e+01
1.793793246679827291e+01
1.809622584170869430e+01
1.844727025932497355e+01
1.886123994687850569e+01
1.801900715523039764e+01
1.831965720135986686e+01
1.814532720298339896e+01
1.847068154887002223e+01
1.840984333861062439e+01
1.794738599385877365e+01
1.844026419132232775e+01
1.849632110630337678e+01
1.841090508426787409e+01
1.855343336436950352e+01
1.829226597063755477e+01
1.805425782928449507e+01
1.839550018473644499e+01
1.806718116732847434e+01
1.827352124304708525e+01
1.784212425962222426e+01
1.845953994699179290e+01
1.823134644195118170e+01
1.824898294440874835e+01
1.824410307211413595e+01
1.817812131466706305e+01
1.782558251874734268e+01
1.825700254596388206e+01
1.830134768476185414e+01
1.833433929427797793e+01
1.798000218435383957e+01
1.834223179216067479e+01
1.842703034654055827e+01
1.796851314765219243e+01
1.803087480648374452e+01
1.826382268579694212e+01
1.855788856692359445e+01
1.863246983083344688e+01
1.878507427950614073e+01
1.809910732159454483e+01
1.824388946175014325e+01
1.832035942550042051e+01
1.821828976427474345e+01
1.796732089814246081e+01
1.822388443689207804e+01
1.839694283145908216e+01
1.822016501427996715e+01
1.822571082060064285e+01
1.847137207915865886e+01
1.800693997748260244e+01
1.815916270698332369e+01
1.821194308773486270e+01
1.859313495466988542e+01
1.782201661592738873e+01
1.781028787909903244e+01
1.801700274195989593e+01
1.818692478285320746e+01
1.795758156384998827e+01
1.869987205002449215e+01
1.850042293938166438e+01
1.810187598895722161e+01
1.835505063534304782e+01
1.818446241376242867e+01
1.820349172587805242e+01
1.835641383492316692e+01
1.782359060367004844e+01
1.856031541160890797e+01
1.813493390078789957e+01
1.813005565660295204e+01
1.802330302985202337e+01
1.809356261697448076e+01
1.825890325347602072e+01
1.838937826226094785e+01
1.815284239108404307e+01
1.864097640730714289e+01
1.843088378461590437e+01
1.829217209451973503e+01
1.875294620713298599e+01
1.826369972037094058e+01
1.810211004167029358e+01
1.832591022790685642e+01
1.889924150057790797e+01
1.771892863252178785e+01
1.819834790921052559e+01
1.887972279373463991e+01
1.779615306118624574e+01
1.814121760349980761e+01
1.755752511158520690e+01
1.835585558084815716e+01
1.862295945842833333e+01
1.837620199485618500e+01
1.827160014977096480e+01
1.824237552379074501e+01
1.820234724382473956e+01
1.854509554449997921e+01
1.853433936405377125e+01
1.840871443087933557e+01
1.824934895867848539e+01
1.825353033727646590e+01
1.861507428235540118e+01
1.819185358723202484e+01
1.848377957903850088e+01
1.828387968047075773e+01
1.841924039995646112e+01
1.800402282283071997e+01
1.809061330930155620e+01
1.846454701415870758e+01
1.831700441039348348e+01
1.872438838643846992e+01
1.862705492906013305e+01
1.827530500596503416e+01
1.838515225161611966e+01
1.837008063845474126e+01
1.849308248765350626e+01
1.812848037484276276e+01
1.831796729661991208e+01
1.819687212879005145e+01
1.866482858659869137e+01
1.799611355292250892e+01
1.845940782997360685e+01
1.828763393120011926e+01
1.813327722944364595e+01
1.820541029840638458e+01
1.848257684372380893e+01
1.844679482035061824e+01
1.802983733023986801e+01
1.810596394753062910e+01
1.851196774296933256e+01
1.841832247997181327e+01
1.873571732483695840e+01
1.830748767440631042e+01
1.798111377580001857e+01
1.795034433520903150e+01
1.811183189549051420e+01
1.819819662427194018e+01
1.862228363260141251e+01
1.831479741113555448e+01
1.821215204077363126e+01
1.846354194710421126e+01
1.860175057034052415e+01
1.778432740029570169e+01
1.837982158679772482e+01
1.802398090183396206e+01
1.837214521338563245e+01
1.798264721451192827e+01
1.867662607545398856e+01
1.838126919335902443e+01
1.832606828728903992e+01
1.829323264134950477e+01
1.824450007187931533e+01
1.874943817618640907e+01
1.861104296543332737e+01
1.809827577654326447e+01
1.858471455506172987e+01
1.795331187811423135e+01
1.856038937253943288e+01
1.821263151157786808e+01
1.832901056235822779e+01
1.788808952982546785e+01
1.842656400585152099e+01
1.837811722398814496e+01
1.821161510945804096e+01
1.838996269225054903e+01
1.842732853163695239e+01
1.828537424311582171e+01
1.855664915207945853e+01
1.817602350963968405e+01
1.814491793634483940e+01
1.839069224841394146e+01
1.865881583099272589e+01
1.811591437060773657e+01
1.837126384966763126e+01
1.796532819107360268e+01
1.792060862452015257e+01
1.801702967981913872e+01
1.829383041288406986e+01
1.855320194764823682e+01
1.789688955725992514e+01
1.845935550739226727e+01
1.825650624572881142e+01
1.794234477117590743e+01
1.824693163411211927e+01
1.795576562889548455e+01
1.802790703744927114e+01
1.851664825371184619e+01
1.829104364275543304e+01
1.825838165384382350e+01
1.794999153735124864e+01
1.820392544847547356e+01
1.868975109272885859e+01
1.810527631475243382e+01
1.857674659543442530e+01
1.821519697030728224e+01
1.795425666504042184e+01
1.855489267119122232e+01
1.816154666431719988e+01
1.789856483185405978e+01
1.852101308773665167e+01
1.816438456319282935e+01
1.771524415870095481e+01
1.749504010315531133e+01
1.806359754637942316e+01
1.817632154822537416e+01
1.826993001078270495e+01
1.795778953975663583e+01
1.839013871775271980e+01
1.795727186730633917e+01
1.865583789901763367e+01
1.822969204927715481e+01
1.846105684415577741e+01
1.884475194363767159e+01
1.836536032959917009e+01
1.833919768973720466e+01
1.830236557375382134e+01
1.855607164419927457e+01
1.832597118697516336e+01
1.842016064537784459e+01
1.794885278487290847e+01
1.818283767630363812e+01
1.833564985366696831e+01
1.806821083234898850e+01
1.814099120594786285e+01
1.892165329245242589e+01
1.845064064166632178e+01
1.803261085505749151e+01
1.822635969736774086e+01
1.802041157074732780e+01
1.786017435763460526e+01
1.879903716708752626e+01
1.790425057481606430e+01
1.781615160432988532e+01
1.793872359752034029e+01
1.787336423656658724e+01
1.837423650031326261e+01
1.805949301234930360e+01
1.813127172351930838e+01
1.861554097808703290e+01
1.780678473107222004e+01
1.835594714181227971e+01
1.836210844961778577e+01
1.823320870330006471e+01
1.855977389036686276e+01
1.833696777473583950e+01
1.813336768838866675e+01
1.788367257251028875e+01
1.789288161248631681e+01
1.813657017783313208e+01
1.819860736329048834e+01
1.770045099132725852e+01
1.825766925389086381e+01
1.819653899986581891e+01
1.815109062956632258e+01
1.806600216997378183e+01
1.821821543290544909e+01
1.837328267666915238e+01
1.782568081450196473e+01
1.882283050571509619e+01
1.817943332707009674e+01
1.828594224852396266e+01
1.830004484269240450e+01
1.805543630309312775e+01
1.822522864088644212e+01
1.819598680593973583e+01
1.828711813579019818e+01
1.873147915543760433e+01
1.835278968535734023e+01
1.835477973457992107e+01
1.791514572208633993e+01
1.819979330961033526e+01
1.845942465071694727e+01
1.791493227796784637e+01
1.847880240003743069e+01
1.828319858942279907e+01
1.867233347682761746e+01
1.829883554657625311e+01
1.856022261053832523e+01
1.841709381710824545e+01
1.834181299793695885e+01
1.828271974885690909e+01
1.856726852799798166e+01
1.809318266210757287e+01
1.864202306588169122e+01
1.845181698065166387e+01
1.853652410188752953e+01
1.846970921960967971e+01
1.813128986167907541e+01
1.812730155661711962e+01
1.852273159678442482e+01
1.811610732358348841e+01
1.849485342831458112e+01
1.833700954194972965e+01
1.815767458823836833e+01
1.865287055202306732e+01
1.797142751765113999e+01
1.835037025334369076e+01
1.807799315977811005e+01
1.812942917389020892e+01
1.837218660129136083e+01
1.832446244637873889e+01
1.839092254014639849e+01
1.910337249968248585e+01
1.826950068256489601e+01
1.883400781902774312e+01
1.825248305341646926e+01
1.828767306123109648e+01
1.825893495330806715e+01
1.837711414891724360e+01
1.772136663658249134e+01
1.871744198286181415e+01
1.842819159471205026e+01
1.812535591150559355e+01
1.904197022774465253e+01
1.816582241847413925e+01
1.809899418284155814e+01
1.826101188778025275e+01
1.819562148105814003e+01
1.835225740962275154e+01
1.854682855031083122e+01
1.866224501738958708e+01
1.829174770498012137e+01
1.839511337201230745e+01
1.847941001028965857e+01
1.789868454048788138e+01
1.806625872986366588e+01
1.821051732138158386e+01
1.792402313239871603e+01
1.843081441911223806e+01
1.807819712140095447e+01
1.789883597121377079e+01
1.806897559868544789e+01
1.858625871469417490e+01
1.836875433670116564e+01
1.820684103863449010e+01
1.825885370431513266e+01
1.817170626493111740e+01
1.853213784894057170e+01
1.805600399738313300e+01
1.820233409183923357e+01
1.817619769536804952e+01
1.870953351830634759e+01
1.801724342820692115e+01
1.841199774004562073e+01
1.767784286956230133e+01
1.839301323582693470e+01
1.866684633766397994e+01
1.803774741747136190e+01
1.884088264691342118e+01
1.823129895504478171e+01
1.838661029916143619e+01
1.857914399846037412e+01
1.849260220308686087e+01
1.840810359941962204e+01
1.833877106847854321e+01
1.828249499927635924e+01
1.817078524862696653e+01
1.828403171132975302e+01
1.820954111677846043e+01
1.840454762849738657e+01
1.801303772264298786e+01
1.828037142049099018e+01
1.849525306439705119e+01
1.852463197212888346e+01
1.831382906384155262e+01
1.819417818487461957e+01
1.844002401709255778e+01
1.848117127850900943e+01
1.840225444496639540e+01
1.838968080803337202e+01
1.790103052551182472e+01
1.793763418314998859e+01
1.859833717885141624e+01
1.810516410036586521e+01
1.827739309033340476e+01
1.840801023544857529e+01
1.806533008173578381e+01
1.821115126872944501e+01
1.824938741813155829e+01
1.809256790481048327e+01
1.777192365892350523e+01
1.831804954917402384e+01
1.824337949774430712e+01
1.812500932739543558e+01
1.863099321729893987e+01
1.856260284921470927e+01
1.852308563836697886e+01
1.800355843932108968e+01
1.830476443500877437e+01
1.840275694866958389e+01
1.816067582303561068e+01
1.838977237753066873e+01
1.849408125520723800e+01
1.832100351424682216e+01
1.821309696796326705e+01
1.865876869688165129e+01
1.827037982615227563e+01
1.801536863430306923e+01
1.815488411209758013e+01
1.836597630814760862e+01
1.795811256303145598e+01
1.811524794697009000e+01
1.838225570262301289e+01
1.800081668527200307e+01
1.822126139560720404e+01
1.813417214865849303e+01
1.856741035750205882e+01
1.848953881088246831e+01
1.806445670666942860e+01
1.818700877782139358e+01
1.797284023932416019e+01
1.867362710852286867e+01
1.834166281204566218e+01
1.830188499167640259e+01
1.785793129164480675e+01
1.855624564860285730e+01
1.860696606313201684e+01
1.814067839680690852e+01
1.854768221440583176e+01
1.818205776538891172e+01
1.824893202246122215e+01
1.831627267047806384e+01
