1.908106985287247070e+01
1.866996925796362561e+01
1.912467682983703554e+01
1.899206065474952254e+01
1.939521597389045837e+01
1.932294703115946177e+01
1.890786457313333102e+01
1.905632813543450510e+01
1.939057438073208672e+01
1.920188789027524479e+01
1.947479427014830833e+01
1.929764003020913776e+01
1.905312555777836891e+01
1.919412166452087476e+01
1.908191021953244615e+01
1.910576449661469667e+01
1.914444922515276915e+01
1.925920845539643977e+01
1.927396784466088775e+01
1.883482747705401650e+01
1.920785522087385644e+01
1.924922728327111088e+01
1.914294944989033809e+01
1.874539843456641464e+01
1.892335866365288766e+01
1.972082039832783806e+01
1.939517095969995353e+01
1.948883870061389345e+01
1.914521493852177869e+01
1.946351253150535499e+01
1.920324422869011016e+01
1.950410181942241294e+01
1.924156136094234526e+01
1.913258353501564812e+01
1.989649615752518486e+01
1.871908633573310965e+01
1.942523014657939839e+01
1.878868119651567881e+01
1.865405397890887684e+01
1.935567238941211343e+01
1.856127383133989639e+01
1.894062367547243397e+01
1.940977517802578234e+01
1.938589260123385216e+01
1.955841210392889806e+01
1.940865652633007343e+01
1.896412482991709325e+01
1.932310184697305999e+01
1.935234050541520290e+01
1.974560860164919873e+01
1.909523976081794672e+01
1.897048225699564838e+01
1.908389639005367755e+01
1.954169581594286242e+01
1.903044574209509676e+01
1.888595143265479237e+01
1.897330672635348492e+01
1.930921082793461352e+01
1.880696636558978341e+01
1.874555517926602732e+01
1.943123366755783366e+01
1.964136358203523613e+01
1.882848031227430852e+01
1.960455951398073182e+01
1.873296644743612305e+01
1.963693114997993661e+01
1.933066873304377253e+01
1.929902616078261701e+01
1.963998458298376804e+01
1.947248461251721707e+01
1.953431324290233562e+01
1.924744895128812772e+01
1.905507366332025398e+01
1.959780502715045003e+01
1.913535106780676998e+01
1.874142972803523577e+01
1.862292434502548133e+01
1.908087505777516313e+01
1.892772475356018447e+01
1.937582847949089171e+01
1.901192643623638290e+01
1.918650539523508058e+01
1.933754518219293672e+01
1.897084708016152987e+01
1.915737213293119012e+01
1.849172506130203431e+01
1.977818378343253869e+01
1.861791268451030845e+01
1.918272813959747580e+01
1.874867041080005947e+01
1.915887684994847007e+01
1.948633780742229504e+01
1.924100339198123422e+01
1.887353576517703502e+01
1.939080140944152220e+01
1.913712816560278540e+01
1.929383904210649092e+01
1.931755327882595807e+01
1.937017685668435263e+01
1.928180527383234022e+01
1.969170193232369570e+01
1.915886130113777952e+01
1.922649055090851178e+01
1.920386324529717115e+01
1.903024977079876834e+01
1.958810717157618697e+01
1.884533730930574436e+01
1.934995302775064729e+01
1.906380861088808132e+01
1.905528169018492690e+01
1.900746295169108535e+01
1.906161539652253722e+01
1.880950185833357580e+01
1.932790969157592897e+01
1.913034880902105073e+01
1.900148734423899910e+01
1.954416962659225021e+01
1.915550662694865025e+01
1.893939003890917405e+01
1.957127355563915216e+01
1.933664778018660613e+01
1.909939500331714513e+01
1.900115942980220041e+01
1.920970111369513944e+01
1.912098590114719343e+01
1.916865812000855840e+01
1.884232273043381056e+01
1.871327222267193235e+01
1.850087222180509627e+01
1.900389418230714256e+01
1.868161825770211948e+01
1.898304129990090772e+01
1.932444086088223756e+01
1.913762621200924841e+01
1.908975182619308697e+01
1.929648042626158144e+01
1.945201207419138711e+01
1.926656610691516747e+01
1.933442865282157541e+01
1.897795133605090712e+01
1.905313092339133973e+01
1.923995902321910023e+01
1.919457603157101389e+01
1.905194688332550967e+01
1.922824174405850428e+01
1.890221447175473912e+01
1.926710774396980952e+01
1.894881241868541011e+01
1.928293254670300527e+01
1.907636304284666906e+01
1.934460264753209202e+01
1.925753726109679675e+01
2.005090012728634008e+01
1.908020771284845196e+01
1.920723063767533390e+01
1.866481858340702971e+01
1.969747094113337127e+01
1.917402134321973861e+01
1.891036168686423835e+01
1.885689574761311604e+01
1.919749298613819377e+01
1.867313570465859485e+01
1.905792192447696820e+01
1.932218311753263151e+01
1.935129328581778907e+01
1.893373306729605687e+01
1.961112790283297969e+01
1.930886991617387594e+01
1.923401682083238384e+01
1.954705760760828426e+01
1.946621618683748878e+01
1.956439690538115883e+01
1.971702131569492522e+01
1.924311251978892656e+01
1.913507185734904681e+01
1.944503088395752499e+01
1.909913582269690480e+01
1.948995939924830623e+01
1.862786975510488929e+01
1.893755070953626074e+01
1.955504387501794383e+01
1.942504307672070496e+01
1.920661663479933878e+01
1.897281215997689685e+01
1.926286776267803802e+01
1.945923869615527479e+01
1.890203468389762875e+01
1.932990903147341655e+01
1.974211483545116508e+01
1.900722027351373455e+01
1.880062881412700193e+01
1.895659206658843843e+01
1.936794247860741081e+01
1.887639580328788469e+01
1.942208262456957968e+01
1.899693094906290014e+01
1.924837896343751709e+01
1.924183429527013800e+01
1.983113694582612396e+01
1.906743410928311278e+01
1.948972949648764796e+01
1.920071621831027286e+01
1.895980535940011080e+01
1.939207138186600332e+01
1.923250690478508673e+01
1.853755813890965953e+01
1.942942866375203437e+01
1.929136580552425784e+01
1.968828598683114706e+01
1.873219931845603980e+01
1.883518190346444143e+01
1.887543460054687117e+01
1.859671590159898358e+01
1.906632131289574872e+01
1.877842190109628007e+01
1.977703103452689959e+01
1.886774947659829138e+01
1.964304908278610640e+01
1.894023772977859466e+01
1.853309174281352512e+01
1.911482093424557860e+01
1.871636703817496894e+01
1.941628987869111000e+01
1.902728966596968263e+01
1.901820345282540359e+01
1.910998697070615293e+01
1.948741351186455262e+01
1.903716230802724141e+01
1.899882125824757395e+01
1.972859600961038140e+01
1.923053739301549570e+01
1.876835920300151272e+01
1.943921424758494254e+01
1.888986795877432812e+01
1.942200374972605204e+01
1.863000403007840688e+01
1.938106506891680780e+01
1.901431377862471095e+01
1.893900203419690698e+01
1.929833349349379290e+01
1.904393920504160675e+01
1.878089405826371916e+01
1.873674874049840611e+01
1.920113967774318553e+01
1.973220713704747453e+01
1.918201742849119640e+01
1.923957535840611399e+01
1.931381177634644430e+01
1.916011070402221605e+01
1.912394513465380186e+01
1.934502593983041763e+01
1.898363244524979976e+01
1.916641873343878544e+01
1.967726847515110933e+01
1.929259922757348633e+01
1.927381138472289024e+01
1.845828954844679970e+01
1.915601157616880812e+01
1.855126110333951317e+01
1.901380002154271409e+01
1.914960404724985921e+01
1.933483873784672369e+01
1.890489101182489051e+01
1.885553059361323136e+01
1.893814912554111629e+01
1.922742838757145023e+01
1.887818598158408534e+01
1.905579604305843588e+01
1.850607627623069007e+01
1.887007062171472782e+01
1.950421092129279188e+01
1.927352889299510608e+01
1.916405996846950188e+01
1.893415137034470774e+01
1.933138799697407606e+01
1.901210750246183778e+01
1.919898503611838692e+01
1.867531612468786051e+01
1.957948982902065183e+01
1.903263993441170498e+01
1.923374129218774442e+01
1.884888938543771530e+01
1.882155921270202015e+01
1.934923913786673566e+01
1.932276614824709782e+01
1.908445052257575725e+01
1.884787481641003026e+01
1.925995069328607912e+01
1.945561702214454058e+01
1.908673058415293156e+01
1.925031406025310332e+01
1.884560950458360296e+01
1.938890971248703821e+01
1.891923280999801804e+01
1.940943390098835764e+01
1.948814527133822594e+01
1.953375772288749701e+01
1.939885369517780944e+01
1.921952010861967253e+01
1.866974183997879422e+01
1.918858008244303193e+01
1.924796069728224879e+01
1.878700460305853071e+01
1.872534257360627308e+01
1.912191574754688617e+01
1.894337689230190946e+01
1.932864006295010029e+01
1.890684197016483736e+01
1.894864568073088762e+01
1.921384781007671805e+01
1.934491256122578662e+01
1.885655249773866515e+01
1.935269696501613623e+01
1.920054529732420079e+01
1.973056716355613105e+01
1.927298403011685224e+01
1.923519052049963918e+01
1.921166086672485207e+01
1.886152836633047514e+01
1.914943878565492597e+01
1.867259393225799968e+01
1.937243269421219694e+01
1.923989794811539511e+01
1.936386583464938482e+01
1.910541895056778827e+01
1.880222570452060538e+01
1.915175129121467990e+01
1.944664931910409678e+01
1.844480353947034601e+01
1.892383826717809825e+01
1.909643601005660685e+01
1.915955086032091970e+01
1.946787787063664155e+01
1.923384313839704518e+01
1.874567673181400096e+01
1.960249141043216881e+01
1.862722899634331952e+01
1.901499461247402323e+01
1.899680777757783190e+01
1.918665234619532356e+01
1.896012391319134238e+01
1.905302166143156484e+01
1.958539710780418375e+01
1.910404657867807643e+01
1.906535726588765556e+01
1.865731721635452089e+01
1.943161119281575466e+01
1.901439043503006587e+01
1.853769327539346889e+01
1.897239002182864809e+01
1.907235875579148754e+01
1.891731647442866304e+01
1.904083614594609841e+01
1.899827761467704690e+01
1.941097722063908648e+01
1.985239158421686767e+01
1.973973842876392482e+01
1.941545006520945904e+01
1.958884321914566939e+01
1.963420664331157184e+01
1.919703641900521518e+01
1.895329838518981092e+01
1.934701722599218598e+01
1.867519371261578343e+01
1.947284522682852170e+01
1.878981090737615034e+01
1.872686009985103439e+01
1.912611162541413634e+01
1.881975308122581936e+01
1.887325734738964655e+01
1.936430464575386523e+01
1.911206695034727332e+01
1.916791655310594678e+01
1.920828590391915824e+01
1.979451971912180497e+01
1.927581042489372365e+01
1.926787710151995370e+01
1.905671655185680891e+01
1.896086431551597684e+01
1.935557733572383654e+01
1.891288156357317973e+01
1.858211609311636536e+01
1.931223504994952478e+01
1.894663213953028702e+01
1.934218152505323118e+01
1.891158163876112397e+01
1.846068468605745139e+01
1.931045333120062679e+01
1.918086775289478396e+01
1.920856257448922122e+01
1.933485488449410283e+01
1.948153546360732236e+01
1.882640970462214014e+01
1.954655702702473263e+01
1.961090961739640903e+01
1.935965829396492666e+01
1.930266461392985988e+01
1.896712461262536564e+01
1.904571020697742156e+01
1.935579159221775924e+01
1.909741528987215986e+01
1.915705652325331343e+01
1.888046045845840482e+01
1.869833605938720922e+01
1.923826564275958262e+01
1.915844738823052751e+01
1.907493161201584186e+01
1.961570891486462997e+01
1.943589020363828013e+01
1.957817552703934538e+01
1.894558653626475930e+01
1.920489821807301212e+01
1.934339255434535332e+01
1.913343781082055273e+01
1.889800619431272821e+01
1.908282451004062708e+01
1.927481685155754221e+01
1.922621198506609730e+01
1.897986884976297262e+01
1.886659868385637395e+01
1.884747495799037864e+01
1.889958626452063584e+01
1.926064395277616370e+01
1.909081430099242382e+01
1.922482137968950866e+01
1.918079583272492883e+01
1.849757345121022922e+01
1.905931759331168251e+01
1.934547520099530971e+01
1.930605444926536407e+01
1.900753473522408044e+01
1.848786987315112995e+01
1.916918461608664970e+01
1.885549276987529055e+01
1.929738942735476925e+01
1.918383047095130678e+01
1.925451600445650513e+01
1.923024355921114292e+01
1.903397602379790499e+01
1.882976396657745610e+01
1.924328749049939802e+01
1.867795349315455411e+01
1.946793261885287762e+01
1.953117101995184157e+01
1.915014855805405247e+01
1.914545407947131395e+01
1.879854571240953831e+01
1.872338996530834621e+01
1.888524107313931921e+01
1.877432594845531710e+01
1.873870615310576682e+01
1.882410748068187800e+01
1.888302836505677362e+01
1.888442514317556586e+01
1.912006895910549531e+01
1.905147438649857605e+01
1.935667203774207579e+01
1.926937365766604415e+01
1.868506385868019493e+01
1.920103971645734831e+01
1.941194328393399360e+01
1.950969129823044312e+01
1.921266120208868955e+01
1.951707549783492013e+01
1.880983876796940990e+01
1.922937311405229366e+01
1.889747593132352677e+01
1.928024668546009579e+01
1.914644380976161742e+01
1.852914933065305192e+01
1.933097580700103535e+01
1.893191001179506117e+01
1.917940504989409334e+01
1.947787980884630343e+01
1.932551591630053522e+01
1.921158557941334522e+01
1.905232995936815499e+01
1.923040025648448648e+01
1.925730195232839037e+01
1.923297539072289908e+01
1.881089560606285715e+01
1.893105708589849456e+01
1.935603855475543256e+01
1.871631967402199948e+01
1.892735237109388891e+01
1.885235342204469688e+01
1.952559316362210851e+01
1.907490165314498753e+01
1.944972919967182179e+01
1.924789214774865087e+01
1.946799483821355636e+01
1.959966044369592453e+01
1.906309667094583205e+01
1.916783046887334763e+01
1.922407771226403028e+01
1.845307418465097982e+01
1.926705318607636741e+01
1.864569649810113461e+01
1.947584539812969950e+01
1.900434198428545329e+01
1.937520267013061215e+01
1.880931468067495160e+01
1.922703019980883710e+01
1.954567285058703874e+01
1.898204117817691738e+01
1.887516992717657871e+01
1.914803180403405847e+01
1.900671604855354957e+01
1.894492868913398453e+01
1.890004450167707972e+01
1.888034740537959522e+01
1.898421634661852764e+01
1.921786970725186094e+01
1.930455837478075409e+01
1.925321704839443981e+01
1.919170803367014244e+01
1.964047360450765467e+01
1.882621248896872501e+01
1.948294202562303923e+01
1.948688845621153476e+01
1.955838101713131749e+01
1.928606335166269048e+01
1.953002905864199334e+01
1.946284532293933012e+01
1.942828546976021542e+01
1.946712694417830392e+01
1.862477751757228006e+01
1.928997068335842613e+01
1.905120292188042086e+01
1.914894559478019076e+01
1.882049580192390792e+01
1.886693080617715168e+01
1.891809865230757026e+01
1.932828957780524703e+01
1.898417958695092622e+01
1.863659551637608303e+01
1.910911337541515564e+01
1.896525239057342560e+01
1.874071274422107791e+01
1.915518259139236790e+01
1.932805705454452294e+01
1.940231257369805107e+01
1.908869491419337194e+01
1.888996883706559871e+01
1.920590215232154563e+01
1.931706167376290750e+01
1.926564691267605411e+01
1.947969627173277019e+01
1.920938762080394113e+01
1.916147436733155729e+01
1.898815279774268916e+01
1.882883974223341994e+01
1.897555871188003351e+01
1.885546563336551884e+01
1.925731829704312048e+01
1.897789301192131717e+01
1.884078558853773799e+01
1.892776986969726138e+01
1.859989527674832743e+01
1.915573288662666229e+01
1.873382240615967120e+01
1.917906711837295219e+01
1.952926609309096051e+01
1.900383926184666450e+01
1.869191342253654042e+01
1.913848987691040548e+01
1.936430652059424418e+01
1.918973336806995889e+01
1.937770037358437847e+01
1.922696148583836262e+01
1.881386184468431821e+01
1.920978681797952703e+01
1.873571917742177106e+01
1.972366904705053159e+01
1.898231358365327637e+01
1.901676258324078006e+01
1.941146117509373425e+01
1.908430119231165989e+01
1.912353368350254712e+01
1.896360641455635232e+01
1.901882163893346345e+01
1.887875541731479956e+01
1.941636280148194871e+01
1.869212362574431907e+01
1.886153033998346373e+01
1.956069936201907211e+01
1.893973258306291285e+01
1.936163603503096553e+01
1.944204967538548701e+01
1.902972634790803497e+01
1.854139561195586339e+01
1.918609642036841123e+01
1.912730039729315834e+01
1.912853961300148953e+01
1.906811345935378910e+01
1.953977355519435832e+01
1.928310897469354046e+01
1.900028219868671542e+01
1.895211779462227852e+01
1.921378872917901504e+01
1.898984944890637649e+01
1.927945934025467523e+01
1.874613983530262828e+01
1.880001275213948730e+01
1.876397810318449899e+01
1.860010641143654908e+01
1.910834258124631191e+01
1.975186163992165334e+01
1.948746730984838393e+01
1.897362520734995783e+01
1.915973570563643591e+01
1.905603932265450595e+01
1.920630097014126036e+01
1.905961416033762035e+01
1.934384625973760663e+01
1.910785011433616987e+01
1.860918369456182475e+01
1.897208102001488683e+01
1.924376233008466741e+01
1.949149117193161018e+01
1.876516116588976502e+01
1.860471785359472818e+01
1.915116079159530926e+01
1.934510308998996564e+01
1.920220435907040368e+01
1.902415410401343365e+01
1.879082078197292205e+01
1.877891804312322677e+01
1.927698017148209786e+01
1.905953403710540073e+01
1.972750579443084007e+01
1.923722638807473473e+01
1.950500043966715680e+01
1.941871428191024052e+01
