1.747397815940294308e+01
1.727550415287007723e+01
1.680016559904214191e+01
1.751115377014702901e+01
1.740001089724920291e+01
1.716882827343278350e+01
1.700079121702016138e+01
1.652958351411166760e+01
1.677013722097515114e+01
1.690567059466130218e+01
1.718203727059543340e+01
1.703638773206997570e+01
1.696387583319803483e+01
1.672363141735905145e+01
1.701048960824252632e+01
1.714854635481349732e+01
1.702918077026564347e+01
1.713044661614404163e+01
1.682109933122675116e+01
1.691437286653474459e+01
1.705209878072769669e+01
1.700959503168370190e+01
1.714455334220457061e+01
1.696833987646500574e+01
1.709930319309939861e+01
1.748067645213212629e+01
1.702932911048393905e+01
1.716771635122091766e+01
1.748956549110943115e+01
1.720691071261910920e+01
1.774667414509565333e+01
1.695534659356271234e+01
1.695952804170518746e+01
1.692155623210565452e+01
1.707085223939181873e+01
1.661461686683604810e+01
1.721760687555426728e+01
1.719855393986554759e+01
1.706133745681976421e+01
1.721591469970901400e+01
1.674286051480980575e+01
1.705959762627300691e+01
1.707564961191049235e+01
1.688010933364763488e+01
1.691447633027845754e+01
1.702335313696440977e+01
1.723534815397660935e+01
1.702787460008664766e+01
1.705942857917667865e+01
1.726410763564454953e+01
1.739937845343149547e+01
1.718694716892064633e+01
1.698958198995163826e+01
1.707524604190061623e+01
1.720308331966836946e+01
1.683950460655354320e+01
1.696956844911729689e+01
1.676826195302591316e+01
1.702518217394477062e+01
1.733968350889289667e+01
1.748163195279954962e+01
1.722773099887094617e+01
1.740799364459530452e+01
1.682807994248186745e+01
1.724367518148534373e+01
1.681335898339583679e+01
1.699400321187714624e+01
1.728847630545422476e+01
1.732952851384557036e+01
1.707752438293504937e+01
1.677416475028694265e+01
1.705262323078739328e+01
1.704037159523155864e+01
1.705134782423852968e+01
1.716404818295351120e+01
1.712119585411452150e+01
1.650342652790821063e+01
1.718906202702749297e+01
1.679865513163977653e+01
1.715236373235916645e+01
1.740474826273664988e+01
1.665403147367645786e+01
1.681867775400213105e+01
1.703402525287018676e+01
1.716893681144500761e+01
1.693187934748423373e+01
1.723694736798038107e+01
1.715791853886435092e+01
1.755596431177528416e+01
1.689781201485811479e+01
1.688681559705064927e+01
1.706500297347461981e+01
1.643470356505198282e+01
1.703793708360218773e+01
1.694584748002431951e+01
1.696852162482272064e+01
1.708710023059816407e+01
1.680366211958141776e+01
1.713300735248197171e+01
1.732982808988422718e+01
1.727771125439167577e+01
1.708333793291741998e+01
1.691524198868477313e+01
1.725584533460967052e+01
1.723982185897396846e+01
1.710778059046339550e+01
1.682803269166640092e+01
1.747077701503273772e+01
1.725196977684755950e+01
1.722670874195653568e+01
1.735901552792872238e+01
1.742432959330869480e+01
1.697829735215905345e+01
1.697965928216924425e+01
1.689727157333877727e+01
1.726730460322606220e+01
1.756605788043086136e+01
1.724649565519225547e+01
1.700891019607033172e+01
1.677471236844734293e+01
1.733911292191669773e+01
1.711076549860590035e+01
1.686541619507526590e+01
1.737866230808194246e+01
1.699619249829622447e+01
1.743718197681980442e+01
1.668990722558679707e+01
1.689733526767792071e+01
1.765640906021972967e+01
1.752972436257229205e+01
1.700483289085607197e+01
1.707782875676652878e+01
1.705231752381669708e+01
1.705825072211170124e+01
1.753095507951064036e+01
1.703200116730553049e+01
1.687674776672644583e+01
1.703024337914647646e+01
1.698898629779630909e+01
1.711898494309913588e+01
1.720728062446600859e+01
1.742901808650611173e+01
1.705265042582420421e+01
1.664851025622627034e+01
1.734065925641690953e+01
1.698036140314668430e+01
1.706533066855183733e+01
1.717902580993886730e+01
1.741617904133072514e+01
1.710562841385932487e+01
1.718665054902052347e+01
1.713378540650107951e+01
1.693367538566096542e+01
1.705768391174762044e+01
1.686383604278643489e+01
1.726694671182201546e+01
1.694046077133872785e+01
1.751330321123887046e+01
1.718773091383511442e+01
1.724866428463252888e+01
1.733110857929162663e+01
1.730511317654312009e+01
1.722057376179585475e+01
1.730299935730011995e+01
1.716030343923051760e+01
1.686332925299307917e+01
1.661337501174825704e+01
1.692673598759156306e+01
1.678144486877757302e+01
1.685910369261201680e+01
1.686673178799099304e+01
1.745349341840833901e+01
1.753746473365537284e+01
1.680600352204511339e+01
1.710210589102752721e+01
1.708519937252540188e+01
1.746973437309032207e+01
1.729225088154524670e+01
1.740156745027624297e+01
1.719671357730125294e+01
1.678763430471914120e+01
1.689106262650565782e+01
1.708279737970237022e+01
1.715418920394084878e+01
1.734028772935060658e+01
1.714815876486074586e+01
1.741488551185220857e+01
1.719678386293190542e+01
1.713071567862971278e+01
1.765800782142107650e+01
1.719475414335358465e+01
1.735370032586568101e+01
1.740140033498546046e+01
1.711043515813594240e+01
1.683787899487160900e+01
1.734899301360625046e+01
1.730610942139616171e+01
1.732525115237172741e+01
1.723283073532189391e+01
1.736128121150062853e+01
1.698178560215307087e+01
1.700840126797833918e+01
1.708244878159086966e+01
1.732671593342712413e+01
1.752708323023718862e+01
1.725182687354979549e+01
1.756556892663254388e+01
1.705482868967192900e+01
1.719760550998851656e+01
1.681215522654418137e+01
1.698522973324785212e+01
1.735924520942610982e+01
1.697256854531131509e+01
1.718339044431431972e+01
1.734037525067645547e+01
1.659638650573092988e+01
1.721458034010242599e+01
1.702778995331226142e+01
1.650619583297507376e+01
1.710270823304981391e+01
1.741184667400418107e+01
1.755086023271182682e+01
1.682933294413006919e+01
1.710255346459686621e+01
1.725785912927887011e+01
1.781466772840759560e+01
1.659893883176458473e+01
1.707947269118061229e+01
1.712219771713662908e+01
1.722750352418541553e+01
1.721763787801087986e+01
1.726784381826245962e+01
1.686288800142518696e+01
1.721278447263031808e+01
1.732991395972963744e+01
1.696911966205838596e+01
1.688258745324059618e+01
1.677395139519482825e+01
1.691703000242701194e+01
1.687022888917739749e+01
1.675720841824450602e+01
1.709335801201113370e+01
1.682316675222620006e+01
1.741958948478548308e+01
1.692703858482045121e+01
1.731173091650679652e+01
1.681540398157949312e+01
1.750628235578023961e+01
1.758266075578872289e+01
1.737592181267928027e+01
1.735677246680077701e+01
1.709321562263844640e+01
1.694790498439046544e+01
1.695438062536686985e+01
1.687844828280652720e+01
1.711930812779508315e+01
1.697529959196572946e+01
1.730384915164948367e+01
1.691700087499656391e+01
1.683415650372056405e+01
1.725974003741348639e+01
1.722897826239311669e+01
1.712102083580375123e+01
1.717863050134595326e+01
1.711286902802375209e+01
1.679238500074773199e+01
1.747174140700747103e+01
1.724714454886954584e+01
1.664295364492280882e+01
1.754785793197735799e+01
1.735518369818582585e+01
1.719001443665272433e+01
1.747735072130055300e+01
1.748166593147049852e+01
1.730523062933462697e+01
1.693872374919539325e+01
1.686032303437383462e+01
1.660534165095238279e+01
1.695999191778150106e+01
1.683857796875043888e+01
1.737337286224679644e+01
1.692085273570651083e+01
1.748330800959127629e+01
1.672866346145273297e+01
1.698095453408556210e+01
1.709868917966117507e+01
1.724450462657190286e+01
1.705999652260020127e+01
1.735714175805978599e+01
1.710770440183766539e+01
1.702553684282141688e+01
1.735887317473868663e+01
1.689586909536994952e+01
1.710743010411575682e+01
1.703148612685628294e+01
1.718256609381415601e+01
1.701946196683972801e+01
1.687346259370761459e+01
1.693400283357403779e+01
1.690597321857019253e+01
1.715740772148003401e+01
1.717911015607561964e+01
1.704136157039141608e+01
1.703968437679264980e+01
1.721523045904537952e+01
1.717615921932297596e+01
1.760516891405803364e+01
1.727558937961919128e+01
1.714379597444228409e+01
1.720238167021622999e+01
1.713488776947590253e+01
1.711025953573905767e+01
1.737301218614096143e+01
1.706277458374363221e+01
1.731581359044869473e+01
1.683071213575119529e+01
1.703284422050856151e+01
1.687914644092361272e+01
1.754219456622167428e+01
1.707915595628163885e+01
1.691105291376220521e+01
1.748307021464435351e+01
1.716450631629511037e+01
1.716214313000415359e+01
1.736688730060218333e+01
1.698134573214285936e+01
1.716896623905147479e+01
1.723900154529264128e+01
1.748634553809509029e+01
1.698643613063693891e+01
1.744214716228724171e+01
1.694708654042294782e+01
1.742995212101536140e+01
1.712519079818630630e+01
1.716933274159027434e+01
1.747321049340861876e+01
1.736118061442353877e+01
1.684726266300875608e+01
1.738015259969039050e+01
1.720239066537813954e+01
1.730181420717575236e+01
1.742715076613156810e+01
1.733622361836596681e+01
1.732530298496955012e+01
1.730168820606977675e+01
1.688527458342943888e+01
1.710452865857159566e+01
1.715399765167446589e+01
1.721167852584415670e+01
1.724225757516849100e+01
1.698364898040891902e+01
1.747458066157289380e+01
1.707202581497132599e+01
1.701964369541579813e+01
1.698869637834451751e+01
1.676527740126463684e+01
1.713074351491292191e+01
1.783060029988639528e+01
1.719114204653392264e+01
1.755666075958671613e+01
1.709018092867970395e+01
1.699637082951489475e+01
1.734095241259188569e+01
1.703475356677930819e+01
1.702827022973274751e+01
1.694668762989704902e+01
1.714842138717352071e+01
1.686951158457710065e+01
1.707402993260015833e+01
1.668155449214635766e+01
1.757014856199957009e+01
1.680684592843251224e+01
1.724542133457143578e+01
1.689709361987138792e+01
1.713776095288038448e+01
1.692315484231001932e+01
1.729316943472837309e+01
1.717288877027056415e+01
1.747795875346955086e+01
1.672140532081404984e+01
1.706327309494947997e+01
1.707841000105931784e+01
1.746696609142442824e+01
1.717784996252426311e+01
1.716695802953686112e+01
1.719963582958499870e+01
1.677863813673646831e+01
1.684004336375821964e+01
1.693902760680252229e+01
1.706210223844767171e+01
1.711946296183994676e+01
1.717622796450530487e+01
1.706438899420436428e+01
1.740868617328948176e+01
1.646913217979298238e+01
1.764857010128041992e+01
1.747849040729477110e+01
1.704964009292605809e+01
1.735496795513881096e+01
1.712561925667349172e+01
1.689117826027259639e+01
1.691478203256624013e+01
1.729394347877350313e+01
1.692390363071707071e+01
1.750368275735610979e+01
1.689356320382202981e+01
1.665257899397395391e+01
1.763498910612068826e+01
1.709195318466166569e+01
1.718598858173815458e+01
1.720041221309428181e+01
1.685284729123125302e+01
1.741262887290368511e+01
1.686295119592460878e+01
1.725041365230371682e+01
1.817851492644680889e+01
1.696922261200598570e+01
1.688991765310428761e+01
1.684821348806320174e+01
1.703370066554244033e+01
1.695334708479691344e+01
1.754067784304936595e+01
1.718292495271802167e+01
1.699514622080539183e+01
1.706881959747166633e+01
1.736368309068285853e+01
1.701152831907679897e+01
1.735218322869688734e+01
1.667869234448009763e+01
1.745668156147358374e+01
1.743690760055632794e+01
1.745277281659686963e+01
1.742325487276259821e+01
1.691867997594842166e+01
1.699993105451586217e+01
1.694474458255167804e+01
1.715216884631122340e+01
1.726153214599229102e+01
1.700966111032153805e+01
1.696433030112211071e+01
1.692741002999104438e+01
1.691087028039398277e+01
1.713289970928162376e+01
1.699951993921597548e+01
1.677752823509122848e+01
1.713580399493081430e+01
1.729794643576828506e+01
1.705340127867399502e+01
1.702974629313973409e+01
1.716419844110383863e+01
1.655036767865804492e+01
1.728880037724123397e+01
1.712229335329246283e+01
1.730539576110887978e+01
1.691648643109583361e+01
1.738719275495938987e+01
1.703983507275743747e+01
1.738355015909822399e+01
1.671148410520105898e+01
1.691658777394957980e+01
1.703181118578716990e+01
1.698180501367572148e+01
1.709414043118949422e+01
1.755879518940324147e+01
1.712222790237309056e+01
1.741474581273477185e+01
1.723021323970453977e+01
1.694144950457523180e+01
1.691972657114415313e+01
1.744267642866631007e+01
1.710166237318577132e+01
1.692037956654647601e+01
1.732550956794522179e+01
1.711863460038678042e+01
1.710298331920040482e+01
1.713163810397095688e+01
1.729741547489157583e+01
1.724732808019981434e+01
1.711882812952290678e+01
1.731252679058392729e+01
1.696822433095946536e+01
1.741132277733596467e+01
1.703546393545839521e+01
1.722918104359558455e+01
1.648342114557625493e+01
1.690978093988088915e+01
1.735033041720332037e+01
1.758870187908203064e+01
1.764316204093546858e+01
1.732552107159891719e+01
1.695634173407177414e+01
1.667533358507163754e+01
1.705349998176101778e+01
1.704871410155787359e+01
1.708546885379864833e+01
1.675994918215643281e+01
1.697981449266665166e+01
1.716976788299563594e+01
1.721643306205290713e+01
1.704197012692242552e+01
1.666943775109368531e+01
1.723441588988929851e+01
1.688351522768517299e+01
1.738785891007641027e+01
1.699352681426763212e+01
1.726876124113125144e+01
1.712380764822177426e+01
1.690098015744324655e+01
1.735456873306124592e+01
1.742993351331829288e+01
1.751643884657513084e+01
1.701160563480100407e+01
1.696704126006518720e+01
1.644253326498975909e+01
1.747675261417289860e+01
1.748689988287044272e+01
1.716278627316995298e+01
1.711258147500658211e+01
1.719849254481970746e+01
1.685926785624958768e+01
1.758472635506479875e+01
1.690048404497919421e+01
1.718403516522875663e+01
1.676980377855716497e+01
1.723492523595754733e+01
1.719292881646072857e+01
1.713074073060138502e+01
1.686097186889171695e+01
1.687620980436957652e+01
1.679793697820503695e+01
1.663097571483745085e+01
1.706748868238081940e+01
1.767368880656435692e+01
1.701370659947392028e+01
1.725843802722070208e+01
1.712962288506200892e+01
1.708820940255492360e+01
1.705236625012513585e+01
1.690976288338010747e+01
1.729550434051438756e+01
1.681664706915837471e+01
1.689496196081881507e+01
1.714310155318109707e+01
1.698954533356331353e+01
1.735603894545996440e+01
1.716254296866922502e+01
1.735614837156959567e+01
1.726695188611045140e+01
1.697908946467623537e+01
1.708097327555549683e+01
1.692606675339927236e+01
1.734167839154757118e+01
1.691379675329138976e+01
1.722673798600510153e+01
1.752029472574308500e+01
1.728497605835369910e+01
1.667359356921416236e+01
1.704144156549315170e+01
1.704962364268132546e+01
1.715392078463476722e+01
1.698035298263641835e+01
1.675985126025343419e+01
1.697837505119258950e+01
1.710421967890968276e+01
1.700471346249833360e+01
1.686716773819409809e+01
1.728023840550194734e+01
1.719561645042885445e+01
1.728738893689201106e+01
1.698977526825144224e+01
1.693910180256623477e+01
1.741273668306888922e+01
1.710038135427749495e+01
1.702986715485358715e+01
1.729342944004210381e+01
1.719000943342497933e+01
1.739653710839320411e+01
1.712783674118613675e+01
1.722844795454637534e+01
1.715039793272334023e+01
1.697806296471012999e+01
1.691365160611446328e+01
1.686541836050817622e+01
1.728915958467126401e+01
1.694340918437021060e+01
1.733604538604819467e+01
1.722471276499832271e+01
1.692750537105752429e+01
1.708763400036258773e+01
1.709609103011231568e+01
1.734082489871489585e+01
1.718151269804914349e+01
1.693739815487263201e+01
1.775888325035121440e+01
1.702878400063540809e+01
1.705266413515902002e+01
1.716062322483443836e+01
1.698166647670116802e+01
1.698723260068611296e+01
1.672572333798148136e+01
1.752735897969067480e+01
1.705274830174051104e+01
1.783085437014426589e+01
1.693499067831802662e+01
1.734226540455032861e+01
1.740533632299661093e+01
1.652965293340241715e+01
1.746997895115254806e+01
1.692503861961042233e+01
1.707689992519625122e+01
1.664725669642783856e+01
1.750613100667503375e+01
1.715203438523472101e+01
1.728942259716662377e+01
1.701126244967876389e+01
1.703818119925012553e+01
1.768146878522485821e+01
1.716124147136191169e+01
1.698347558237622579e+01
1.738766359200586109e+01
1.737515427221108055e+01
1.753907820991101829e+01
1.688895505751644066e+01
1.717659022719629291e+01
1.711441164391099434e+01
1.717726441097074996e+01
1.685429624621101397e+01
1.749598454994319141e+01
1.724108902217245642e+01
1.719016920184416009e+01
1.724707960980412835e+01
1.682179277289760222e+01
1.735006341704587385e+01
1.717212517781663550e+01
1.685966732275842261e+01
1.730486474881631764e+01
1.703672805150610969e+01
1.709796915728201583e+01
1.733222542817862077e+01
1.741554292335916543e+01
1.675668948509576239e+01
1.711323373193916098e+01
1.694154192451073015e+01
1.700476750104236601e+01
1.757169767896216683e+01
1.726953286448313563e+01
1.694327357905771336e+01
1.743190183747217503e+01
1.729384402079183047e+01
1.728926337291603588e+01
1.664962204860722395e+01
1.693114743385992327e+01
1.701282189124891886e+01
1.655212434993261539e+01
1.661132519193107981e+01
1.694186248618439805e+01
1.688916405525037590e+01
1.663765696035112995e+01
1.687262830830209381e+01
1.737806423070458806e+01
1.715881184241706947e+01
1.709666257846265935e+01
1.719351378532887153e+01
1.729720651291852107e+01
1.684205227470267374e+01
1.731733277638881319e+01
1.673496176590827744e+01
1.707474016388206550e+01
1.752820755069839009e+01
1.674407195454731578e+01
1.710992517533113855e+01
1.730001370088163881e+01
1.748773479911390183e+01
1.685325679959749223e+01
1.680585319515195408e+01
1.736351555269650859e+01
1.647701088009675985e+01
1.725458097552591497e+01
1.703464433118814014e+01
1.684526955342977317e+01
1.687094603427150830e+01
1.724380832980784106e+01
1.704307228541723873e+01
1.687100659997149066e+01
1.733066120052383141e+01
1.711725042660017948e+01
1.683547187928800426e+01
1.744171617006908548e+01
1.676962089139704304e+01
1.714743800712122734e+01
1.729955298348550485e+01
1.711086932998291132e+01
1.688281050616749113e+01
1.729998403599091716e+01
1.701000448524688125e+01
1.718715964210020175e+01
1.739879274906585138e+01
1.724569781840242655e+01
1.679721071030580148e+01
1.677936508693302997e+01
1.707259334997864286e+01
1.713574679683764046e+01
1.726727373343046423e+01
1.743377567533065786e+01
1.648469187845084960e+01
1.728997979255344930e+01
1.710427999080745565e+01
1.700608531509742249e+01
1.700864055506445283e+01
1.700037833000513388e+01
1.699105308998438701e+01
1.703243653846499583e+01
1.697065780588096828e+01
1.730638235666025793e+01
1.740877007780631658e+01
1.687959333382900340e+01
1.715109910363231904e+01
1.721995991804658033e+01
1.677117581518525213e+01
1.716665111114480169e+01
1.723373654026177348e+01
1.706602657381429466e+01
1.745936638658777440e+01
1.700857919299972565e+01
1.723663392930002303e+01
1.720747725269548312e+01
1.703915413798036482e+01
1.721600299378635412e+01
1.731636900683828628e+01
1.701282405874928472e+01
1.736771122953325985e+01
1.682152692710525344e+01
1.723891340119606852e+01
1.708672240956673605e+01
1.677761376553289807e+01
1.727663473685832329e+01
1.711164434432231118e+01
1.696122744047922026e+01
1.718119029398510733e+01
1.717741578613024345e+01
1.716800320416066583e+01
1.698083145964806207e+01
1.734824477558262856e+01
1.714387226910655215e+01
1.725586969639262236e+01
1.730464876100292315e+01
1.687246836737132938e+01
1.734678308599213992e+01
1.709318401122919795e+01
1.702476985502932649e+01
1.715975098447697533e+01
1.672995350982579055e+01
1.686200080949083713e+01
1.666718955650276968e+01
1.701957708569592498e+01
1.752532864842336124e+01
1.721907688774585665e+01
1.644376749895453926e+01
1.732793541538788062e+01
1.677365053388474792e+01
1.715045061688901384e+01
1.740115118050895759e+01
1.694004540089424538e+01
1.694333128842315617e+01
1.733386264355492656e+01
1.706673667060705313e+01
1.702346317100246509e+01
1.629186875955532443e+01
1.703702707927745053e+01
1.673989859831440441e+01
1.706535223338666896e+01
1.727370260624455511e+01
1.719384031218672959e+01
1.700333142399311370e+01
1.700529015903917340e+01
1.713019457649001964e+01
1.763657448477701806e+01
1.698645611845347148e+01
1.678310930822497582e+01
1.786092349478196439e+01
1.652008814521560254e+01
1.679896501122795627e+01
1.750633702141222869e+01
1.709716732330558031e+01
1.714120802015617073e+01
1.693281662771191165e+01
1.730177666133727499e+01
1.697021908316601113e+01
1.648560567334775939e+01
1.700485505028264299e+01
1.682940370878427316e+01
1.716058273238135001e+01
1.747632177082617488e+01
1.718464159690137194e+01
1.691222889389912964e+01
1.720908427168385657e+01
1.717277015084099290e+01
1.736771195449715677e+01
1.737968595927291204e+01
1.745816378803714741e+01
1.711191034904265962e+01
1.645936041431501451e+01
1.754255386945538930e+01
1.706127771571275176e+01
1.698701974802762393e+01
1.728770096760090524e+01
1.733290657761225617e+01
1.754666444687788385e+01
1.713302004459367112e+01
1.693598991030448531e+01
1.703777312685648582e+01
1.728296845392116765e+01
1.702007858895504455e+01
1.678025055150637712e+01
1.685057981973821128e+01
1.733621171148302409e+01
1.729688074786350072e+01
1.689782194649610858e+01
1.707459168886393996e+01
1.730308950781175170e+01
1.686298753912988602e+01
1.714817367554143246e+01
1.667696538693723696e+01
1.710530719210920481e+01
1.737038333716758132e+01
1.696911241317609864e+01
1.751623049589977654e+01
1.729861049352853897e+01
1.707955867030332797e+01
1.711036115558577819e+01
1.769430138801335062e+01
1.748321758594131481e+01
1.765475503667883572e+01
1.706814265944559139e+01
1.689085392180681922e+01
1.724850066354509792e+01
1.727457436960181170e+01
1.727260617251144481e+01
1.665678491983239340e+01
1.676923871111074149e+01
1.692666131832452692e+01
1.718357317950978214e+01
1.723920965721796250e+01
1.732100411598005962e+01
1.657991854076374594e+01
1.726472870690788852e+01
1.706802011060011282e+01
1.727726194025925466e+01
1.724868358371719523e+01
1.667445832065507361e+01
1.698684599889668689e+01
1.696921395086362239e+01
1.709838788569052781e+01
1.691179782192041969e+01
1.711926234921962475e+01
1.719249332667099139e+01
1.753521427505121366e+01
1.680449768312953296e+01
1.694214485848159768e+01
1.703728384469868118e+01
1.697508497041213005e+01
1.716196656928627817e+01
1.711562682830714266e+01
1.690168529805788467e+01
1.714326384601334752e+01
1.724828698062571775e+01
1.696415048637527079e+01
1.732545881859950754e+01
1.706596293637389294e+01
1.710331590206957131e+01
1.725186134279730865e+01
1.716472565334309408e+01
1.719908572189948615e+01
1.676988680024984291e+01
1.683211008186224689e+01
1.677818046861295542e+01
1.696474863581670789e+01
1.734730565309284600e+01
1.728899156828849826e+01
1.750738611919085486e+01
1.689329256827446102e+01
1.689580489465898694e+01
1.697726971999639289e+01
1.733545901470737505e+01
1.701588951039374820e+01
1.705435779445020472e+01
1.727114221024036667e+01
1.738742160249900337e+01
1.702889236847212118e+01
1.699705114128826011e+01
1.720384290476215483e+01
1.670681536101371734e+01
1.688256754312553198e+01
1.650075263545939208e+01
1.698712717970352060e+01
1.726891668497606247e+01
1.724390686796963479e+01
1.705598424858892059e+01
1.737138714027039654e+01
1.711631013857616779e+01
1.699147679373331954e+01
1.725393616358635640e+01
1.729277204536610668e+01
1.658267920562810005e+01
1.710599983189520401e+01
1.694358227025919561e+01
1.705066573109282757e+01
1.716957174844455025e+01
1.748591095492336223e+01
1.677256222977545619e+01
1.720392506166468394e+01
1.723980301460660058e+01
1.727592731982479179e+01
1.708833236860322913e+01
1.696388859521718118e+01
1.722536488526890253e+01
1.692335299201354104e+01
1.754222283963486362e+01
1.714772989698310823e+01
1.717541383624649143e+01
1.741407964106178952e+01
1.734964124126558360e+01
1.741034752672504027e+01
1.734050472764125317e+01
1.703312602038801771e+01
1.762058367630762845e+01
1.724773718684943447e+01
1.736295004677219111e+01
1.756995974681210981e+01
1.719998604928480646e+01
1.687700992397179078e+01
1.708602450811388351e+01
1.723929532120217445e+01
1.676440099823295071e+01
1.757226332773918642e+01
1.697327779429646455e+01
1.729959577112341051e+01
1.700887559135654925e+01
1.713974331092626002e+01
1.701909295502892050e+01
1.682301506487284470e+01
1.691852756209922148e+01
1.686885433409606705e+01
1.707544760198757672e+01
1.760014170481533924e+01
1.675073677075937084e+01
1.700596773370701342e+01
1.748243872827087841e+01
1.714477566775155992e+01
1.706925281089615964e+01
1.697165326896728743e+01
1.697182038315196451e+01
1.703704810516673263e+01
1.730975383392450695e+01
1.704239710315903267e+01
1.737755322356897381e+01
1.691951269134104763e+01
1.675552760464707802e+01
1.683162080962669549e+01
1.737890859727893300e+01
1.688587970365975721e+01
1.680700630046259292e+01
1.702838688064100836e+01
1.731366106947783834e+01
1.675805248396331137e+01
1.721814818001996983e+01
1.706619399325068898e+01
1.722409367494698529e+01
1.737840397802056813e+01
1.739814535140344987e+01
1.739811594105378489e+01
1.689463218426142177e+01
1.690711978780805325e+01
1.704721185633074043e+01
1.678783898744680414e+01
1.743279156806410413e+01
1.759277561002408063e+01
1.689635282428769614e+01
1.711371897688128030e+01
1.704230837902273521e+01
1.731270889389933032e+01
1.698779586855850710e+01
1.707237127266773058e+01
1.715910169436176247e+01
1.703237548879195273e+01
1.695296171607366276e+01
1.739865898501964026e+01
1.704709869898464447e+01
1.712540051807904362e+01
1.696536175085283205e+01
1.728901635265171421e+01
1.763622425601966981e+01
1.726118885044697038e+01
1.678126445319955096e+01
1.725828247220679401e+01
1.719045268091244694e+01
1.710938650658925297e+01
1.708395877023567877e+01
1.711951604891248380e+01
1.662937387614133300e+01
1.707743064208349182e+01
1.713672950460691879e+01
1.689232401578536980e+01
1.719007186736463311e+01
1.724403140630033704e+01
1.724888574702321620e+01
1.714644963079383899e+01
1.691109440408595432e+01
1.716902887462771687e+01
1.724847156339042087e+01
1.712947041706959794e+01
1.673181374635183616e+01
1.759315253890769881e+01
1.709860554771118402e+01
1.708485331248948924e+01
1.713241583012258218e+01
1.722779733365486265e+01
1.725419240236490737e+01
1.711333282873571804e+01
1.714427838276324678e+01
1.724676731337672564e+01
1.719871209168902126e+01
1.780079127416485818e+01
1.689024330969543541e+01
1.719768850437317553e+01
1.738915916835497200e+01
1.655273990746995949e+01
1.680684467968951168e+01
1.704492584923876208e+01
1.713829036357793001e+01
1.751232930654148134e+01
1.749950399231841303e+01
1.723154583499243842e+01
1.758363089326856610e+01
1.730025018926131253e+01
1.697313571908543750e+01
1.695155620975925359e+01
1.695551918710182093e+01
1.706336863832268946e+01
1.714056746010165355e+01
1.702857225157792698e+01
1.744672795816819644e+01
1.708004581637464980e+01
1.733314769344624295e+01
1.694920720921338031e+01
1.727192554652452472e+01
1.721869348183543025e+01
1.742141229804401803e+01
1.672463243370352259e+01
1.697605848006125839e+01
1.727580295851884173e+01
1.705889693977113097e+01
1.724869377457623898e+01
1.714835110641690363e+01
1.710875776406494353e+01
1.693534125221344411e+01
1.699874305824950582e+01
1.712051397811074693e+01
1.713184186385929308e+01
1.703172407113994424e+01
1.695078834656494493e+01
1.696612204898224974e+01
1.720766753918867309e+01
1.739833146528146912e+01
1.743097596277166517e+01
1.725277165468463281e+01
1.705768054719237981e+01
1.753863470053941143e+01
1.677396023023829486e+01
1.729881100662522897e+01
1.708351352289445657e+01
1.685901864723545174e+01
1.753042618098611527e+01
1.712128460698910004e+01
1.720957118155106258e+01
1.710988423418413262e+01
1.749002642126691853e+01
1.734366334445526547e+01
1.715523392128916669e+01
1.720743451869952878e+01
1.701946581381448098e+01
1.729117737836115509e+01
1.727049748047427968e+01
1.743106763588577834e+01
1.707108013097705523e+01
1.701234482516026603e+01
1.696574228301295406e+01
1.695618691591974070e+01
1.676496205103537207e+01
1.737957160029403880e+01
1.706072156694994035e+01
1.686368502707146177e+01
1.718793358002209359e+01
1.709176992780470528e+01
1.724750835476341138e+01
1.730061966398582030e+01
1.666190838145598363e+01
1.719068610144204001e+01
1.739061300735751203e+01
1.720813382543388670e+01
1.710379746772867904e+01
1.711232372891829456e+01
1.727823219790095521e+01
1.722193592941261286e+01
1.710740437394598246e+01
1.661332342746857194e+01
1.695266601090526493e+01
1.709364650130051544e+01
1.743974207306740709e+01
1.725828558061903450e+01
1.680760771393439867e+01
1.722250343710395626e+01
1.740991165895789905e+01
1.685232495420104826e+01
1.681139864326915401e+01
1.703284923982845811e+01
1.722665512322458170e+01
1.693100411923252935e+01
1.733759345733804835e+01
1.767513191109232906e+01
1.722851878644926416e+01
1.740555553571995517e+01
1.745197891022584002e+01
1.750458741614890101e+01
1.684024971081503352e+01
1.720348565733977964e+01
1.772048968313966810e+01
1.710440207142573854e+01
1.681698183259733526e+01
1.724146326204034452e+01
1.710897001835576248e+01
1.710851769656887100e+01
1.719114124564307033e+01
1.734380174886223713e+01
1.736331725395846348e+01
1.723931964069204170e+01
1.705427691663730982e+01
1.710025929845807013e+01
1.722474798555571240e+01
1.723596139276342498e+01
1.678749254577919814e+01
1.684231548051455007e+01
1.717103861396483566e+01
1.664179659769577313e+01
1.743214280717960918e+01
1.687559576077965318e+01
1.665470532737066378e+01
1.719587766988414401e+01
1.674538951101485651e+01
1.679391600246645311e+01
1.715133267677502360e+01
1.723664227610445110e+01
1.702863226792882756e+01
1.714173674463363639e+01
1.696753635384727232e+01
