1.591506567170563002e+01
1.653258444936153992e+01
1.643936853988187963e+01
1.658216152554972567e+01
1.640556428409984946e+01
1.659436876374050840e+01
1.651299418200414593e+01
1.647496644867683457e+01
1.598048033854540506e+01
1.635611263415758643e+01
1.631668038481102911e+01
1.663160073382893245e+01
1.626927335454638524e+01
1.655360867728229834e+01
1.614230819328858146e+01
1.647524655963982809e+01
1.617649101167667425e+01
1.636632728397834313e+01
1.647467713693680480e+01
1.664070617280275144e+01
1.639864132813077546e+01
1.596920381668284783e+01
1.629851147742766670e+01
1.611182273132742893e+01
1.621655737954357690e+01
1.643967131221549138e+01
1.670686224444609280e+01
1.691335781406062821e+01
1.634256874815714866e+01
1.607770822515720965e+01
1.617711369989848436e+01
1.624797251278458887e+01
1.616699538098353273e+01
1.621351578077507583e+01
1.605616548603438432e+01
1.619890858672257750e+01
1.621237601380122229e+01
1.683021864968173276e+01
1.676376235444116958e+01
1.612684093338041436e+01
1.675402574028013092e+01
1.639619085628495654e+01
1.653426226644272390e+01
1.634298484896038772e+01
1.577593321100291135e+01
1.621859008375956890e+01
1.670123945950412647e+01
1.623819449921816371e+01
1.656721010356876178e+01
1.660957292614876124e+01
1.572309999944647707e+01
1.645153333869579271e+01
1.643623237823961247e+01
1.650782708571538748e+01
1.654352115237827192e+01
1.619437162310532585e+01
1.660478493225901175e+01
1.672994155601747934e+01
1.585677554593854488e+01
1.614925774835778682e+01
1.641352949787659554e+01
1.617467175699604809e+01
1.623019130411611144e+01
1.602368281124757488e+01
1.593917406512655077e+01
1.588504793312702645e+01
1.640120494378576765e+01
1.656077883945487983e+01
1.642649580407595877e+01
1.637542805183252170e+01
1.643274551336119416e+01
1.642973079964641769e+01
1.631561391448394716e+01
1.652040439399739924e+01
1.627878261905809509e+01
1.658795575857520532e+01
1.639654303406895508e+01
1.626432536002201346e+01
1.595534859520306092e+01
1.649141195490491185e+01
1.612804220267035049e+01
1.631840528402586443e+01
1.631290786773485735e+01
1.658367907335251346e+01
1.616016264630092891e+01
1.637601235977406589e+01
1.641285400290847818e+01
1.641199867476838037e+01
1.612202101562593626e+01
1.596087682191121004e+01
1.644729830109182700e+01
1.609476853939343854e+01
1.652137707354939522e+01
1.605336497408475083e+01
1.644513587734201110e+01
1.647917676532167874e+01
1.646864687471327926e+01
1.659674052302379010e+01
1.636523989510852672e+01
1.631941032578534134e+01
1.644034212183083099e+01
1.628653801096409026e+01
1.663220439015455554e+01
1.608666687600094036e+01
1.608922614334281675e+01
1.616704615774558462e+01
1.673255682780356324e+01
1.607416818119013868e+01
1.638400345467685071e+01
1.614434357937211217e+01
1.656116113421591862e+01
1.657756726134433123e+01
1.614234758597185504e+01
1.686104857327739026e+01
1.658424906331643811e+01
1.595660472316313694e+01
1.628569707134753486e+01
1.636605658354080362e+01
1.609972881194646632e+01
1.623284829169496035e+01
1.624532903568612596e+01
1.641064757745664693e+01
1.651191805933451562e+01
1.653262198565539620e+01
1.597302313350884795e+01
1.644817346416324000e+01
1.608113067616378444e+01
1.607354626172109135e+01
1.632867419291851974e+01
1.626400316533445434e+01
1.651142427617304875e+01
1.683534983023723441e+01
1.673973754394024382e+01
1.625913276651344574e+01
1.623964297136325996e+01
1.697231675117996375e+01
1.642837310507785986e+01
1.626467283627296823e+01
1.670178672390188979e+01
1.623781956177777275e+01
1.634161939332311775e+01
1.601520424772739304e+01
1.607190962300649062e+01
1.645853433481896744e+01
1.654962797812530440e+01
1.616427138242046269e+01
1.662256652815813851e+01
1.638893047917844470e+01
1.648686375702878948e+01
1.671991936677254742e+01
1.617675403746525120e+01
1.692297158717909511e+01
1.650583244327592780e+01
1.607058537727207082e+01
1.632070321440478011e+01
1.624723494163481519e+01
1.650778977156764427e+01
1.637904922259253837e+01
1.648512845170154506e+01
1.662898356144895118e+01
1.648616008787397291e+01
1.658847191959769773e+01
1.637583591692111185e+01
1.616582728381912659e+01
1.597860758654488755e+01
1.640768797148108504e+01
1.625561129872427912e+01
1.599093918143166526e+01
1.673322743223836184e+01
1.608603492170157878e+01
1.617137320024895075e+01
1.636918930311544784e+01
1.651520395997595614e+01
1.649240203334169053e+01
1.633731211081537893e+01
1.672803713218265287e+01
1.614080390273028343e+01
1.624875905361240669e+01
1.617832776778533699e+01
1.659623830276292011e+01
1.607325186267923911e+01
1.639681579047363513e+01
1.654204079998794796e+01
1.640198888878868289e+01
1.657094479005206722e+01
1.665096343593794259e+01
1.643345737455837252e+01
1.647531258044486435e+01
1.622201594052206630e+01
1.618209184258060063e+01
1.652348734832870747e+01
1.630288370829425659e+01
1.673169473480177416e+01
1.652105415511339359e+01
1.669796316905419431e+01
1.691504598364481993e+01
1.631648761088808897e+01
1.605150351229202954e+01
1.587618116178472860e+01
1.625758411234317080e+01
1.638533340653960124e+01
1.632006501286823408e+01
1.654456859968203020e+01
1.628381742357043649e+01
1.603670179674460883e+01
1.696004508619837381e+01
1.619496766879001015e+01
1.639361799775940298e+01
1.644917766230689082e+01
1.598073086648722985e+01
1.639839499413382740e+01
1.566545551724918361e+01
1.662249879191250912e+01
1.647166217162373414e+01
1.611801993783172193e+01
1.677786485745793854e+01
1.623892508131597268e+01
1.638313530971490550e+01
1.614431829123915207e+01
1.662264392733841234e+01
1.626826893676411601e+01
1.616831347884419046e+01
1.631525164665259808e+01
1.609948728484796376e+01
1.621539650871226712e+01
1.622040079011042835e+01
1.633997294952163770e+01
1.642160497767376270e+01
1.629762522780026757e+01
1.628433013268965723e+01
1.623207047514478774e+01
1.659801356325368005e+01
1.656705749678384265e+01
1.633913290390955808e+01
1.649515349959616373e+01
1.645006146761971877e+01
1.637055780210965494e+01
1.691101041804812866e+01
1.634981973275748857e+01
1.665104302151626570e+01
1.638040439524937142e+01
1.634675564705073114e+01
1.666176545134078069e+01
1.678968188204369127e+01
1.641363928246029147e+01
1.630960828453596889e+01
1.624228719936134624e+01
1.634179464823017369e+01
1.617339292924643601e+01
1.637484973562311907e+01
1.617342269747823380e+01
1.668199367762161245e+01
1.625208392136525504e+01
1.681846759882099107e+01
1.620303918123013176e+01
1.649032475229728334e+01
1.624366491722555494e+01
1.607253148852047531e+01
1.638104331143352255e+01
1.623666253410589633e+01
1.672105983177730337e+01
1.646127396620091687e+01
1.638192531274249930e+01
1.647734966387200117e+01
1.645992038584275008e+01
1.631901162854585152e+01
1.641705254378932466e+01
1.658562037616557205e+01
1.610411197816563700e+01
1.618821021755342926e+01
1.615765058240124930e+01
1.666044657078152369e+01
1.657910108198944954e+01
1.668160307973792555e+01
1.665237388431016896e+01
1.622009536509661842e+01
1.607666280462735031e+01
1.607366005681424781e+01
1.662078340397062703e+01
1.658792829522137779e+01
1.600587507963759748e+01
1.667250697563722284e+01
1.617482479881126878e+01
1.667600966851020772e+01
1.644218172577592796e+01
1.649369153326509974e+01
1.618352390798859020e+01
1.628162207426732522e+01
1.660833403100811978e+01
1.605392999489146888e+01
1.627514356525094641e+01
1.628149486781869015e+01
1.633062832256434049e+01
1.617965516378988156e+01
1.662357986895233353e+01
1.599279992120465010e+01
1.639509914045941841e+01
1.599651647124063736e+01
1.639977500216133066e+01
1.625648775512138755e+01
1.640355755445831676e+01
1.657523682136233845e+01
1.611016738962632289e+01
1.617259715718613222e+01
1.651285795218844754e+01
1.663684685458859036e+01
1.578593917184463535e+01
1.643630631874475156e+01
1.634756870415448304e+01
1.620749364935708314e+01
1.629010077602387696e+01
1.618925998438800917e+01
1.652960884409754883e+01
1.636798984535279189e+01
1.588850638050135977e+01
1.647961372979400352e+01
1.581494055761576867e+01
1.658273393008222740e+01
1.615874582710612373e+01
1.615999325843990775e+01
1.638216083402987167e+01
1.648617017391000417e+01
1.633545034081765834e+01
1.649920960691891025e+01
1.677012851981288577e+01
1.634279090119986222e+01
1.618464588607967869e+01
1.656561102902721316e+01
1.642062709487633043e+01
1.626951664711647183e+01
1.647401621252010173e+01
1.664274451528897103e+01
1.629279534960735276e+01
1.687194472978933035e+01
1.684862974338182084e+01
1.641513633529325844e+01
1.618975795767786607e+01
1.611713598603526165e+01
1.642222176815906920e+01
1.644086428133560318e+01
1.617395544929904361e+01
1.616337383374350978e+01
1.635457490594705376e+01
1.609719382356860606e+01
1.621116240214394111e+01
1.615935534095451587e+01
1.632892259315633865e+01
1.637130317911651645e+01
1.626980863984525527e+01
1.647967800610863165e+01
1.632838496534848360e+01
1.638664396946823487e+01
1.637394203043759333e+01
1.618695995446384472e+01
1.611905935839908111e+01
1.646617917339578696e+01
1.646240586642822379e+01
1.605185840358765859e+01
1.660054977875791593e+01
1.623487868059826411e+01
1.592026565417049078e+01
1.668222219708924925e+01
1.628190662096184482e+01
1.681871903689654246e+01
1.665058119925303259e+01
1.605441212167685094e+01
1.637727103646986393e+01
1.637396795416921336e+01
1.595228378815017400e+01
1.673235958618903396e+01
1.645077689513813368e+01
1.649773188975952110e+01
1.608161125302807903e+01
1.564318188594848635e+01
1.673620591531405566e+01
1.634374087403902109e+01
1.625470354169564047e+01
1.623617011407510802e+01
1.618548000345628779e+01
1.611079155338299529e+01
1.626334062479667253e+01
1.622039940147643122e+01
1.614722521933915544e+01
1.648493901285175056e+01
1.660549713408008543e+01
1.594998532071797293e+01
1.629409654482455849e+01
1.623524581168201308e+01
1.666580096673220979e+01
1.649386068391902427e+01
1.624147423599035278e+01
1.624952632997933577e+01
1.627591913110147104e+01
1.607259070264630552e+01
1.592278657710254564e+01
1.637698788375798742e+01
1.621216866294192016e+01
1.660769280782945501e+01
1.611160258640975940e+01
1.610993227860337385e+01
1.598267763483191573e+01
1.650987598440250537e+01
1.648486167451176598e+01
1.633209575692890780e+01
1.645438427955820870e+01
1.638692150919370150e+01
1.633346733591613997e+01
1.638698536675462591e+01
1.619132403777691565e+01
1.627464853370669573e+01
1.669812384284466589e+01
1.629116349295890487e+01
1.614094203688820883e+01
1.638717391674408930e+01
1.629908938290135723e+01
1.653317506717991137e+01
1.636324523260264385e+01
1.619621225381910889e+01
1.644289755090150251e+01
1.617840373634224349e+01
1.601044522242622037e+01
1.585159910307383946e+01
1.628758931545498712e+01
1.631796605064137395e+01
1.632789086957763303e+01
1.661819721208941303e+01
1.641373501382663136e+01
1.610323749785032632e+01
1.653163358201425126e+01
1.610348046818520373e+01
1.645613149655947183e+01
1.589149235333660570e+01
1.683064748151409162e+01
1.619095943674977178e+01
1.623401652110815974e+01
1.613037259988846017e+01
1.632772201906189835e+01
1.657700336355833670e+01
1.662016192457047126e+01
1.598593041710969231e+01
1.638233949631238318e+01
1.656562409310008022e+01
1.650201888121430116e+01
1.637769308540621438e+01
1.657925293928326127e+01
1.645994251330406399e+01
1.572983918106093348e+01
1.634935644869604943e+01
1.680184607787194651e+01
1.621994646891752012e+01
1.658057966376710368e+01
1.616360020829539934e+01
1.633880261748473472e+01
1.689811429823043198e+01
1.614245918610275154e+01
1.624199685318674824e+01
1.618232352002903340e+01
1.582312016583373193e+01
1.634619272383497091e+01
1.670100070396217973e+01
1.663448405565433319e+01
1.633415599606075830e+01
1.649795829180730422e+01
1.638366421664530748e+01
1.617427446057665819e+01
1.609953062152994718e+01
1.693502389809633613e+01
1.601743183062229647e+01
1.576646747781276758e+01
1.666776657951795571e+01
1.632815318943382366e+01
1.620284069918094971e+01
1.609645610497175383e+01
1.641134729373867529e+01
1.650394484809345386e+01
1.637088693763490355e+01
1.641160814296407366e+01
1.577726944243892682e+01
1.597240303748613854e+01
1.634462309619145159e+01
1.638532966614960174e+01
1.619977422797245481e+01
1.634763913803362101e+01
1.619033270014906023e+01
1.624670434391314089e+01
1.694806163403376686e+01
1.671430614867199083e+01
1.589419690911745953e+01
1.636610879999126311e+01
1.615444529100230042e+01
1.630712104628955927e+01
1.624863414009521634e+01
1.633958971330315535e+01
1.616825509216299395e+01
1.669399675509648517e+01
1.617645365741981678e+01
1.641526753611176304e+01
1.634955786723811499e+01
1.625403513031617919e+01
1.602067595239354247e+01
1.620770618405073904e+01
1.644787588339277917e+01
1.613928953313496706e+01
1.635166289050994948e+01
1.631876975953339937e+01
1.616529536200928163e+01
1.605756481933113733e+01
1.620296617994146970e+01
1.646216121642426700e+01
1.633706594280773317e+01
1.627876110704688273e+01
1.652674191249591118e+01
1.636093657991359862e+01
1.676486781003578130e+01
1.604240084666292177e+01
1.630414358879593095e+01
1.675439328250077509e+01
1.641465850326770237e+01
1.631432244872681636e+01
1.650607567553028687e+01
1.670188687007556538e+01
1.630936758997803082e+01
1.625112795330970883e+01
1.638263953475208723e+01
1.631253737277579319e+01
1.648587630360141887e+01
1.687997042774960477e+01
1.618689712891899646e+01
1.600736390450065016e+01
1.665319233810565791e+01
1.638044363151654181e+01
1.654029917325880916e+01
1.627601949668932235e+01
1.620025855235694934e+01
1.660540140870307368e+01
1.617771253271187604e+01
1.640496569805059934e+01
1.632764300748043240e+01
1.641230125629317627e+01
1.665996598304111131e+01
1.603071132763881934e+01
1.631122873342691548e+01
1.660082611712633494e+01
1.619962671406928223e+01
1.654680843787759770e+01
1.659833713937880972e+01
1.608495813288901743e+01
1.624475835967146509e+01
1.659449257810615563e+01
1.645457011001913727e+01
1.635894462397718740e+01
1.648275299989056109e+01
1.605154682829738988e+01
1.669932524467766655e+01
1.629181596610364124e+01
1.655107245094378143e+01
1.641149582717556399e+01
1.669719450962469409e+01
1.644587376689990776e+01
1.677830757021849095e+01
1.639812111271445616e+01
1.671421631488415471e+01
1.653626532957167328e+01
1.613172057517927627e+01
1.627434168630421851e+01
1.655938947665762839e+01
1.653773180725751146e+01
1.663612112382295294e+01
1.641289454984165630e+01
1.652159051896331476e+01
1.660589965272816571e+01
1.608096203221242604e+01
1.626292534641973120e+01
1.625981778250139698e+01
1.664236495585391040e+01
1.684985980218424473e+01
1.618356952122816494e+01
1.638644675531279304e+01
1.637694012808271893e+01
1.633178919524632633e+01
1.630927310252262785e+01
1.574966732625193977e+01
1.643475231277834325e+01
1.648754832005119297e+01
1.601483962789665583e+01
1.652502963307340167e+01
1.627057141718234945e+01
1.681884580842971388e+01
1.696010348599641659e+01
1.631165433843252544e+01
1.645340375367243269e+01
1.609467253909080853e+01
1.652174300937079110e+01
1.626315329772180718e+01
1.684543746921822560e+01
1.659909119723941373e+01
1.653208349298762769e+01
1.626344862291534454e+01
1.655773323362651084e+01
1.652391779611976119e+01
1.616170797862035968e+01
1.644553231402755600e+01
1.643709156264479887e+01
1.636976313421056517e+01
1.628413442386749210e+01
1.629868320107738811e+01
1.649030043927542977e+01
1.648966629947894447e+01
1.579548642591955243e+01
1.622654851634552031e+01
1.621121083246482542e+01
1.639377650005248199e+01
1.643324148211509694e+01
1.637189648365768591e+01
1.643445357917928007e+01
1.641023587997308653e+01
1.622334315039409347e+01
1.620922105796574542e+01
1.583939062070073156e+01
1.654761944855384215e+01
1.635428737590257242e+01
1.631445444423636459e+01
1.624235558952432257e+01
1.631511541912622576e+01
1.630185735395858160e+01
1.641053718508210579e+01
1.606277020059697946e+01
1.633283177244055651e+01
1.618850771435964120e+01
1.612359543950804053e+01
1.576760479213412047e+01
1.635796076771283936e+01
1.645077160196298749e+01
1.654312310499170380e+01
1.654538380206855308e+01
1.644634088819361040e+01
1.620207350579986638e+01
1.592330619220864030e+01
1.618003926523955371e+01
1.622909791999211393e+01
1.593937656550992976e+01
1.644824053924087437e+01
1.666537194251319320e+01
1.615019029763151792e+01
1.680597126807624164e+01
1.660839574566871590e+01
1.657769894719231374e+01
1.654354533620512413e+01
1.618798711260107126e+01
1.679598809290153127e+01
1.665359156959411990e+01
1.634561105567981087e+01
1.634187271317380308e+01
1.627645489415025537e+01
1.618864833546084014e+01
1.628837703460938258e+01
1.671125781644000341e+01
1.646670187726453705e+01
1.619813242230534200e+01
1.615258483949789081e+01
1.674371660379839355e+01
1.654587202652877309e+01
1.642328671769463355e+01
1.604226387443462087e+01
1.607245763788358772e+01
1.675882117081778233e+01
1.614704461009919712e+01
1.646390232442323764e+01
1.675227572528697451e+01
1.663616065200381655e+01
1.683042088991096108e+01
1.613860147454874294e+01
1.640288669730372106e+01
1.625439128370360820e+01
1.666635035205053228e+01
1.619994661131075375e+01
1.624610673825584684e+01
1.599052563933425297e+01
1.683414694499116138e+01
1.646524225688978404e+01
1.679334256171347306e+01
1.620307102413633515e+01
1.648321410051440239e+01
1.623670108367596399e+01
1.620045819255597408e+01
1.602151131826943242e+01
1.663952751027221311e+01
1.620724016206337126e+01
1.596591389433226382e+01
1.685807886248159093e+01
1.657514051936448851e+01
1.608559776418810472e+01
1.652255304662036650e+01
1.639843550395038463e+01
1.630631983792726203e+01
1.643027271138888423e+01
1.610103806070535271e+01
1.655735906820001802e+01
1.651102821771150175e+01
1.616378820678635719e+01
1.623820644346078623e+01
1.570446992765785765e+01
1.641588458502441483e+01
1.696978479685019892e+01
1.646577724681275257e+01
1.636809508485942288e+01
1.634075677990032105e+01
1.664663248225058823e+01
1.630947529424808096e+01
1.601988431422994097e+01
1.636764404783506777e+01
1.664809411818012919e+01
1.635178710943308644e+01
1.632656308822855351e+01
1.662212719254865334e+01
1.600371524756694441e+01
1.625248124143093520e+01
1.633071262557048797e+01
1.618152809028638117e+01
1.587263953434973729e+01
1.639727900935978511e+01
1.616595279356086934e+01
1.621988174742993039e+01
1.639328517105719030e+01
1.619814646680243087e+01
1.685383767139278532e+01
1.663862169243268596e+01
1.644515591074038241e+01
1.620921913746781939e+01
1.614772797881167676e+01
1.620329972345081160e+01
1.617366628483054924e+01
1.677608514245988047e+01
1.628933339248916923e+01
1.652635652151825596e+01
1.664479477336910662e+01
1.690725657989916897e+01
1.665184844278560305e+01
1.674006724778174515e+01
1.681786356143825500e+01
1.655774212768811182e+01
1.616025435531278376e+01
1.619711051025695880e+01
1.651837414376484858e+01
1.627188252065394636e+01
1.662842497903206507e+01
1.620079285410622560e+01
1.617584302508213412e+01
1.647507728668264804e+01
1.676891291486664315e+01
1.624764654634169858e+01
1.577275282811889134e+01
1.641342889135206917e+01
1.624834302075717218e+01
1.624333043698245760e+01
1.705181750856441170e+01
1.606432115460937027e+01
1.640174621045751735e+01
1.637033219257415340e+01
1.657317709220426494e+01
1.629281219554115268e+01
1.632868316186844382e+01
1.630946230845308520e+01
1.598008987391614255e+01
1.668150769264709155e+01
1.642935741195223898e+01
1.652498665176657866e+01
1.624783015159894006e+01
1.677281574523545160e+01
1.606371856396242492e+01
1.646691840203999035e+01
1.620090965905352220e+01
1.645885476475330833e+01
1.649055695872455729e+01
1.614276480217378307e+01
1.650377447474806658e+01
1.643911486782815601e+01
1.635199495563385241e+01
