1.666926609893135236e+01
1.658583512732353071e+01
1.699997178509151041e+01
1.699870371025350124e+01
1.704361077772518485e+01
1.711405407942967472e+01
1.749582428260660905e+01
1.667373028863689655e+01
1.687324864046554040e+01
1.708857342030790605e+01
1.735938117843492989e+01
1.674636380893702281e+01
1.707129526704860112e+01
1.697958914085409177e+01
1.705032905302276447e+01
1.693499673052587440e+01
1.693563144241480245e+01
1.679199174570138453e+01
1.730159221438153594e+01
1.650971561300508483e+01
1.708386287002758763e+01
1.720090096824619152e+01
1.693833119341766036e+01
1.729381326906766247e+01
1.673719024734542771e+01
1.671456046029943820e+01
1.645885546696201018e+01
1.704329700928863645e+01
1.713627201418539769e+01
1.701117857034751424e+01
1.719422428582757334e+01
1.701772383666633814e+01
1.678618081596570022e+01
1.659007242491111001e+01
1.736417837242963813e+01
1.681753657492641096e+01
1.683575418312074845e+01
1.709915298896769542e+01
1.735189589589214165e+01
1.725215218212393253e+01
1.673345330004536891e+01
1.710986831633042726e+01
1.682386970352048650e+01
1.667022402238830026e+01
1.700756190801935119e+01
1.694329038115033015e+01
1.680868077874893984e+01
1.696554320036187846e+01
1.671746595876146202e+01
1.639601918795681712e+01
1.651864433259597220e+01
1.696622711979218678e+01
1.668747619262767046e+01
1.692718431890577335e+01
1.690914325063099000e+01
1.712669551666528989e+01
1.699398212930205077e+01
1.710557762108971858e+01
1.707615705137999385e+01
1.675546166446478580e+01
1.726697761033694789e+01
1.705776654208175103e+01
1.689575142588281054e+01
1.694063734241159480e+01
1.717861745797950235e+01
1.682579923921051801e+01
1.682666085801610834e+01
1.690764266709355823e+01
1.657492157731052274e+01
1.696564308819689515e+01
1.738274632383895479e+01
1.671055007605994547e+01
1.742104492107340974e+01
1.698215553751078843e+01
1.688596615386733291e+01
1.716297075271657135e+01
1.701230494699121110e+01
1.690471610887309240e+01
1.665921681366428331e+01
1.660531672744991027e+01
1.711308344047869312e+01
1.688663331488317709e+01
1.673693953584944794e+01
1.705748094526627412e+01
1.653879656038894552e+01
1.670386548666304805e+01
1.668904676587586877e+01
1.733524817843625598e+01
1.723086822299304899e+01
1.725128354191339497e+01
1.714109364422262871e+01
1.659199264577797450e+01
1.720866124495754335e+01
1.699348366915808839e+01
1.713788890504847373e+01
1.687151250281992532e+01
1.677460263657746253e+01
1.685961983213734783e+01
1.712141555395375292e+01
1.716620988232622480e+01
1.719442328997155300e+01
1.655429038468297520e+01
1.732082141488849913e+01
1.711091878660164056e+01
1.707408087969908550e+01
1.690982292468655501e+01
1.736981996941537432e+01
1.697046934315496003e+01
1.722888495897785077e+01
1.718821859238190441e+01
1.662181058415967883e+01
1.714777970651618944e+01
1.758596766380320631e+01
1.700944585703696177e+01
1.689623854897717337e+01
1.674039501852638168e+01
1.704524616838787665e+01
1.733003700249960488e+01
1.685479051743543977e+01
1.667369538849288801e+01
1.700533374773415929e+01
1.706806377869462565e+01
1.703560510176158971e+01
1.698526891174534370e+01
1.698963773414815392e+01
1.718184301388558310e+01
1.706844974198810760e+01
1.748122291259359429e+01
1.699349439568131359e+01
1.700213786146695227e+01
1.742456131066238711e+01
1.679312982760819040e+01
1.690752036277853776e+01
1.700108259788769871e+01
1.695472850334380510e+01
1.735709325668693381e+01
1.632864135437396058e+01
1.744765762490288807e+01
1.652765665575777376e+01
1.646136110916298279e+01
1.676121872251962941e+01
1.701837744208329894e+01
1.684869738189266641e+01
1.662067750277864064e+01
1.652389136691347105e+01
1.679932985574678384e+01
1.706241354285882750e+01
1.688629903445749036e+01
1.681792629262369942e+01
1.698686637075945072e+01
1.698519205881353500e+01
1.688471699604723497e+01
1.696043582121358995e+01
1.677594316663078899e+01
1.749120433847684097e+01
1.709685936540831364e+01
1.700679490568690611e+01
1.700423884586963297e+01
1.677505826359183061e+01
1.733292176398009943e+01
1.726899552030480933e+01
1.710173575042358252e+01
1.701752917112106900e+01
1.735096498908989560e+01
1.701696672649798714e+01
1.696416094499742755e+01
1.685882957767100265e+01
1.686817652775419063e+01
1.720836711604476221e+01
1.691818424201947479e+01
1.680454825691240828e+01
1.731433320112387264e+01
1.681780803658400814e+01
1.745184095423472925e+01
1.691861125686323675e+01
1.736265831230614864e+01
1.676829511221285784e+01
1.725749474193500888e+01
1.734348639562905348e+01
1.705818371519547227e+01
1.764110172648486596e+01
1.672533207776901776e+01
1.693378270330909885e+01
1.718098069733553857e+01
1.740964171406815453e+01
1.687379360416253604e+01
1.686996291606797982e+01
1.680915978065000260e+01
1.672840426367644184e+01
1.664225350884236221e+01
1.747777390899469907e+01
1.716229420445565523e+01
1.678333518105879207e+01
1.674025412586913220e+01
1.714664114132510520e+01
1.724056538195725352e+01
1.738835698086757020e+01
1.666827369456286689e+01
1.717515473197331843e+01
1.669739167628041443e+01
1.714878815755280783e+01
1.682055490048794866e+01
1.723520271967023376e+01
1.709606981435435102e+01
1.676450853151241205e+01
1.716770403030564296e+01
1.665192899885182953e+01
1.688542644942359061e+01
1.751300904753858489e+01
1.693495536573216853e+01
1.672522403363934984e+01
1.684252998131609402e+01
1.668600060620058656e+01
1.681403760787806334e+01
1.670143652547859503e+01
1.697454376482881955e+01
1.691431659201061777e+01
1.699611071484275726e+01
1.708623098780674709e+01
1.721590142833012749e+01
1.720874334188738075e+01
1.788441960087419602e+01
1.709665249197211168e+01
1.682392547669006433e+01
1.693464852685690047e+01
1.686330488780826897e+01
1.702083338516369793e+01
1.728558055697640228e+01
1.700329676772760124e+01
1.688873126989017948e+01
1.661249083882534094e+01
1.717784687530090437e+01
1.719479082144510684e+01
1.729060886101483874e+01
1.659516069305047381e+01
1.687830581462371171e+01
1.680308034839386622e+01
1.693235779860737722e+01
1.711153023669260520e+01
1.700494652734322543e+01
1.689845712351779383e+01
1.666998945585159930e+01
1.689861538127031793e+01
1.701180506744970344e+01
1.711473771357149332e+01
1.698095793326082159e+01
1.699127649779518379e+01
1.703013517158830581e+01
1.669491920591092438e+01
1.731447269384988985e+01
1.703471912655157539e+01
1.665952476917062341e+01
1.691609031406679975e+01
1.668238738585149505e+01
1.741618233050781583e+01
1.673855601568911666e+01
1.673909720535228729e+01
1.668301393428674473e+01
1.690477431096019600e+01
1.664210797998875080e+01
1.719788714082579162e+01
1.721441772811257209e+01
1.709518699279043474e+01
1.663806615716768889e+01
1.705712257766273510e+01
1.681143158318416653e+01
1.694856953213739104e+01
1.690916586651297493e+01
1.691355257455875361e+01
1.714674594337142466e+01
1.726612529152347264e+01
1.718853016123859589e+01
1.715642287294665280e+01
1.731806170543468681e+01
1.727993953843047947e+01
1.692862244315612941e+01
1.700932659737943453e+01
1.744024438684783718e+01
1.711717731078055493e+01
1.688676567228209890e+01
1.705768384393392267e+01
1.681120661670956906e+01
1.663352003381384492e+01
1.703578253535862430e+01
1.710650217020027242e+01
1.699609782910951949e+01
1.684397793821542066e+01
1.697028172642077593e+01
1.661388091974260561e+01
1.685819050145373410e+01
1.698942854922224655e+01
1.681644886821183604e+01
1.686916283084274326e+01
1.719861638335536824e+01
1.718231872420307127e+01
1.699185771427739411e+01
1.685516891391074523e+01
1.725384856081483775e+01
1.718373365577552292e+01
1.690284542414919144e+01
1.704579810453281752e+01
1.738910171206681454e+01
1.730159294201995124e+01
1.707746057919136007e+01
1.719136349057211532e+01
1.685542232803912199e+01
1.743410932448772499e+01
1.686672655057837744e+01
1.683500762685509855e+01
1.696860446755977847e+01
1.732080030259180248e+01
1.684523019192184279e+01
1.719075632059623970e+01
1.707507808402915828e+01
1.668656553335162229e+01
1.729149957420368011e+01
1.679980895619101489e+01
1.713136068903093445e+01
1.704617137243083747e+01
1.693983517453055043e+01
1.707020881513465227e+01
1.694367643262644307e+01
1.685879079474233322e+01
1.698757934890770827e+01
1.718549658416161208e+01
1.687837520585352991e+01
1.671116822072531249e+01
1.654505489303776145e+01
1.699851701483333954e+01
1.739088595704515683e+01
1.655023635565611784e+01
1.681266333286347248e+01
1.701060808876722419e+01
1.707518864353627919e+01
1.744400298264818971e+01
1.723015255583247907e+01
1.695573061984096341e+01
1.684258429830477510e+01
1.736917282628482084e+01
1.690887815678439665e+01
1.666404251506406808e+01
1.670884202665861551e+01
1.747122104803246856e+01
1.690291350126217651e+01
1.678798219305193129e+01
1.692945972236766394e+01
1.685033338001672121e+01
1.707005249850466555e+01
1.727911724359738344e+01
1.662928738643223525e+01
1.667952159474972262e+01
1.712871345135176071e+01
1.686406192936935966e+01
1.719276175129271067e+01
1.653853459841941742e+01
1.723345576562855541e+01
1.718817870602634557e+01
1.682537025240006656e+01
1.731143765840354831e+01
1.666259739388989658e+01
1.691381362706524882e+01
1.705391397782841523e+01
1.681936112504974190e+01
1.768957186364857748e+01
1.666302201338841016e+01
1.709611988318274101e+01
1.721663340749021387e+01
1.716601869943884395e+01
1.696329176162882391e+01
1.659237640105524747e+01
1.693508267427459657e+01
1.708248449692086268e+01
1.713523582027736580e+01
1.693597167485413735e+01
1.663520227047361644e+01
1.699534370306621511e+01
1.728770192602827649e+01
1.709763115598333982e+01
1.720973367632160134e+01
1.728534272240531067e+01
1.725362435837968533e+01
1.721497037535959862e+01
1.707329351565279651e+01
1.674642858967245118e+01
1.692650920394098435e+01
1.697701103738338091e+01
1.691932845414068609e+01
1.695913881609287444e+01
1.708214368434837738e+01
1.703821522103556418e+01
1.695992311312705780e+01
1.702321074697921688e+01
1.723706638110784084e+01
1.670309425709667650e+01
1.679131234740828305e+01
1.677245029808827681e+01
1.718831441784082159e+01
1.704050021806931525e+01
1.690015350258072147e+01
1.684391214446544538e+01
1.711505851461907923e+01
1.705048947570529450e+01
1.688071656975882462e+01
1.709277848356040153e+01
1.687877261444695520e+01
1.685045757586798487e+01
1.720544836452308957e+01
1.694971930559081486e+01
1.698494745607134249e+01
1.662520631126552928e+01
1.712152480014494671e+01
1.661568610607293195e+01
1.697200942113202871e+01
1.729278848554651304e+01
1.695157342908718334e+01
1.656099596677224639e+01
1.699537167130902304e+01
1.709512046734839785e+01
1.693537115675872329e+01
1.687538405791505269e+01
1.754462261237097920e+01
1.722905764355844482e+01
1.667236130572814545e+01
1.713829445546295815e+01
1.695280240427081964e+01
1.691998526111641610e+01
1.734009352903728995e+01
1.701183704324135704e+01
1.702112749254142443e+01
1.704237125413511222e+01
1.708729645425301413e+01
1.697891606164697365e+01
1.705136690245275588e+01
1.707166148457662302e+01
1.723469305316900346e+01
1.665258477202796428e+01
1.735878193835074867e+01
1.695714279089174070e+01
1.679803459591009585e+01
1.715167766816903949e+01
1.721235753306008931e+01
1.679717032693083212e+01
1.692807739977069303e+01
1.709012852426595330e+01
1.698538619300199315e+01
1.691110127367437599e+01
1.735096055526514647e+01
1.686234576459268197e+01
1.709617034174095096e+01
1.726578253385100581e+01
1.723165831730639752e+01
1.701861800063200647e+01
1.684935956000645874e+01
1.712081761014800918e+01
1.688566569497898584e+01
1.682966773069975019e+01
1.705300470971132043e+01
1.676907194499722920e+01
1.692649092099403774e+01
1.721009716581593096e+01
1.652971877174130455e+01
1.708471945008934867e+01
1.684072924009246819e+01
1.698624369009053936e+01
1.692910502377099746e+01
1.678116157961650856e+01
1.765740828534752893e+01
1.733624284784695746e+01
1.711110075528802810e+01
1.683548780559853597e+01
1.711967652544416651e+01
1.679124088170769724e+01
1.706660235997501829e+01
1.703753615107374131e+01
1.703601188935953914e+01
1.680514775889282220e+01
1.697991106174458054e+01
1.683947040455189637e+01
1.703668556837120462e+01
1.723218701390572605e+01
1.730132422550979143e+01
1.658497096916130786e+01
1.658343478146614203e+01
1.718508648357115831e+01
1.676544179364391240e+01
1.758212226367723829e+01
1.720695292087837203e+01
1.665441483185098548e+01
1.665201199889072470e+01
1.707338014137664928e+01
1.691948855105846761e+01
1.686493594069830948e+01
1.728222018497233492e+01
1.682466781947422163e+01
1.646710046413249984e+01
1.723991804079426515e+01
1.690150451745891402e+01
1.723709512581021031e+01
1.663147566473395145e+01
1.711429604226729850e+01
1.689723327319952872e+01
1.686232808119023829e+01
1.697499378606602605e+01
1.674782499699962912e+01
1.713132775609638259e+01
1.705968652334177449e+01
1.684651993647609913e+01
1.730039877058274556e+01
1.673496815155991513e+01
1.722753836214098300e+01
1.669704353476808478e+01
1.721361437694126906e+01
1.714763473835650132e+01
1.720343368587858279e+01
1.685136392923439530e+01
1.702544984717289722e+01
1.710830319546015588e+01
1.692350646066602238e+01
1.691001270334240303e+01
1.702557777646085313e+01
1.693582661337238093e+01
1.690558913330477608e+01
1.689046701620311453e+01
1.736547980062466223e+01
1.723003712663642162e+01
1.733678207920561576e+01
1.712371623297512713e+01
1.665851923668846268e+01
1.681463553937737032e+01
1.698924681493517852e+01
1.709415513493359740e+01
1.696394846889565855e+01
1.692790574433326611e+01
1.685378163198553736e+01
1.696513378572030817e+01
1.697631026126297016e+01
1.700941450775616559e+01
1.679300795240529354e+01
1.691543880909246411e+01
1.664833543910274827e+01
1.700316056121365449e+01
1.678515763630972302e+01
1.716940209059303868e+01
1.679493569343065218e+01
1.674574891643972663e+01
1.674549626882938824e+01
1.689564263059077120e+01
1.669475374772933662e+01
1.728468394440051270e+01
1.726564993155635719e+01
1.716444243495778821e+01
1.667116034658097590e+01
1.665953880097534068e+01
1.746588159613254732e+01
1.688989932648521730e+01
1.769908786993123329e+01
1.690283415678994672e+01
1.735226514553832899e+01
1.675687048528663681e+01
1.692266520186849377e+01
1.708539014389220156e+01
1.681349565051076311e+01
1.655275193624621721e+01
1.687438765997747936e+01
1.716300794396008200e+01
1.663196272984253454e+01
1.725395587221224503e+01
1.695385968442161229e+01
1.693664214782029021e+01
1.710028686899772055e+01
1.675016737620396157e+01
1.662626117770070877e+01
1.711254386329005683e+01
1.695357269445892001e+01
1.703198860947080817e+01
1.696565008213538306e+01
1.705924411470900282e+01
1.669693685026623342e+01
1.733514811806696088e+01
1.709865256054372296e+01
1.701926896082594709e+01
1.663505594695687861e+01
1.697231358808967983e+01
1.687017542799686964e+01
1.674228907313394998e+01
1.718459754336157985e+01
1.687187092628747465e+01
1.679771559400106540e+01
1.699893316577001201e+01
1.688999628385079887e+01
1.673815871051617066e+01
1.710300645036349820e+01
1.712267846151437567e+01
1.703207780979434816e+01
1.695049107850928749e+01
1.743002258734976451e+01
1.736964185116466908e+01
1.707470298601396408e+01
1.731798828295676529e+01
1.663791167556469119e+01
1.703586052975424181e+01
1.671351781429950023e+01
1.691996318721225379e+01
1.722335506175308950e+01
1.720544470837633000e+01
1.687241096107429783e+01
1.692121715210117827e+01
1.678830009528684641e+01
1.701932635067819533e+01
1.686937645233068750e+01
1.695022083288294468e+01
1.694782818249356993e+01
1.696268119873520064e+01
1.718753694248742647e+01
1.681844672752318459e+01
1.734593929821481595e+01
1.713858115554722161e+01
1.689349159614424423e+01
1.694200782593389576e+01
1.707135611739394321e+01
1.690750769414558619e+01
1.693164083713504198e+01
1.702023391836631916e+01
1.731776937023101226e+01
1.683580836743492881e+01
1.720183547593036266e+01
1.708012356763950024e+01
1.667046697489372420e+01
1.702520889521852965e+01
1.688709484697924523e+01
1.689966903906628204e+01
1.721318455630923694e+01
1.668661253599070093e+01
1.714304583699413698e+01
1.718304340940218822e+01
1.684476752197198834e+01
1.716674056974745000e+01
1.672879098425575606e+01
1.714058839295459080e+01
1.696506453062954023e+01
1.664366659293808581e+01
1.696265412547121088e+01
1.745572734127977910e+01
1.718266590273987049e+01
1.723485012691758200e+01
1.671876715819482939e+01
1.749373167057795442e+01
1.712516891139580366e+01
1.668799162077657527e+01
1.693864372256881268e+01
1.712605749175014935e+01
1.709210503543435422e+01
1.692618248871806585e+01
1.689775874235770914e+01
1.693955704190059919e+01
1.689269867305835504e+01
1.707376306341842209e+01
1.673848307734756702e+01
1.759040108632069277e+01
1.690762163286190756e+01
1.683658296128925969e+01
1.698172242023450096e+01
1.695012114592532271e+01
1.691012330088147309e+01
1.672772019698645707e+01
1.666692804442475762e+01
1.630713472394000618e+01
1.753039548384942847e+01
1.696588256802368022e+01
1.715788678557252567e+01
1.669701521326057403e+01
1.721676501374699697e+01
1.706307697168370652e+01
1.700417728908892556e+01
1.704669093524878676e+01
1.727646849006220720e+01
1.689936814007077714e+01
1.687162362763181278e+01
1.717379783960646122e+01
1.679573536542438106e+01
1.709687039710326673e+01
1.701909533292792531e+01
1.669457408280418420e+01
1.709860769822219240e+01
1.683292865426455975e+01
1.701474320315279698e+01
1.690216669429051777e+01
1.716690284572301550e+01
1.677629227525350686e+01
1.701289584720267456e+01
1.661944621631553076e+01
1.702079712279229184e+01
1.646306363813798157e+01
1.728451737106703945e+01
1.716533140955611003e+01
1.680781132249209975e+01
1.698821207481647022e+01
1.718379998626507188e+01
1.723816304759393248e+01
1.727800934006958400e+01
1.684230721475263692e+01
1.667078655519143737e+01
1.734950223607706832e+01
1.660056065574503137e+01
1.663198893293738934e+01
1.715578178589569447e+01
1.661699911352631887e+01
1.718315173409003194e+01
1.739199409292456977e+01
1.686770592491369314e+01
1.699403538236411393e+01
1.701388751763596829e+01
1.676041417378507248e+01
1.699057792227148411e+01
1.723945392102965712e+01
1.744720178367338903e+01
1.659953014277659733e+01
1.734560759251493067e+01
1.727182876981254722e+01
1.667788641161899221e+01
1.678695853229712043e+01
1.694195007074498349e+01
1.721787773961557377e+01
1.691800263019057837e+01
1.722531719303256281e+01
1.689464012263923465e+01
1.729724908793405902e+01
1.697491792091821949e+01
1.665085275151265876e+01
1.706445067905220370e+01
1.719395312615232996e+01
1.684612135421076573e+01
1.705086436418950768e+01
1.725678252425900894e+01
1.730849881389727329e+01
1.731215291911432175e+01
1.715901455135844955e+01
1.701532312277050352e+01
1.697089793942490488e+01
1.679017874657281340e+01
1.698494140149645304e+01
1.707235318001071533e+01
1.689769322990655809e+01
1.704225516291936771e+01
1.695008855950212379e+01
1.699747839232462354e+01
1.706811782954834555e+01
1.679966776603009038e+01
1.663295643705027516e+01
1.690377159507463034e+01
1.711089853360585167e+01
1.652700553943419592e+01
1.691488272582763486e+01
1.690354908561542757e+01
1.716172848735890710e+01
1.737594094005369172e+01
1.690027420199675845e+01
1.694774156962792944e+01
1.678290416093033954e+01
1.692726789009111954e+01
1.696853954444253532e+01
1.683251460063887350e+01
1.683812489317028138e+01
1.690944969684556298e+01
1.698615702931844140e+01
1.661925739011397596e+01
1.712918479546031492e+01
1.688098434237976520e+01
1.686834546002117463e+01
1.735738367788917103e+01
1.709881405925255393e+01
1.684950994364941224e+01
1.729164471447366225e+01
1.716951291554264003e+01
1.667648897339286052e+01
1.725322421699508979e+01
1.737210836683584247e+01
1.662435067051085014e+01
1.700525763014189451e+01
1.669210042728399301e+01
1.705189223449320224e+01
1.711864584183175353e+01
1.720328102014521576e+01
1.673365094152528343e+01
1.698488216706685705e+01
1.695435814879913750e+01
1.653136427812288289e+01
1.683671143551205063e+01
1.700369808416148132e+01
1.660740413360738543e+01
1.721785236494481808e+01
1.729169158028584619e+01
1.666466147305476042e+01
1.694433835305107650e+01
1.723659242615736531e+01
1.658954179427087539e+01
1.682097878923678991e+01
1.704878122066737234e+01
1.703858913048404844e+01
1.662772297865243587e+01
1.727457935292764546e+01
1.693324470119605962e+01
1.690120037400629016e+01
1.694236191039222561e+01
1.733584359392304819e+01
1.697306407712942544e+01
1.705071534496007857e+01
1.683277384426022394e+01
1.687645553328441750e+01
1.716544314307032693e+01
1.725668149923723504e+01
1.657873294692779709e+01
1.738732973432341211e+01
1.694436579669079279e+01
1.653155783099867548e+01
1.715558990135686201e+01
1.718848358136975207e+01
1.701963739687152000e+01
1.691215168283062908e+01
1.721487380763563024e+01
1.708670804951067623e+01
1.720783909439386505e+01
1.730022619052582655e+01
1.721154684542271696e+01
1.717366712539110907e+01
1.688670932218624898e+01
1.719067210863954287e+01
1.688180657955057740e+01
1.707794284357609271e+01
1.695094459546722376e+01
1.652245509603340778e+01
1.685840970451783605e+01
1.722002183054294377e+01
1.737363664528320584e+01
1.720994558128342078e+01
1.710440803598837434e+01
1.695894810931895336e+01
1.689447045226084754e+01
1.678436813415181206e+01
1.725757593720296157e+01
1.705624396919256114e+01
1.721597995538139614e+01
1.688947309208859693e+01
1.746804495667885249e+01
1.719860339249780523e+01
1.679620062451193618e+01
1.696672798134182969e+01
1.732929048602066402e+01
1.674120264964586724e+01
1.757955944284408645e+01
1.708227874876726915e+01
1.728025749585935600e+01
1.699691148821149156e+01
1.684440248536602880e+01
1.691545964876550912e+01
1.697589762863140095e+01
1.724255875167199292e+01
1.679511941883171389e+01
1.744507879304071452e+01
1.672599096476940872e+01
1.694090924433926659e+01
1.687945965514792235e+01
1.697504833375291611e+01
1.709941052224058566e+01
1.708162753891537378e+01
1.702306486508935279e+01
1.726951889087540337e+01
1.691924563881013910e+01
1.658562405242928506e+01
1.718737414508330374e+01
1.695004039871930956e+01
1.706548457521738982e+01
1.714705795048119441e+01
1.718295638524289970e+01
1.706013223520380961e+01
1.723642842507746309e+01
1.695530492166313508e+01
1.729746182893495288e+01
1.636212729358664930e+01
1.685185991823283302e+01
1.713429941856936267e+01
1.703811210223745221e+01
1.684206995792685291e+01
1.682592305100029506e+01
1.697445323487114166e+01
1.711853228673053096e+01
1.691616013495709225e+01
1.731600497881588296e+01
1.697447245741918564e+01
1.698991142419019695e+01
1.690872850103264469e+01
1.666510232197703090e+01
1.685021384254425669e+01
1.709967135352421508e+01
1.697733659048816079e+01
1.698341024618066086e+01
1.722450633244758578e+01
1.733251424678440245e+01
1.674050084974139807e+01
1.734906491504263215e+01
1.682582280130823094e+01
1.673608814830613767e+01
1.681359460284598129e+01
1.657975266202034703e+01
1.716707348683338807e+01
1.718183899188132102e+01
1.721003312082670433e+01
1.693684586102148870e+01
1.710406822104589253e+01
1.716801474813679107e+01
1.747535702941627633e+01
1.705912873094664306e+01
1.676462688659347577e+01
1.700373871993845398e+01
1.703150652673299348e+01
1.676015079073223291e+01
1.723999769245306624e+01
1.725527286187328357e+01
1.678255536498554790e+01
1.699560529534315023e+01
1.687150348621500129e+01
1.645156324834510997e+01
1.657748061254591221e+01
1.739852379772291613e+01
1.659645469582460109e+01
1.706168655541742041e+01
1.665988833880837916e+01
1.700522074918745474e+01
1.684991563658157077e+01
1.680626786587912491e+01
1.729112619198403067e+01
1.721787741720696374e+01
1.720436089933089718e+01
1.670923403587250178e+01
1.721280204019719662e+01
1.758558929450316199e+01
1.724478491634438271e+01
1.711987284055766168e+01
1.676786556252208982e+01
1.625726603066544484e+01
1.703290326846727609e+01
1.699004331100400478e+01
1.699799589499740193e+01
1.666613766469976810e+01
1.678977955593634874e+01
1.702653625230182044e+01
1.694422450006568681e+01
1.688367209457501872e+01
1.715116954455309539e+01
1.668736176214746791e+01
1.698962147545318757e+01
1.686354316795306119e+01
1.697152067053126245e+01
1.738433483914057476e+01
1.748991805900087826e+01
1.690139441177433000e+01
1.720796120462499346e+01
1.686882176881284323e+01
1.699441110258733190e+01
1.675352273257844615e+01
1.690434152869404372e+01
1.649642644395895630e+01
1.702350675954623327e+01
1.698624484588566119e+01
1.711984749586942556e+01
1.698497421663024198e+01
1.693101406392573338e+01
1.699137202750783260e+01
1.690693741030393227e+01
1.657396717850402723e+01
1.665034132044036852e+01
1.682020785725052647e+01
1.648886355792411607e+01
1.734367561111568889e+01
1.673488746381462988e+01
1.703979847377440393e+01
1.697750006888692909e+01
1.681898007993036614e+01
1.655173239895334802e+01
1.660534792025362449e+01
1.696607188666130028e+01
1.685333228485779244e+01
1.683423101025460866e+01
1.700180302961051027e+01
1.674831918305200062e+01
1.723498634057348156e+01
1.630186648511146430e+01
1.654704102833085244e+01
1.701668723721055798e+01
1.687722731965968137e+01
1.702831638461966435e+01
1.691867066088889970e+01
1.710046061222216807e+01
1.678300968903309709e+01
1.750608023263894353e+01
1.699562436763281070e+01
1.713145249880332344e+01
1.693449163982859673e+01
1.682253114363545166e+01
1.718147376443747376e+01
1.723287585887380757e+01
1.720018737194806846e+01
1.712971239137806734e+01
1.731476955521142713e+01
1.720768437180781518e+01
1.690825819921245454e+01
1.678131358234572801e+01
1.717211454248514357e+01
1.697153416833336692e+01
1.697705680621988833e+01
1.747629207386039241e+01
1.718981942996576606e+01
1.666468171201498194e+01
1.665686390805205619e+01
1.698411854677582866e+01
1.697309456744727640e+01
1.716661459495304598e+01
1.726594930523740246e+01
1.668023063843987330e+01
1.684022237332571237e+01
1.709583284995426311e+01
1.654950879209300396e+01
1.713115305554163825e+01
1.699257732871607729e+01
1.632033952365464557e+01
1.694996081506031516e+01
1.684319378670079814e+01
1.683605511189944792e+01
1.705255008010701800e+01
1.732725070782977284e+01
1.700553500660371498e+01
1.695228814610095469e+01
1.714774789376744479e+01
1.704965570006404008e+01
1.717726041901299894e+01
1.712574695991280294e+01
1.704636121253265202e+01
1.696103519931027392e+01
1.740092344725625750e+01
1.688949976253281093e+01
1.719094714266244139e+01
1.695311236679181377e+01
1.690975166378386874e+01
1.678984492316795141e+01
1.714629125046447200e+01
1.700954842297285552e+01
1.696427208216007188e+01
1.654483895025643747e+01
1.702001379241081125e+01
1.732395981515567485e+01
1.682701706391689811e+01
1.714938882118829255e+01
1.706504985630663640e+01
1.691024767623467540e+01
1.690515687281867940e+01
1.668815092475225370e+01
1.728687820262919317e+01
1.689081410560826413e+01
1.697253697590311461e+01
1.673788117968993561e+01
1.688419220422366962e+01
1.708386826791729263e+01
1.680646464683637120e+01
1.661547047111163877e+01
1.678767510763885085e+01
1.742785681788934582e+01
1.717242517709129856e+01
1.722478147343834820e+01
1.690110611338347013e+01
1.684708871687664811e+01
1.678079628702652215e+01
1.656132739849714497e+01
1.689576797691120547e+01
1.677731633219032759e+01
1.744950995623309353e+01
1.745004135382269794e+01
1.691534647681936931e+01
1.725918104623585947e+01
1.709210710314657078e+01
1.659743164612430277e+01
1.695267001189984768e+01
1.679175126654073935e+01
1.712768883274956977e+01
1.713025580353206223e+01
1.667973802149832352e+01
1.703507954287330861e+01
1.684013268657827567e+01
1.679742288575147313e+01
1.713403057796938711e+01
1.709692699048020259e+01
1.702795360651397516e+01
1.628932002169868198e+01
1.701752162094413734e+01
1.663280555807358141e+01
1.646134508731764967e+01
1.696850768819511401e+01
1.694876037730509566e+01
1.713567525533216340e+01
1.709630628406865682e+01
1.678940891640593236e+01
1.671475896998423849e+01
1.668506144233192146e+01
1.685481635709856008e+01
1.677444804278461277e+01
1.710121437062316474e+01
1.689697700319947060e+01
1.669123642461390844e+01
1.739851366876153804e+01
1.684935037456122586e+01
1.742408174988447556e+01
1.703109720031442009e+01
1.711736494682125098e+01
1.707418619528212034e+01
1.729502581892866786e+01
1.693394087492549005e+01
1.716165950631368275e+01
1.712652919673703522e+01
1.742447354604294318e+01
1.690873241257135717e+01
1.704644130163232774e+01
1.681775574741298129e+01
1.705401112954365672e+01
1.667675027832282098e+01
1.707326994829111655e+01
1.665399364325861598e+01
1.693085157996053525e+01
1.712949699363420208e+01
1.677661556644222784e+01
1.699484885963460101e+01
1.699321599160583673e+01
1.703471949573155086e+01
1.663350026771129819e+01
1.671112580608423670e+01
1.701081755749878255e+01
1.705704833532174192e+01
1.689752882132100709e+01
1.654511046812786645e+01
1.691604678936985451e+01
1.687762685390946871e+01
1.698383285010048027e+01
1.715398643100995812e+01
1.696384585571890469e+01
1.684082212062441641e+01
1.736474505057100259e+01
1.674840852013025838e+01
1.705511432576682296e+01
1.689719792492444483e+01
1.688482179097535152e+01
1.699379791872827639e+01
1.679130839264689001e+01
1.704272318764336447e+01
1.661232745184534920e+01
1.739704904782860950e+01
1.701089801033335291e+01
1.716756709844948858e+01
1.678074642455070631e+01
1.695879825231333271e+01
1.691435304069308998e+01
1.660301947080199625e+01
1.674877520632008654e+01
1.700503651052803278e+01
1.689955247577465514e+01
1.725749551266663318e+01
1.652625763178743767e+01
1.668517721738755810e+01
1.681036998837919327e+01
1.656100734136472497e+01
1.704446304258515710e+01
1.682946442100629625e+01
1.680026109707183934e+01
1.713093164409962554e+01
1.712825572846090694e+01
1.663234205798716303e+01
1.670550147194449409e+01
