1.823789705688777474e+01
1.863328985225045642e+01
1.840585859334951735e+01
1.775365775116917177e+01
1.889167510231554559e+01
1.879901665092353369e+01
1.847670517846319527e+01
1.788635038623683471e+01
1.847452654322621157e+01
1.855073248426132082e+01
1.809397790364087300e+01
1.804939765309683963e+01
1.755843548197031012e+01
1.832550077975349012e+01
1.824078407130319235e+01
1.834351491206207641e+01
1.873555271202145533e+01
1.817110719118165818e+01
1.873821712882720902e+01
1.847216686668521746e+01
1.862745117159708741e+01
1.846998544323590252e+01
1.829770953460848659e+01
1.860263930993258796e+01
1.859890179144974098e+01
1.806085001248705879e+01
1.848738131055128875e+01
1.797182579374216616e+01
1.854529267947029325e+01
1.837432639001901080e+01
1.813503757853121812e+01
1.826067916053060713e+01
1.849741710401863060e+01
1.817353421787205292e+01
1.842030846619553941e+01
1.853570643497417691e+01
1.841555235312872441e+01
1.840882542054929161e+01
1.800355133635779836e+01
1.808342360502221169e+01
1.830849192124390257e+01
1.808612602122086344e+01
1.865378027765949653e+01
1.807554639263749152e+01
1.816225859971335410e+01
1.847804414726238775e+01
1.851343162603143710e+01
1.848691619973105560e+01
1.830899458814779379e+01
1.831684958843264255e+01
1.838389123108119705e+01
1.879025319873430888e+01
1.847519562691200079e+01
1.821838447321649923e+01
1.837289335055798034e+01
1.798673041479629120e+01
1.881327629076955077e+01
1.840976898015552621e+01
1.815099490077946953e+01
1.843551410330991658e+01
1.872165455099330345e+01
1.812559232342699644e+01
1.866594612795833541e+01
1.911113650569245337e+01
1.884382186590471520e+01
1.831836472421803563e+01
1.794890140403706269e+01
1.749048839237019237e+01
1.806142539623164112e+01
1.772064132713824947e+01
1.844705502123035146e+01
1.799758562337061107e+01
1.805592842465501491e+01
1.840705693071863180e+01
1.837655330330342807e+01
1.896484163343789575e+01
1.788110279444448381e+01
1.849385094909974114e+01
1.817112402141496474e+01
1.864934559996135022e+01
1.797361536934733905e+01
1.820267077786981957e+01
1.780183325677975148e+01
1.785047677102192054e+01
1.889102830997930127e+01
1.817531632440606515e+01
1.829445224763135869e+01
1.860318803888663197e+01
1.843339869625985017e+01
1.862931205521578448e+01
1.780234447473764448e+01
1.831161871283979536e+01
1.811317988936916024e+01
1.854265126965266575e+01
1.791187724167458484e+01
1.842579042422618585e+01
1.810867564623416470e+01
1.773276675574602379e+01
1.855923217362644095e+01
1.849840789189639878e+01
1.827312742738089213e+01
1.852980011909713909e+01
1.829528745504946485e+01
1.808310131237630003e+01
1.833083512494653178e+01
1.838191733764755753e+01
1.813005818393459379e+01
1.833812186956658508e+01
1.816416500901305398e+01
1.827512157606143717e+01
1.805150661101400900e+01
1.821844786599333332e+01
1.804682605217261582e+01
1.828625256185124215e+01
1.879466700606928953e+01
1.793870905609498223e+01
1.809137246311857794e+01
1.865873055307025297e+01
1.817947401233608673e+01
1.835883597194583317e+01
1.845382364331696934e+01
1.828686888980391956e+01
1.839191018302840419e+01
1.876180535721033138e+01
1.856554431252084925e+01
1.840738384432230035e+01
1.849615209446099229e+01
1.832971557513402772e+01
1.882194333977099987e+01
1.839362197103373475e+01
1.828071568939298430e+01
1.857077035879327553e+01
1.833922893034071677e+01
1.851182928275300554e+01
1.868787565909052617e+01
1.844266395219852939e+01
1.867358315652338518e+01
1.843736508023587817e+01
1.838962804274407148e+01
1.823521358173406171e+01
1.823483965093988246e+01
1.876871611091897663e+01
1.783668172335485380e+01
1.851214980003033617e+01
1.803101921411259667e+01
1.814578703080820432e+01
1.801117290001705484e+01
1.798338363903633663e+01
1.860832389125893016e+01
1.853253990311084820e+01
1.831911197639944788e+01
1.774974634260388484e+01
1.836526225644570687e+01
1.842872335822853813e+01
1.825531637277699915e+01
1.809492114034630461e+01
1.861057618057450114e+01
1.882719275809084891e+01
1.845534358951992360e+01
1.791149556773140716e+01
1.839512885562255207e+01
1.828143909431221203e+01
1.800314164944723316e+01
1.826875640704319181e+01
1.817086646768753155e+01
1.815352010115822168e+01
1.829738857716499112e+01
1.757289351979767034e+01
1.833268472272133920e+01
1.808618176816981915e+01
1.790717803543959974e+01
1.863608260860975463e+01
1.837188329983308321e+01
1.825407241221437005e+01
1.833937510299012175e+01
1.828859743892606815e+01
1.807103461184436810e+01
1.798754030932919079e+01
1.866257265779538344e+01
1.867377613566959837e+01
1.831116158168157071e+01
1.832753483943676542e+01
1.820537095791331694e+01
1.829420431170632710e+01
1.822027527315709250e+01
1.837008877132517881e+01
1.883645747762237477e+01
1.798921674159706541e+01
1.829346377061516904e+01
1.817581652140818349e+01
1.793489015120437458e+01
1.824269118766427411e+01
1.790652250116566080e+01
1.811576369121383223e+01
1.863300353851790447e+01
1.780282303177708059e+01
1.801165995272695852e+01
1.838764011377433860e+01
1.820013258658238442e+01
1.808109487846165209e+01
1.812546817456545867e+01
1.860954139158765841e+01
1.813876115966360558e+01
1.870934949627700306e+01
1.839224092707334535e+01
1.792293752756972225e+01
1.858151318360548743e+01
1.804042598981909507e+01
1.780989628304335071e+01
1.853905632009352189e+01
1.802060697210304951e+01
1.846088620423979876e+01
1.797991169643400866e+01
1.842563436454024028e+01
1.801484825731613171e+01
1.853651221048409070e+01
1.775268344191263381e+01
1.788362550620254510e+01
1.799545368950020219e+01
1.831320496906612760e+01
1.842983228054398026e+01
1.797006424195293306e+01
1.814555738589892542e+01
1.843707510724724585e+01
1.803812883278887469e+01
1.833338992124144440e+01
1.843210895886264211e+01
1.842570358010354781e+01
1.902415844965335268e+01
1.818178065997117443e+01
1.803018818909201215e+01
1.839768595746947355e+01
1.806696631369701223e+01
1.856129387094329530e+01
1.811089625286567539e+01
1.826741878566825505e+01
1.785981273517981904e+01
1.818292083949018334e+01
1.860180328364483415e+01
1.809423425909025340e+01
1.781352444204626551e+01
1.825560236389601343e+01
1.837452654218947856e+01
1.887104398768258662e+01
1.829881912554486689e+01
1.789451945588494652e+01
1.809538524160172202e+01
1.862173600051606570e+01
1.837637707595979819e+01
1.800548327021992989e+01
1.843874492824357958e+01
1.841281131213205313e+01
1.878160865452516859e+01
1.835830994214633094e+01
1.872850891050883959e+01
1.768706897892545982e+01
1.825880485280982413e+01
1.822621129191437106e+01
1.854915469145579365e+01
1.807298414332736058e+01
1.840605225724085869e+01
1.804327089321930799e+01
1.824969912807889116e+01
1.818592860685149049e+01
1.799917466266071031e+01
1.854492255118116972e+01
1.780436054802175860e+01
1.847886209560396509e+01
1.858861391778848571e+01
1.831845282177341261e+01
1.874226169849839962e+01
1.833680312954750491e+01
1.765001407998716587e+01
1.876678489678239004e+01
1.829916189725561182e+01
1.818549729765810596e+01
1.798063010436089471e+01
1.822957540066059323e+01
1.777574227497378345e+01
1.806393326787345188e+01
1.788991370606268205e+01
1.832511757126938789e+01
1.834665038892621070e+01
1.834778616381382221e+01
1.858144415775099390e+01
1.856985357500558109e+01
1.866788191562337929e+01
1.807708875332798470e+01
1.793110321293280762e+01
1.835875655918427896e+01
1.840419522104448191e+01
1.816591031227742192e+01
1.836435601562806497e+01
1.828592894099926625e+01
1.822083508835891408e+01
1.803250692822470569e+01
1.859999811825987592e+01
1.820036421935135706e+01
1.840123831195314352e+01
1.820843962321085030e+01
1.815305179002480784e+01
1.845409471021088876e+01
1.885551207605526969e+01
1.830391299866990806e+01
1.832174796284498086e+01
1.850741110851175364e+01
1.819302786427595819e+01
1.797840821519130472e+01
1.807978007672024034e+01
1.873518126818624552e+01
1.786197878127252636e+01
1.810967009149637974e+01
1.836601182257012965e+01
1.813728746288906279e+01
1.789968025217964609e+01
1.840770166085155424e+01
1.862978449593691010e+01
1.836756287236307017e+01
1.813326890852231799e+01
1.871921284936349750e+01
1.826713874890852551e+01
1.812893826031263345e+01
1.842790922341217552e+01
1.823096940477241290e+01
1.826372960112080079e+01
1.859823010190033443e+01
1.860983165818622354e+01
1.830577952340055248e+01
1.861479000181772037e+01
1.847518540231250483e+01
1.814347456124691149e+01
1.818665759687474548e+01
1.905025538082065495e+01
1.847198630204616876e+01
1.816567982950147808e+01
1.816444742767061626e+01
1.780092751111808980e+01
1.900344015697329425e+01
1.831208239598633725e+01
1.821804368303067534e+01
1.826554099182142821e+01
1.831869981533347413e+01
1.840551181648847034e+01
1.833094922695261531e+01
1.839419687479026422e+01
1.796268985828031717e+01
1.862404021041384894e+01
1.857221635748739175e+01
1.834662664273824007e+01
1.835853945806325171e+01
1.842192768585768903e+01
1.820241246714084582e+01
1.796269422795368342e+01
1.868862665139080192e+01
1.826481374725030449e+01
1.829083619490477375e+01
1.886144500611144537e+01
1.787565575718739197e+01
1.862748544238645110e+01
1.810131496831800746e+01
1.786148757301889134e+01
1.804252873215157038e+01
1.845411651429066424e+01
1.825300931093991252e+01
1.838999245925662862e+01
1.801154435231845596e+01
1.816618304620073943e+01
1.804791795526463716e+01
1.833681347478733414e+01
1.796749166904420747e+01
1.819431818058158967e+01
1.809418569331724669e+01
1.853876954396803001e+01
1.815597111415177167e+01
1.824455191415902888e+01
1.792237058093862245e+01
1.837603796742873641e+01
1.816580926562269127e+01
1.794125371599047014e+01
1.851391795539531415e+01
1.848490719376270164e+01
1.865058047701165478e+01
1.849745363730125192e+01
1.816977624032996630e+01
1.804994606120781242e+01
1.797750428914620002e+01
1.865699850894881706e+01
1.818021955549341229e+01
1.774632208570275438e+01
1.809878945990498167e+01
1.868975612574125833e+01
1.838250826507582758e+01
1.859760099132368794e+01
1.833134373533895456e+01
1.794323496802904572e+01
1.871826661683897086e+01
1.800847108030818688e+01
1.851461814511281290e+01
1.841703419611923920e+01
1.843006104401347400e+01
1.836962747107158833e+01
1.826283721394470305e+01
1.818747600451611746e+01
1.840209271486365594e+01
1.826586524782286958e+01
1.878297610826411557e+01
1.829504553759970165e+01
1.837485408794088571e+01
1.797634705550534306e+01
1.794207575405086885e+01
1.883365782715200254e+01
1.836270344990255055e+01
1.801944888994929528e+01
1.881137840642970716e+01
1.845501701163080455e+01
1.856123300408021848e+01
1.842541505410554592e+01
1.801976339634676449e+01
1.847827019856003616e+01
1.824542499389169947e+01
1.828519731365216927e+01
1.821509084873458661e+01
1.826432710029446227e+01
1.820848495260133149e+01
1.840139622646693240e+01
1.824273255506521707e+01
1.869704678937510423e+01
1.790960081675923732e+01
1.822582971156517928e+01
1.815174487548302906e+01
1.842079564563884375e+01
1.846627729356924519e+01
1.830262589172625454e+01
1.828935002503618890e+01
1.843954052771167795e+01
1.775268194464878491e+01
1.870766290685796562e+01
1.815728007714671577e+01
1.836762155495295801e+01
1.824109728659507113e+01
1.828721360793347372e+01
1.829709603599602019e+01
1.828364570843899273e+01
1.809109508175675529e+01
1.837641304988265034e+01
1.797400565446757881e+01
1.886686330303448145e+01
1.858215128875421840e+01
1.824548995904291360e+01
1.774924755611176863e+01
1.807523577546183802e+01
1.844047764105320297e+01
1.828504319892148189e+01
1.831416100983366491e+01
1.818012976123768709e+01
1.832646052195443787e+01
1.811952191100466436e+01
1.787431170601427510e+01
1.791695279262301099e+01
1.835958415623972684e+01
1.803712713354656927e+01
1.811707335573345645e+01
1.824430171133946388e+01
1.799223053944466599e+01
1.850147319287235348e+01
1.767489811514979792e+01
1.791571821648976837e+01
1.813340495583597445e+01
1.873344545278603235e+01
1.856527702555605330e+01
1.821293759230395182e+01
1.775710814120590086e+01
1.823101151698436340e+01
1.811980376656272540e+01
1.854264882529639991e+01
1.834955733205350370e+01
1.815739156003828469e+01
1.817061826163689275e+01
1.818529803536681655e+01
1.819130758518911506e+01
1.829801432528979532e+01
1.820865762118068432e+01
1.807519876416817795e+01
1.834488499430672448e+01
1.787863335592956204e+01
1.837049299534470137e+01
1.851761666606435242e+01
1.807865499206944904e+01
1.837752140830913206e+01
1.782771163780255108e+01
1.773697196335724513e+01
1.826644077340296235e+01
1.837958179584477492e+01
1.778098278982839631e+01
1.832948348600295674e+01
1.815157211435724349e+01
1.840991799239170845e+01
1.812777898435901491e+01
1.793553725595254633e+01
1.847143446285775426e+01
1.755389701084858700e+01
1.856296348747683567e+01
1.753552798595838880e+01
1.769356193855932347e+01
1.818028349142339195e+01
1.842983591085140205e+01
1.827425114669664197e+01
1.801401054773106836e+01
1.830595378293993392e+01
1.799695428946006359e+01
1.837171143269807772e+01
1.834891520017858113e+01
1.868601963327418147e+01
1.844454607230328946e+01
1.829008937614085539e+01
1.830378838111671769e+01
1.882473232047629352e+01
1.824881636733112344e+01
1.844251696311256694e+01
1.838271288583444374e+01
1.828987126043285016e+01
1.815936335520281730e+01
1.820408218894503705e+01
1.841984917863308624e+01
1.849899941086022892e+01
1.803846409492064851e+01
1.806057383548949247e+01
1.855383144798661021e+01
1.820470073742039929e+01
1.798609304004659393e+01
1.808395394324008265e+01
1.847657667318588537e+01
1.855751355109247314e+01
1.810802931672339966e+01
1.848998755016314988e+01
1.872313893914538596e+01
1.847982266854824829e+01
1.841258350982195324e+01
1.866223026928533102e+01
1.821702636488349469e+01
1.791806364325094592e+01
1.780812072028462012e+01
1.852006264436232996e+01
1.804155161914809113e+01
1.847490436318197382e+01
1.877443393184135445e+01
1.821635681061950152e+01
1.795697814939563131e+01
1.802280747005431749e+01
1.810120090401880688e+01
1.824364489507035003e+01
1.830639621545025975e+01
1.810249653711186113e+01
1.844254324603836537e+01
1.839462368584717922e+01
1.847936578424169696e+01
1.798654415601643564e+01
1.846005965270008886e+01
1.795650134528073139e+01
1.877699869937263344e+01
1.817257681890525944e+01
1.764122784356371909e+01
1.825861677216147427e+01
1.873967222230024632e+01
1.795227033882735768e+01
1.845516102182497065e+01
1.834516989121191344e+01
1.837233825897115125e+01
1.885882216353441976e+01
1.814472536834913541e+01
1.825722231330495404e+01
1.797698268099892260e+01
1.863944811814021563e+01
1.763362523576397933e+01
1.792842477239383570e+01
1.785569956558086346e+01
1.797025481990401019e+01
1.823813041015013781e+01
1.836380393311032933e+01
1.805410733413107849e+01
1.869966153094092931e+01
1.791189450718953680e+01
1.846770553922705460e+01
1.853042284188651934e+01
1.824501980674868662e+01
1.834223635238684125e+01
1.801298371054674874e+01
1.847220621911976579e+01
1.834943413271879109e+01
1.843427114768857322e+01
1.848797481967945089e+01
1.818551342250547265e+01
1.778976467791505911e+01
1.864930273555209084e+01
1.860917462324297489e+01
1.829704653925164237e+01
1.853632077423440450e+01
1.811230552869457711e+01
1.822697508404204214e+01
1.825154090876758772e+01
1.813587031435586638e+01
1.804834893999014866e+01
1.832182430656590810e+01
1.857640943337922934e+01
1.816291558728928379e+01
1.847887433746278774e+01
1.791180542134295806e+01
1.833923745577187958e+01
1.841123842733330207e+01
1.843319126171243028e+01
1.814853584200488967e+01
1.870244859827282013e+01
1.805510107251482310e+01
1.863669459484877322e+01
1.822851918523382153e+01
1.870875401818316774e+01
1.886529613739329392e+01
1.845170285601711413e+01
1.824609711125383527e+01
1.829237342047365189e+01
1.825078594761405881e+01
1.838124378598345032e+01
1.885433225293631310e+01
1.812550367495581938e+01
1.840027751778222864e+01
1.868242623366723265e+01
1.855993659764278902e+01
1.834888991648616141e+01
1.751520907564918161e+01
1.809614792608444489e+01
1.808420456027032941e+01
1.810581746896092881e+01
1.811670189860112856e+01
1.814554518091100377e+01
1.822025162891870309e+01
1.817729346053972250e+01
1.818705644091749107e+01
1.830403270575017416e+01
1.859982640287059397e+01
1.824823226252150121e+01
1.855153047067293315e+01
1.823199681241250403e+01
1.811239405869572039e+01
1.790065697026973268e+01
1.845790568149383759e+01
1.783320400758197621e+01
1.791854281378155278e+01
1.833362939571331296e+01
1.836441507428510178e+01
1.830753546750230143e+01
1.865171633543533147e+01
1.829481235930091643e+01
1.839369520977426120e+01
1.811131852948795995e+01
1.819900198819738790e+01
1.861020160634653209e+01
1.779164092879210912e+01
1.815600925962474577e+01
1.825666958678149143e+01
1.877991423262692905e+01
1.812383468445269230e+01
1.830843504360918317e+01
1.854195828712071048e+01
1.783994746275914522e+01
1.773933019260236321e+01
1.755695377710648231e+01
1.831064087169386312e+01
1.821687737837276444e+01
1.796499820348406118e+01
1.784313310517352136e+01
1.814016459977828077e+01
1.867738658793356521e+01
1.832898619758195480e+01
1.808338056866453414e+01
1.813235348795926072e+01
1.843655542944587467e+01
1.774766592445228852e+01
1.784099859531117716e+01
1.818880329609854485e+01
1.870056408203738485e+01
1.808913913613293545e+01
1.837168161707533898e+01
1.852099388182053374e+01
1.807683406363945622e+01
1.787280384483606710e+01
1.814651842255777936e+01
1.840646842983880305e+01
1.826732396014874737e+01
1.845167504273257464e+01
1.825853874115468756e+01
1.814257255022780413e+01
1.828645271658574956e+01
1.861860629478955076e+01
1.837683722837311961e+01
1.814186369749865690e+01
1.764076598952767938e+01
1.809138858302487307e+01
1.819594220675737972e+01
1.797324661696495340e+01
1.855987010601679899e+01
1.855373188566323606e+01
1.751915685776636522e+01
1.849231256829535042e+01
1.826672699683554058e+01
1.859662296496498968e+01
1.802423708587993190e+01
1.775293886958377598e+01
1.859994584486459956e+01
1.858500277353106611e+01
1.827694329765873249e+01
1.822113283784652182e+01
1.799107744375898221e+01
1.804902270639592743e+01
1.786879894205256747e+01
1.838777703899928539e+01
1.844319961429033583e+01
1.807496057618667606e+01
1.853243386102283807e+01
1.862436895455950392e+01
1.825031214509525412e+01
1.846381368069511808e+01
1.822252945594279439e+01
1.847092938224036729e+01
1.856255037992504242e+01
1.801018210784123497e+01
1.783327892456426156e+01
1.902591128755085848e+01
1.834791869260436314e+01
1.879807088871417875e+01
1.880606816880537835e+01
1.830487653973879247e+01
1.823922490353767145e+01
1.787410958977548603e+01
1.814556233424979936e+01
1.778325922847761831e+01
1.843618851458798602e+01
1.812807243000998625e+01
1.807545962851280308e+01
1.832278611747654296e+01
1.816656418956984353e+01
1.866982170274128805e+01
1.845801906790697089e+01
1.832003579768517909e+01
1.790462820726738968e+01
1.832917794151757818e+01
1.841607691810348868e+01
1.861479425819738864e+01
1.842688352154160114e+01
1.847229764477732772e+01
1.819986014567916399e+01
1.831562239019885041e+01
1.797980267915005470e+01
1.848749133415458701e+01
1.871376086834257890e+01
1.781262271664301267e+01
1.841304966415807343e+01
1.862118783051046478e+01
1.793967226631642831e+01
1.834234362185093659e+01
1.776038189463041306e+01
1.869763502184753179e+01
1.793961651844264438e+01
1.863119605320899552e+01
1.864141574921801592e+01
1.801115039075485669e+01
1.834112299530497125e+01
1.856004440523499355e+01
1.815344740734055762e+01
1.847636663352347952e+01
1.852689054816845626e+01
1.837166991596128440e+01
1.797436093538421176e+01
1.847029619527583577e+01
1.853568947003542888e+01
1.863800213148506302e+01
1.821436376142632341e+01
1.860097564650449797e+01
1.824213244601661188e+01
1.836241088241365205e+01
1.811818112254156787e+01
1.832387483138685624e+01
1.814201119694450881e+01
1.862637236024730925e+01
1.814252477101540606e+01
1.842170643675844133e+01
1.864289116769399612e+01
1.805721778847257042e+01
1.844650610152655190e+01
1.792837137729190644e+01
1.802493544385710678e+01
1.812140608441718115e+01
1.873177154951535428e+01
1.832429012328534057e+01
1.858462834787412632e+01
1.794261833784955584e+01
1.860530113260405116e+01
1.842335057816121235e+01
1.884522190629051153e+01
1.833212665733726254e+01
1.838875645669751080e+01
1.842062651506073934e+01
1.844745939259306056e+01
1.849382971220850180e+01
1.828117495795346414e+01
1.862381718584584434e+01
1.834239676310224709e+01
1.824712595922467528e+01
1.839066036682653049e+01
1.845033363322044906e+01
1.798709226375765269e+01
1.837748212454090790e+01
1.794947273213953309e+01
1.832696672412443561e+01
1.801819757059965355e+01
1.801608821951032269e+01
1.812778093921482281e+01
1.773661585763879245e+01
1.865504984309813352e+01
1.870302868156126053e+01
1.781923081816661636e+01
1.828273124786487003e+01
1.747032221027345500e+01
1.826667204942982181e+01
1.809528443452146007e+01
1.842204489320800320e+01
1.786724451343081199e+01
1.861273562260201331e+01
1.846811090830314583e+01
1.849672371269491578e+01
1.847408015765372369e+01
1.818893960721161562e+01
1.796935731861572449e+01
1.853284306489205591e+01
1.840851573713750255e+01
1.831336513532496468e+01
1.823126955958425199e+01
1.857789634012980429e+01
1.811598224932083312e+01
1.847624140024112549e+01
1.793117856163283363e+01
1.860397745849789786e+01
1.783067339532757600e+01
1.783145861741246918e+01
1.853086843447310272e+01
1.824948692257144955e+01
1.819346522839831337e+01
1.829791381408887929e+01
1.816257299481460663e+01
1.807827018976163558e+01
1.817662481437828959e+01
1.841435351140896870e+01
1.749830734856708858e+01
1.823699741835296351e+01
1.811245037950985903e+01
1.814357904671561883e+01
1.820827459628871736e+01
1.844670562477746856e+01
1.791940621316747695e+01
1.850154917176969249e+01
1.856577290370794842e+01
1.841475182754962603e+01
1.878357099274551700e+01
1.853620835180810644e+01
1.815086146898535446e+01
1.786747750420530778e+01
1.835971669557340391e+01
1.792551994801072368e+01
1.822160546902437517e+01
1.809584849694340747e+01
1.818060459517298710e+01
1.800179840843891199e+01
1.831275431490235306e+01
1.869968084837619671e+01
1.800953379639399543e+01
1.785359471600576242e+01
1.821462530691163195e+01
1.788747346863419807e+01
1.823672249816495849e+01
1.836357209719144024e+01
1.807108755182223447e+01
1.812096556635237476e+01
1.868235134435731837e+01
1.812885235730232480e+01
1.826253927930519438e+01
1.800759979126127774e+01
1.820188635839343050e+01
1.815768411798235249e+01
1.804662007613239538e+01
1.844137509809645437e+01
1.862214238205223538e+01
1.824063552159802271e+01
1.837640918668225609e+01
1.859690278591108381e+01
1.773799811636527579e+01
1.819012074019238767e+01
1.822145100313226962e+01
1.835437947441402784e+01
1.831854415870927255e+01
1.833695734166750668e+01
1.828131778986503875e+01
1.815124487382082208e+01
1.780603422972956196e+01
1.820974446161770288e+01
1.865271433460223705e+01
1.832774785746355306e+01
1.809585559337042682e+01
1.835714856380963766e+01
1.819213903053802639e+01
1.820772116992776191e+01
1.818515064012614957e+01
1.858631931721494013e+01
1.795046477812073960e+01
1.859549283095436323e+01
1.816596628311704720e+01
1.788411019247739375e+01
1.810809527726650714e+01
1.829425070683564414e+01
1.855519028456856745e+01
1.773522786812875651e+01
1.822564813414091134e+01
1.775834586939539506e+01
1.814069575202894313e+01
1.829902630051051560e+01
1.799229579076977004e+01
1.844676591257652731e+01
1.793217338477057865e+01
1.823891896549676161e+01
1.832289495185815653e+01
1.845492548968848112e+01
1.842366442846533303e+01
1.835008318037302644e+01
1.857908358879165434e+01
1.840606592966157606e+01
1.850210169666279114e+01
1.815820015920607844e+01
1.800344601139652312e+01
1.825410456934395853e+01
1.835571295739854492e+01
1.847475692837463512e+01
1.831630385724114873e+01
1.878531158786392297e+01
1.827745545633169755e+01
1.818329720523259851e+01
1.823834604146100347e+01
1.787197499903878040e+01
1.834818863323588189e+01
1.809922499600615708e+01
1.832525078704212618e+01
1.799676493584204096e+01
1.824838563771455213e+01
1.818871476164762413e+01
1.823663749104385090e+01
1.859058485797531191e+01
1.820029869960038127e+01
1.817818066823892309e+01
1.840210164074609622e+01
1.844616981669038935e+01
1.807687040916481891e+01
1.827313106338878512e+01
1.819470168361539919e+01
1.865876851148310678e+01
1.859259998363342348e+01
1.832067719299049458e+01
1.793214864158789723e+01
1.826219251106753561e+01
1.792236035681226980e+01
1.836174219416832187e+01
1.845140342547756518e+01
1.816108577845654892e+01
1.804665101336706101e+01
1.870444060697595035e+01
1.838434791450947969e+01
1.839157483934690518e+01
1.793116552756773885e+01
1.852012438808272776e+01
1.814955996184214015e+01
1.865914989968723603e+01
1.835363165231551363e+01
1.775775116495851691e+01
1.808867476217168146e+01
1.836687191315598255e+01
1.854210883688113043e+01
1.894747806429131387e+01
1.836225450787575042e+01
1.803624548996026533e+01
1.813468778539908399e+01
1.847453262474774860e+01
1.828123309616070458e+01
1.853238695110309209e+01
1.842865068928904293e+01
1.801089605794386372e+01
1.833597514322246269e+01
1.814006276095219405e+01
1.820967888987876293e+01
1.821046532673905105e+01
1.820234081962897221e+01
1.855697546876345072e+01
1.837432725813669876e+01
1.821605094582485407e+01
1.804395743386797335e+01
1.793701591695823083e+01
1.788694101494266064e+01
1.834191602711906910e+01
1.845645965688834877e+01
1.847151451489200724e+01
1.835737267615388291e+01
1.849422172984926149e+01
1.827194851765893446e+01
1.816118704505105796e+01
1.833883193044363225e+01
1.856089443466937894e+01
1.854214452655142509e+01
1.862846413656799527e+01
1.860870035775391429e+01
1.823303408058259834e+01
1.844260876423614803e+01
1.812484833088487335e+01
1.858448381733791877e+01
1.826053939129045034e+01
1.844256278072107591e+01
1.787965758218160772e+01
1.790087043159982727e+01
1.786415641279462108e+01
1.802440080323366089e+01
1.898668852430354548e+01
1.826364896786494540e+01
1.779097045467895555e+01
1.813691293772655300e+01
1.859994470544056355e+01
1.858969979922553861e+01
1.860161814438308880e+01
1.863813078725744177e+01
1.812144176469411150e+01
1.831855617229089361e+01
1.884573986339785634e+01
1.875890275645613059e+01
1.862858153701103348e+01
1.860087256855276294e+01
1.839342504162637937e+01
1.850398740147197429e+01
1.812394400325865007e+01
1.831582605406621411e+01
1.825479010201956953e+01
1.814559791048969117e+01
1.854863374377744734e+01
1.875816824182043163e+01
1.775550241081282010e+01
1.840385107426797262e+01
1.843113388601793545e+01
1.812474155731085546e+01
1.799019666228052472e+01
1.839361517377947663e+01
1.809469119283600236e+01
1.859653852877497116e+01
1.823927032789797309e+01
1.836618412554663848e+01
1.852395071006925065e+01
1.879792810749714960e+01
1.816752726083455016e+01
1.821497602978364228e+01
1.866039946237136959e+01
1.823466529211963660e+01
1.835153797859055302e+01
1.811151970993408966e+01
1.787978774519472225e+01
1.865645558998561171e+01
1.826880796096801163e+01
1.867986668516653026e+01
1.851404456411405164e+01
1.863051608841304585e+01
1.854291636389536180e+01
