
INPUTS
==================================================
Energy range:	10.0 - 100000.0 (10000) (MeV)
Dimensions:	[250, 250, 0] (cm)
Masses:		[105.66, 139.57, 493.7, 938.27] (MeV)
Pressure:	10 (bar)
Sampling size:	0.2 (cm)

Bins(x,y):	[300, 150]
SIMULATED EVENTS:	1000

==================================================
Mass	P_true	P	dEdx	dEdx_trunc
105.660000	10497.188840	8961.727344	21.603014	19.933760
493.700000	66680.302127	60592.737596	22.128586	20.205504
493.700000	5772.584622	6195.990790	18.226560	16.636576
105.660000	61.260819	61.726157	32.790806	30.981456
105.660000	781.808436	878.721016	17.424950	15.923072
105.660000	19853.671428	18811.899635	22.246963	20.386960
493.700000	14556.001670	15735.936867	19.800950	18.126768
139.570000	23773.166971	19659.337300	21.815059	20.158160
105.660000	302.592043	305.739939	16.543824	14.939936
105.660000	56.737131	49.416996	32.626493	30.819008
938.270000	1403.379822	1568.253879	19.812883	17.849568
105.660000	3159.155886	3253.072504	20.542790	18.704400
493.700000	5477.253955	4580.349265	17.732669	16.114912
139.570000	218.763815	205.994024	19.726397	18.209488
938.270000	4174.950910	4151.757192	16.570541	15.093408
139.570000	579.418576	689.677197	16.729891	15.108544
139.570000	588.584442	482.456599	16.359974	14.967744
139.570000	16947.247353	16785.979878	21.900067	20.056784
139.570000	294.617319	295.070188	18.011347	16.293024
938.270000	1481.601305	1313.410175	19.915843	18.303824
938.270000	929.468965	893.836584	26.128397	24.445344
938.270000	9198.453823	10499.639980	17.744496	16.282816
139.570000	248.279401	275.973619	18.443251	16.922576
938.270000	2123.860211	2140.375641	17.358211	15.855312
493.700000	50376.260239	50691.675263	21.575347	19.870752
938.270000	7092.019858	5928.738841	17.533613	15.877840
139.570000	1223.588304	1356.924710	17.672582	16.026560
938.270000	3091.120138	2720.528409	16.678886	15.100624
938.270000	50175.302549	49501.659571	21.067411	19.254576
105.660000	5568.192832	4798.622547	21.046502	19.368800
139.570000	77405.509844	76249.842645	22.456474	20.674720
105.660000	113.665921	108.364447	24.911146	22.828608
139.570000	146.803466	148.467040	24.434890	22.645568
105.660000	58.950803	57.268441	32.521738	30.358064
139.570000	12303.677494	13235.924502	21.321062	19.633504
938.270000	2483.349798	2486.113930	17.326531	15.563152
938.270000	41362.930188	46041.236636	20.915242	19.177840
139.570000	2849.113190	2541.916006	19.961674	18.062000
105.660000	1624.942137	1579.375044	18.814646	17.157008
105.660000	58.145327	71.622423	32.620157	30.610624
105.660000	295.159290	264.253657	16.147930	14.776608
105.660000	64.885691	60.956155	32.142739	30.313008
938.270000	31738.460724	30500.069167	20.550816	19.010112
938.270000	6399.202182	6662.703381	17.055878	15.542384
105.660000	140.933833	136.446441	20.573203	19.088960
139.570000	166.341879	154.497745	23.564006	21.762224
493.700000	20290.634738	23045.976789	20.530646	18.927568
139.570000	137.565452	162.180514	26.479094	24.627680
493.700000	560.990097	514.576702	23.432746	21.615792
938.270000	803.656584	845.099117	29.338531	27.462160
938.270000	1941.932305	2217.467982	17.495597	16.023392
105.660000	73.738750	70.470782	32.311805	30.413680
139.570000	311.132119	257.896596	17.282390	15.630560
938.270000	1013.352196	1294.803747	23.598960	21.988032
139.570000	1173.138555	1114.825598	17.051866	15.720144
493.700000	12515.140630	12392.247795	19.462714	17.965376
105.660000	4314.175645	4443.340233	21.345456	19.328496
105.660000	595.904716	668.062085	16.539494	15.213440
139.570000	129.362116	152.671055	27.320832	25.509440
139.570000	215.132989	246.982255	19.540435	17.797824
105.660000	67.122467	52.551379	32.578656	30.808448
493.700000	16244.876609	14948.492549	20.338138	18.587536
105.660000	4054.852739	3913.371806	20.576160	18.922816
105.660000	113.292924	113.714731	24.258960	22.655776
493.700000	20308.889544	19509.055307	20.781763	19.234336
105.660000	59.095938	61.814302	32.701786	30.750544
493.700000	1406.340878	1603.477986	16.455859	15.138288
938.270000	69794.624186	73040.593259	22.022246	20.128768
938.270000	2328.978929	2591.466909	17.327693	15.448576
938.270000	43858.470921	43775.598283	20.786726	19.138944
105.660000	29532.530984	32542.388660	22.441162	20.662752
105.660000	99280.017081	107643.335071	22.640429	20.840160
938.270000	1228.140146	1212.547757	21.471226	20.007504
493.700000	22302.164086	23952.422072	20.866666	19.108672
493.700000	700.394535	757.442239	20.246160	18.558672
139.570000	32375.988274	35436.713002	22.643280	20.929392
105.660000	1458.943343	1599.426677	18.543466	16.897584
938.270000	18273.167233	18333.883473	19.731994	18.226560
493.700000	465.318552	510.147534	26.579414	25.005200
139.570000	320.452751	291.354151	17.636362	15.969536
139.570000	6922.121041	7179.804103	21.013766	19.300512
139.570000	1201.538188	1180.589765	17.424106	15.934688
105.660000	16774.812610	17116.323251	22.471680	20.403504
493.700000	30134.365272	30474.014306	21.252106	19.644064
105.660000	1283.289771	1337.497876	18.208819	16.518656
938.270000	21577.937205	23528.560279	19.722595	18.135568
105.660000	110.783558	109.013125	24.533309	22.622160
139.570000	708.562955	718.809643	16.688496	15.188800
105.660000	2575.441357	2831.369577	19.365667	17.770896
105.660000	1430.418293	1395.632656	18.260458	16.774912
139.570000	9264.845868	9834.243895	20.742797	19.154080
105.660000	437.718536	444.812022	16.804128	15.376592
105.660000	383.340608	335.313794	16.102627	14.772736
493.700000	889.433278	978.605723	18.082310	16.607536
493.700000	16215.858460	15244.923885	20.237818	18.731680
139.570000	175.500929	201.027139	22.386038	20.693904
105.660000	76.482918	68.966055	32.819002	30.804928
493.700000	1566.439547	1254.004648	16.364198	14.992560
139.570000	2264.553293	2117.089824	19.034717	17.458672
139.570000	38683.479140	43977.718460	21.913690	20.384144
105.660000	89476.289369	82996.333894	22.778765	21.040096
938.270000	1527.823938	1339.202579	19.446768	17.626224
938.270000	42572.844629	45787.807137	21.202157	19.464720
493.700000	56826.137599	50536.319061	21.850752	20.189136
938.270000	900.011402	1052.581490	26.531366	24.615184
139.570000	11418.616555	12291.268711	21.621283	19.962976
139.570000	416.988728	423.140704	16.857245	15.230864
105.660000	7367.401759	8232.831187	21.034570	19.552720
139.570000	444.577456	479.257622	16.607712	15.076864
493.700000	3229.787834	2780.121367	17.039722	15.406336
139.570000	75092.174261	68820.085830	22.424582	20.814640
105.660000	77158.432688	66592.779101	22.629974	20.957200
493.700000	11920.315013	11312.689650	19.639910	18.120960
938.270000	3365.209271	3798.133590	16.298410	14.757424
139.570000	3318.270402	3693.708759	19.652794	17.780048
493.700000	5728.667918	6046.714160	17.529917	15.980096
493.700000	7687.041042	7580.265156	19.112016	17.440368
105.660000	206.336899	193.446638	17.872378	16.375568
105.660000	90054.403340	84242.299956	22.547606	20.931504
105.660000	81.532382	86.316980	32.394173	30.391328
938.270000	1091.293999	1263.870615	22.638422	20.972336
139.570000	6084.688632	6356.433742	21.175968	19.223424
105.660000	36948.648866	41933.505293	22.305994	20.739840
105.660000	95.632253	95.922357	27.351139	25.668192
139.570000	284.938970	293.029488	17.555155	16.020928
938.270000	86045.586368	69411.810228	21.908304	20.161152
105.660000	235.566003	267.035453	17.267923	15.614192
105.660000	1947.074069	1841.419871	19.189738	17.703312
139.570000	184.971573	200.329376	20.673312	19.073472
105.660000	20784.487615	23720.634794	21.980006	20.124016
139.570000	65781.408843	50492.721405	22.476432	20.918832
105.660000	904.499698	813.650617	17.680291	15.910576
139.570000	1002.864008	984.968148	17.330544	15.712048
105.660000	1229.899231	969.706726	18.305971	16.714720
938.270000	1253.808843	1520.375882	21.247248	19.725552
139.570000	469.999701	426.038469	16.210973	14.674704
493.700000	2210.258367	1895.741001	16.518691	14.848944
105.660000	6150.891839	6343.522475	21.025594	19.362464
493.700000	1205.206311	1356.480058	17.162323	15.762384
105.660000	14503.728087	13798.724055	21.966278	20.179984
938.270000	1136.208331	977.245216	22.150022	20.517200
493.700000	1325.615769	1249.120911	17.266656	15.522320
105.660000	956.868667	805.010032	16.982698	15.542560
105.660000	1069.172598	1075.825863	18.085373	16.592048
105.660000	12831.768631	9509.115404	21.473866	19.880256
493.700000	66133.844157	62058.827818	21.899645	20.173120
938.270000	96520.535431	119521.135039	21.914957	20.117680
105.660000	3075.835470	2794.013316	20.383968	18.391296
938.270000	26083.105024	24323.646968	20.241408	18.325120
938.270000	6518.838965	6164.504668	16.863686	15.347376
139.570000	6486.702326	6853.769252	21.274176	19.519104
139.570000	3122.161146	2968.394413	19.420368	17.795184
493.700000	503.569829	476.016409	25.895338	24.069936
105.660000	120.978750	118.998443	23.008022	21.165760
493.700000	15479.832130	17027.274904	20.449440	18.628544
938.270000	775.235246	760.355508	30.595066	28.714576
105.660000	341.174565	310.787136	17.119555	15.327664
105.660000	1090.929989	1024.393188	17.922115	16.368352
493.700000	46365.023671	51793.957384	21.591715	19.879376
139.570000	417.280410	435.743523	16.409818	14.918464
938.270000	864.749731	942.398953	27.810077	25.841376
493.700000	1097.305384	929.453424	17.290944	15.812896
139.570000	336.097267	371.208432	17.096006	15.665408
105.660000	948.175813	1115.022389	18.130147	16.261520
139.570000	229.011957	177.525317	19.415510	17.652448
938.270000	22354.062679	22608.797538	19.351834	17.843584
139.570000	13826.034611	15199.559982	21.750221	19.988848
105.660000	126.010260	122.040756	22.284451	20.684576
493.700000	460.878601	458.101730	27.149866	25.050256
105.660000	302.382510	296.637860	16.737178	15.116112
139.570000	1931.855061	1888.290158	18.838618	17.009872
938.270000	41437.510018	45174.336032	20.887258	19.299808
938.270000	1494.113864	1371.596118	19.254154	17.644176
139.570000	2841.617603	2889.194834	19.339373	17.736400
938.270000	4232.178782	4589.043166	16.234205	14.914064
938.270000	5726.757722	5303.731967	17.348918	15.618240
105.660000	1491.921588	1575.010117	18.792893	17.335296
493.700000	3554.495079	4528.654084	16.945104	15.715040
938.270000	92639.199487	91794.754099	21.096979	19.534064
938.270000	997.388592	926.633812	24.436474	22.683584
105.660000	194.264774	201.213923	17.734992	16.279648
938.270000	34310.518157	33376.501249	20.757898	19.052352
493.700000	4658.075014	5063.067694	17.843126	16.075488
493.700000	4272.932357	3789.051151	17.779450	16.130576
493.700000	2185.350964	2100.331549	16.327027	14.858272
938.270000	2093.480011	2288.630504	17.300765	15.648512
105.660000	315.715218	340.500356	16.428192	14.787344
938.270000	1141.338017	1099.967572	22.531027	20.932560
139.570000	1157.787555	1207.227241	17.734358	16.120720
139.570000	500.086497	550.988749	16.013818	14.640560
938.270000	2144.888032	2117.384072	17.354198	15.690048
938.270000	40333.104186	37830.817853	20.744170	19.073824
105.660000	228.317169	204.793517	17.571312	16.079184
105.660000	22842.547134	24768.811346	21.757085	20.324656
938.270000	11975.567861	10909.925817	18.930912	17.158944
493.700000	4337.007921	4666.820073	17.465818	15.869920
493.700000	5656.272197	5851.955678	17.861712	16.421680
139.570000	619.924737	518.880314	16.981853	15.320800
105.660000	60.182363	57.927392	32.181917	30.154080
139.570000	39327.883289	37985.984000	22.393430	20.583200
105.660000	24603.900397	25337.124443	22.466822	20.929216
938.270000	880.995263	1024.911854	27.648403	25.675232
938.270000	1991.312623	2042.784143	17.367187	15.823808
105.660000	185.214106	159.324173	18.367008	16.752032
139.570000	6013.884632	5729.362232	21.208176	19.313712
139.570000	142.788350	154.562603	25.290355	23.524336
105.660000	30947.932866	31067.623998	22.758278	20.804960
105.660000	143.394444	142.005628	20.768880	19.151968
493.700000	51163.601736	43284.447361	21.454118	19.825696
139.570000	13440.705933	11978.600644	21.816010	20.227328
105.660000	1225.732585	1373.599746	17.795818	16.202560
139.570000	4080.481637	4404.193473	19.811088	18.249088
493.700000	27302.077697	26712.179663	21.558451	19.866704
105.660000	58232.367199	55850.891438	22.554893	21.127568
493.700000	598.892880	575.224394	22.198070	20.544304
938.270000	6419.830216	7137.939311	16.958832	15.389968
938.270000	5623.391239	5608.556096	17.182915	15.685296
139.570000	3392.451784	3477.169927	19.636003	18.019408
105.660000	14543.572542	15763.688672	21.750221	20.050624
493.700000	2099.942983	2144.967902	17.153981	15.424112
105.660000	31434.703329	25934.718621	22.452038	20.761664
105.660000	11478.973816	13266.455134	21.846528	20.113456
139.570000	7041.918759	7014.611659	21.017674	19.305968
938.270000	77985.470913	84264.411938	21.708614	19.948720
493.700000	4100.354685	3642.808480	16.974250	15.371312
105.660000	64.243898	67.208458	32.668733	30.490944
493.700000	16806.492210	18186.683329	20.138237	18.623264
105.660000	97.164267	88.962893	27.587472	25.964224
493.700000	54389.522312	59170.693314	21.598368	19.971072
139.570000	113.278226	108.171906	32.702208	30.654976
938.270000	88834.433254	97854.141879	21.900490	20.245632
139.570000	34082.507066	34652.895073	22.171354	20.598864
139.570000	3746.543504	3855.535750	19.902960	18.311216
493.700000	1164.230007	1171.331073	17.320301	15.683008
105.660000	56.377206	51.201561	32.742653	30.808800
139.570000	10861.345509	9708.728008	21.645149	19.746144
938.270000	2774.736286	2890.014806	16.316573	15.022128
105.660000	50.212095	45.033470	32.945299	30.887648
938.270000	1535.237142	1669.681582	19.502314	17.981216
105.660000	2214.842338	1913.155789	19.420051	17.733232
938.270000	5513.436015	6982.406197	17.118394	15.486416
493.700000	5051.749329	5468.230151	17.799514	16.082000
105.660000	283.454789	294.588840	16.894733	15.373072
493.700000	60357.333030	67767.819834	22.250026	20.606784
493.700000	29432.733609	29394.575998	21.494986	19.669760
139.570000	9400.361046	10684.455615	21.450000	19.849280
493.700000	649.975670	544.715752	21.388752	19.838192
139.570000	2589.610579	2659.812223	19.365984	17.594720
105.660000	81.114470	89.371507	32.280230	30.494288
139.570000	228.596196	258.380905	19.249190	17.549664
105.660000	190.319726	203.266815	18.235008	16.806240
938.270000	5165.596855	5266.631211	16.889347	15.299328
105.660000	398.765119	380.676193	16.865482	15.119632
493.700000	585.262669	606.103009	22.538736	20.982896
105.660000	118.130113	111.543239	23.802874	22.101904
938.270000	12276.266502	10403.962609	18.272496	16.508624
493.700000	1891.208214	1924.413621	16.204848	14.687904
139.570000	487.218818	484.642595	16.232093	14.771680
105.660000	196.582554	190.981943	18.293722	16.555264
938.270000	1323.268075	1310.425559	20.297904	18.598624
105.660000	17641.095485	19726.715962	21.956880	20.370944
139.570000	472.365814	458.935840	16.540973	14.883440
105.660000	2539.246039	2653.160116	19.347293	17.763152
493.700000	1165.773848	1234.724446	17.181648	15.543440
938.270000	821.559572	783.433345	28.663430	26.708528
139.570000	42754.387673	43822.431597	22.428806	20.757264
105.660000	837.240898	772.151240	16.995792	15.448400
493.700000	634.900551	604.531664	22.116653	20.328880
493.700000	12415.734980	11153.610925	20.096736	18.304704
105.660000	6173.213238	6699.153110	21.119366	19.393968
493.700000	4600.247864	4620.683084	18.133526	16.342832
105.660000	166.926074	201.421929	19.235885	17.788320
105.660000	196.582554	174.685315	17.862346	16.472368
938.270000	977.994759	955.094624	25.205981	23.343584
139.570000	9836.948155	10000.475276	21.516106	19.844000
105.660000	2372.313864	2346.191975	19.535789	17.956048
493.700000	4398.495661	4655.588179	17.839853	16.293376
938.270000	90551.407418	76099.362511	21.226234	19.684368
139.570000	663.787942	638.932592	17.113219	15.485360
139.570000	168.504225	174.346092	22.559328	20.466688
105.660000	1536.250380	1457.187359	18.516854	16.825776
105.660000	2844.286345	2743.875362	20.522938	18.492496
938.270000	2478.285781	2561.029418	17.004451	15.354240
105.660000	1448.953310	1595.267877	18.391507	16.819968
493.700000	623.434267	746.303761	22.096906	20.304768
493.700000	19715.266199	18048.179645	20.792429	19.145808
139.570000	6527.779276	6513.362187	21.386006	19.643712
139.570000	421.390134	362.337168	16.709510	15.043248
493.700000	974.733636	1032.489271	17.880720	16.175632
493.700000	32196.547255	32158.511044	21.610301	19.906832
493.700000	3633.164128	3379.874942	17.166125	15.785616
938.270000	10174.002345	10762.788177	18.107126	16.552448
105.660000	745.322305	726.350935	17.123568	15.535520
493.700000	40963.288783	46302.912260	21.678202	19.836432
105.660000	7780.121491	6654.795914	21.516211	19.764448
938.270000	9961.852373	10978.639763	17.735520	16.382080
938.270000	815.539901	688.090829	28.606301	26.809552
139.570000	185.397518	200.621567	20.935728	19.143520
139.570000	1422.804250	1418.285841	17.705846	15.878192
938.270000	7798.491040	7835.639608	17.148806	15.696208
139.570000	2724.456439	3025.602387	19.297238	17.735344
493.700000	2871.699056	2897.950687	16.632528	15.212208
105.660000	413.404762	312.162564	16.323120	14.965808
105.660000	215.045294	238.974432	17.675645	16.140256
139.570000	193.389169	180.936531	21.032880	19.249296
105.660000	53.404420	51.595792	32.422685	30.618016
105.660000	14934.465381	14628.101221	22.054243	20.481648
105.660000	119.643466	111.361464	23.401699	21.683904
105.660000	106.307938	105.774644	25.801459	24.127664
105.660000	159.146199	142.796782	19.599254	17.975760
139.570000	26197.229077	28193.694260	21.998909	20.373936
105.660000	2236.371901	1973.592793	19.451098	17.726368
139.570000	38435.748797	33698.160125	22.320355	20.596576
493.700000	420.902335	451.342479	29.052250	27.207488
938.270000	3149.135051	2790.837378	16.038528	14.613104
938.270000	901.457367	975.515995	26.510352	24.799456
105.660000	387.835430	450.210364	16.182883	14.735776
938.270000	8421.238800	8587.555665	17.608694	15.925360
139.570000	71520.882639	82495.467076	22.625962	20.645152
105.660000	22571.898915	24406.757755	22.229750	20.568944
938.270000	3919.601147	3454.442189	16.714051	14.951728
493.700000	15815.162859	15731.902601	20.277312	18.655824
493.700000	32079.925218	28384.277658	20.956426	19.314416
493.700000	650.722320	717.032731	21.549370	19.637200
139.570000	145.054883	153.783079	25.313059	23.502160
493.700000	1073.967794	1065.234261	17.498659	15.726480
105.660000	769.221140	780.871503	17.250605	15.810432
938.270000	70176.299314	72099.821191	21.766694	19.857552
938.270000	46256.658959	47791.968200	21.257808	19.586864
493.700000	623.788695	667.847065	22.017917	20.381504
105.660000	72147.582226	58093.546169	22.429229	20.807776
105.660000	27366.567232	25717.462910	22.006301	20.412304
105.660000	4076.754412	5041.361754	20.577005	19.021376
105.660000	703.921701	770.865029	17.177107	15.633376
938.270000	3111.055300	3342.004883	16.385741	14.795968
105.660000	991.698382	881.091383	17.712182	16.105584
105.660000	99.147119	106.811581	26.708669	24.919136
938.270000	7405.585267	7014.457391	17.394854	16.002272
493.700000	847.679466	798.183119	18.669446	17.044368
938.270000	31120.029913	31439.065322	20.074243	18.628720
493.700000	1287.386114	1245.798385	16.765584	15.113296
105.660000	14771.449307	12257.773835	21.875568	20.269568
493.700000	1730.247490	1569.670419	16.522070	14.785584
139.570000	52520.159242	49615.644651	22.489949	20.894896
493.700000	95290.094714	103311.180800	21.779894	20.248096
493.700000	5335.750061	4488.568251	17.917046	16.229136
139.570000	448.696999	481.494195	16.144445	14.855280
493.700000	409.209172	356.453553	29.918909	28.158768
493.700000	3511.614365	3310.130456	17.333712	15.998048
105.660000	326.991372	357.620986	16.437696	14.800016
938.270000	954.908460	881.987510	25.732608	24.002000
493.700000	6210.990599	6068.085073	18.425510	16.773856
105.660000	3136.711748	3374.392735	20.666026	18.697536
938.270000	2853.500260	2840.453532	16.840666	15.125264
105.660000	113.541423	106.722359	24.602054	22.905344
938.270000	14099.126628	17026.069988	18.630691	16.988928
105.660000	89.878403	104.039657	28.759526	26.663472
105.660000	1630.574760	1873.164690	18.910426	17.297280
938.270000	1274.234581	1474.205031	21.379248	19.608336
938.270000	1728.526826	1635.816997	18.132682	16.574624
938.270000	4433.049953	4403.622526	17.034230	15.388032
493.700000	497.610333	456.040310	25.445376	23.698928
493.700000	24807.389214	21342.930739	20.910595	19.345040
105.660000	64.116398	68.178996	32.342112	30.514176
938.270000	16043.611931	13536.534242	19.657546	17.710880
938.270000	9664.745255	10307.462874	17.917152	16.134800
493.700000	7707.031277	7646.342948	18.532800	16.854288
493.700000	1338.362542	1288.622768	16.592717	15.052928
105.660000	756.247696	759.542445	17.450928	15.633552
105.660000	607.241964	580.871814	17.176368	15.578992
938.270000	33043.112760	37852.391355	20.538883	18.716368
493.700000	5034.817012	5235.958065	17.988326	16.481696
493.700000	72866.591202	73775.800556	22.177584	20.642864
938.270000	26480.469905	32160.588679	19.884480	18.277600
139.570000	4055.122596	4079.250770	19.646986	17.936512
493.700000	4716.698559	5708.702358	17.839219	16.297072
938.270000	3399.627542	2920.997343	16.546781	14.914240
105.660000	74989.310394	76282.427811	22.986586	21.320640
493.700000	7740.470865	7386.540634	19.169146	17.434912
493.700000	100308.429417	93125.557562	21.851702	20.352992
139.570000	60949.885489	50212.268011	22.225632	20.547472
493.700000	96786.248475	109819.435547	22.385405	20.547472
139.570000	50300.821170	43949.154856	22.725437	21.143056
105.660000	10195.326807	9456.872236	21.554438	20.025104
139.570000	622.270891	665.281029	16.567267	14.975312
493.700000	6577.286275	6376.183904	18.200899	16.908320
139.570000	240.898900	190.809166	18.544099	16.814336
139.570000	40911.239977	45349.107453	22.333661	20.684576
493.700000	48971.875214	54723.248421	21.948010	20.211136
139.570000	618.522018	538.728274	16.770230	15.080208
938.270000	1964.531458	1643.367489	17.482502	15.813952
105.660000	166.725864	135.312673	19.905706	17.955696
139.570000	2560.359572	2404.533097	19.211914	17.244304
139.570000	6510.142447	7148.419481	21.042806	19.361936
493.700000	32431.084078	30205.759724	21.232358	19.424592
493.700000	601.597819	573.810147	22.544966	21.025664
105.660000	6139.761933	6014.294084	21.486749	19.804400
105.660000	54.668250	56.863087	33.096096	31.310576
139.570000	731.971754	783.966615	17.230224	15.554176
139.570000	6829.013225	5659.097316	20.879021	19.259152
938.270000	1114.096795	1139.302062	22.145059	20.491856
493.700000	513.788681	605.232776	23.970038	22.162096
105.660000	59.241469	63.541030	32.705270	30.749488
139.570000	15271.686922	20281.808281	22.247174	20.334160
139.570000	343.813042	347.745795	16.696522	15.249344
493.700000	3332.380157	2999.684352	17.220720	15.717328
105.660000	3029.631486	2665.804131	19.756704	18.082592
938.270000	94000.837088	101319.275048	21.675350	19.998528
493.700000	761.197073	781.818539	19.782576	18.063584
493.700000	16656.789141	17894.436969	20.132006	18.599152
493.700000	82980.395709	86006.632404	22.048858	20.324128
493.700000	1297.035402	1303.085580	16.722710	15.203936
493.700000	565.053215	557.529571	22.872010	21.020208
139.570000	55649.805286	59361.897380	22.673059	20.933616
139.570000	5070.174481	4799.685687	20.596541	18.823376
493.700000	2522.824196	2541.203804	16.656182	15.309536
493.700000	969.801887	1080.866276	17.513338	16.115264
139.570000	1058.081352	1267.479511	17.065594	15.692864
493.700000	1688.346119	1648.994620	16.435901	14.843840
493.700000	40114.797211	42430.083998	21.699322	20.137040
105.660000	268.480123	255.404028	16.183728	14.838560
105.660000	5969.844031	5383.611550	21.159389	19.388160
139.570000	84471.493372	73478.237131	22.462387	20.733680
493.700000	617.797099	600.489952	22.427117	20.548000
139.570000	735.959338	808.249741	17.344800	15.842816
105.660000	78.900321	86.736819	32.525645	30.548672
493.700000	68284.644525	73721.368280	21.933754	20.281184
105.660000	1761.400547	2081.830345	18.586867	17.173200
938.270000	17262.925849	15484.989759	19.204310	17.711760
938.270000	47099.622928	48954.795020	21.127498	19.459088
938.270000	16801.954036	18744.196912	19.004832	17.514640
938.270000	31147.869595	33572.044924	20.224090	18.474544
105.660000	209.500158	205.140081	17.939222	16.182496
938.270000	2883.735708	3121.599449	16.460189	15.063840
493.700000	28956.736322	31055.710845	21.322118	19.635264
493.700000	757.124068	937.382403	19.577712	17.947248
493.700000	1338.362542	1245.224365	16.758931	15.179472
139.570000	199.110797	211.724329	20.213530	18.795216
493.700000	3093.569855	3193.302658	17.200550	15.626864
139.570000	643.860374	678.990286	16.117517	14.718880
139.570000	208.958137	240.233791	19.713091	18.034368
105.660000	11158.775196	10516.842915	21.919392	20.269040
493.700000	460.878601	398.742379	26.754816	25.060816
105.660000	46233.727433	51045.640073	22.170826	20.755504
139.570000	262.093674	262.432397	18.392563	16.683216
105.660000	1289.862383	1197.709913	18.257818	16.583248
139.570000	4339.386986	4159.088212	20.356934	18.685568
139.570000	3097.486716	2952.822537	19.351200	17.739040
938.270000	64198.832968	76974.308285	21.499632	19.823056
105.660000	130.045260	128.654291	22.164595	20.485168
139.570000	4382.202243	4617.803436	20.792851	18.985296
105.660000	301.546150	339.038648	16.399363	14.961936
938.270000	72313.632047	72424.258680	21.162662	19.477040
105.660000	3067.629225	2827.076431	19.977197	18.442688
493.700000	64403.535478	65820.628939	21.900278	20.062064
493.700000	9187.955624	8894.070798	19.133242	17.657728
139.570000	704.746113	614.779357	16.828416	15.071584
105.660000	190.201750	188.902529	18.423187	16.613168
139.570000	9065.280534	10398.633905	21.271430	19.495168
493.700000	12262.730234	12092.831117	19.897680	18.215824
105.660000	231.002550	194.813040	17.415658	15.778752
105.660000	3693.827235	4047.425367	20.331590	18.775856
105.660000	115.172944	98.981310	23.840784	21.968320
493.700000	32313.599679	35288.325141	21.080294	19.571552
938.270000	78698.554880	76646.517676	21.613574	19.899616
493.700000	2322.098619	2216.779829	16.776778	15.214320
493.700000	51774.059716	49526.389017	21.829210	20.114688
105.660000	35355.144512	37873.728285	22.625117	20.871840
139.570000	16413.982425	15759.027225	21.582422	20.227680
938.270000	5065.800008	4970.070329	17.221037	15.589904
938.270000	783.349548	773.151013	30.689050	28.879312
105.660000	10535.550997	12018.163347	21.618854	19.963504
139.570000	175.800162	157.612717	22.415184	20.676480
938.270000	23594.008074	26674.678009	19.819853	18.248208
139.570000	3683.876362	3926.367922	19.567574	17.999520
105.660000	116.511610	121.458110	22.922803	21.445424
105.660000	2181.994587	2057.217023	19.126800	17.322272
105.660000	20036.421053	23416.060225	22.070294	20.488864
105.660000	8812.536756	8233.440886	21.261293	19.674864
938.270000	60084.002001	50982.434965	21.152842	19.426528
938.270000	3513.141227	4411.094567	16.123219	14.641792
139.570000	173.522030	161.611037	22.188461	20.442928
493.700000	2325.643181	1868.381704	17.001600	15.424288
493.700000	85135.602125	102522.629469	22.247808	20.344192
139.570000	71652.506732	61826.720068	22.382448	20.634240
938.270000	29338.119440	29586.611707	20.107718	18.530864
105.660000	70.147856	58.714823	31.928054	30.160768
139.570000	3422.605172	3741.428008	19.698730	17.873856
493.700000	70829.121527	68871.860587	22.545811	20.753216
139.570000	21892.856090	21605.305138	22.260691	20.604496
139.570000	162.480552	146.403164	22.638000	20.977792
105.660000	683.923219	602.860127	17.028739	15.543792
938.270000	1579.709445	1471.160574	18.566698	17.090832
938.270000	9487.930758	8378.836834	17.968051	16.311680
938.270000	7785.668944	8712.048561	17.446176	16.027792
105.660000	59.037836	64.079789	32.603366	30.590736
938.270000	1774.550997	1847.362768	18.276192	16.515312
938.270000	24510.825117	28556.589712	20.045520	18.231664
105.660000	9181.079246	8343.872260	21.419798	19.698272
105.660000	214.085722	206.309676	18.219379	16.494720
938.270000	4563.796491	4385.522688	16.779734	15.127200
493.700000	4716.698559	4430.198084	17.354410	15.961440
139.570000	345.428646	330.174842	17.257997	15.773120
938.270000	27908.788258	32409.733713	19.858714	18.363312
493.700000	615.350636	608.702537	22.101658	20.519488
105.660000	54.296274	55.620674	32.308003	30.255632
493.700000	17670.774914	19346.232482	20.163370	18.545824
105.660000	33002.143961	32389.893231	22.025520	20.520192
938.270000	48876.997892	53282.476399	21.310714	19.561696
938.270000	12466.965329	10668.715360	18.160666	16.600848
493.700000	623.434267	552.871906	22.639901	20.906864
938.270000	30678.061896	30771.840669	20.241091	18.847664
938.270000	39542.374270	41893.118246	20.574682	18.927392
105.660000	41444.684222	39360.988224	22.498819	20.815520
139.570000	2603.229308	2506.900889	18.974736	17.372080
105.660000	307.246913	315.633331	17.115437	15.440656
139.570000	45010.296591	46197.943291	22.456579	20.815520
139.570000	1075.476902	1268.477352	17.537520	15.938736
139.570000	82779.720769	76667.438892	22.162166	20.606784
938.270000	3916.673784	4226.875275	16.096080	14.720288
493.700000	79122.392088	75189.636649	21.628042	20.180864
938.270000	18547.488876	16449.900454	19.290797	17.678320
139.570000	1049.501232	1043.644680	17.722954	16.069152
493.700000	52153.375433	48473.422485	22.113802	20.382032
493.700000	932.617847	940.657861	18.149366	16.500176
139.570000	46225.077146	40107.373055	22.467984	20.644624
139.570000	1194.614335	910.999247	17.552093	15.841232
139.570000	28475.664503	26240.564953	22.066704	20.567008
139.570000	4574.188610	5063.118775	20.897606	18.898704
493.700000	5757.905522	6969.882515	17.836896	16.272256
105.660000	33768.486806	35158.881159	22.162166	20.495728
493.700000	2363.243862	2466.177930	16.466419	14.974080
938.270000	966.892941	979.821099	25.330166	23.535600
938.270000	3229.316116	3635.827019	16.250890	14.702512
105.660000	263.116716	282.056505	17.225155	15.600816
105.660000	151.546658	154.646933	20.065584	18.423680
139.570000	5360.173117	5443.157249	20.736566	18.959776
493.700000	50698.967371	56353.492780	21.764688	20.027744
493.700000	476.644734	468.740259	26.611834	24.997984
139.570000	1075.476902	1208.493991	17.702995	16.007376
938.270000	1064.917599	1124.940009	23.149949	21.475344
938.270000	2749.709392	2415.389284	16.910995	15.094464
938.270000	85265.146403	82503.916885	22.047379	20.126832
139.570000	18017.288750	11840.770541	22.375690	20.570704
493.700000	1107.396324	1027.147800	17.269824	15.913920
493.700000	1231.309784	1517.259178	17.103187	15.534464
139.570000	24773.416032	27643.154216	22.126157	20.566304
139.570000	3615.875085	3505.441131	19.746355	18.063232
938.270000	1059.618994	1027.449378	23.150371	21.511952
938.270000	12715.258308	12465.341378	18.471763	16.880160
938.270000	35788.128113	41340.823440	20.645222	18.947280
139.570000	4044.304333	4415.487059	20.201914	18.466448
139.570000	237.529204	252.487299	19.098922	17.403760
938.270000	1834.835497	1949.923220	17.623690	16.018464
493.700000	48793.567565	41001.820540	21.947587	20.180160
493.700000	78689.012099	69192.324435	22.174310	20.532336
493.700000	802.015268	866.580561	19.509283	17.835488
139.570000	554.144225	522.391489	16.620912	14.973376
938.270000	50448.273090	49415.452799	21.288326	19.528784
139.570000	66572.174870	66859.517005	22.551197	20.928336
139.570000	7542.628955	7402.890319	21.102893	19.564160
105.660000	250.940883	268.218335	17.098646	15.569136
105.660000	29750.181587	33512.242927	22.525219	20.700064
105.660000	326.531029	269.603843	16.347514	14.776432
938.270000	75197.911434	84775.813554	21.928685	20.102368
493.700000	1454.011330	1578.921123	16.058909	14.792800
105.660000	23565.910706	24441.564015	22.309584	20.521952
938.270000	8888.893410	9085.568996	17.522947	16.036416
139.570000	841.560708	896.031714	16.911734	15.408272
139.570000	7764.165113	8404.070799	21.149779	19.468768
105.660000	268.118394	296.333334	17.041622	15.494864
105.660000	119.246403	114.427712	23.535178	21.690944
493.700000	59972.555145	68043.749046	21.768701	19.877616
105.660000	1234.081155	1294.106530	17.965728	16.331392
938.270000	12140.482294	12318.267757	18.612000	17.097168
938.270000	2964.185583	2326.940743	16.498838	14.979712
938.270000	1958.221207	1880.709822	18.100790	16.429776
493.700000	2262.793974	2681.750802	16.591027	15.012272
105.660000	2905.588621	2583.084262	20.313744	18.520304
105.660000	2665.931224	2884.639583	19.975718	18.222688
938.270000	6524.097240	6298.533988	17.556000	15.732816
139.570000	812.820934	909.594800	16.929158	15.332592
938.270000	3454.567344	3043.239958	16.592083	14.709904
139.570000	7407.447383	7303.211332	20.837309	19.389216
493.700000	641.465005	518.017729	21.679680	19.968784
493.700000	717.008465	568.403764	19.761984	18.295552
139.570000	9156.200633	10693.151032	21.412195	19.769024
139.570000	92949.889843	95211.930649	22.312224	20.560496
493.700000	6510.017508	6827.084486	18.420230	16.809408
938.270000	2847.499453	3515.662933	16.768224	15.300736
139.570000	27754.159733	26643.710552	22.497869	20.947520
105.660000	24785.098284	28715.046094	21.965222	20.498192
105.660000	8614.295455	8022.169043	21.399418	19.740688
938.270000	32660.647021	33716.343656	20.538355	18.776560
493.700000	576.494633	588.844452	22.890912	21.171920
938.270000	782.533632	793.745490	30.054816	28.452688
105.660000	218.096199	203.311123	17.460326	15.743728
938.270000	1892.860374	2166.224599	17.911661	16.299360
938.270000	13703.260499	14994.798315	18.416640	16.724752
493.700000	49106.037710	59551.444982	22.075469	20.422336
938.270000	2589.127515	2704.019838	16.309392	14.788752
139.570000	64880.675510	66020.939930	22.711814	21.053472
493.700000	13567.851154	13059.047778	20.205398	18.558144
105.660000	458.873935	478.742049	16.537066	14.805648
493.700000	1380.364599	1679.898687	16.692192	14.844192
105.660000	200.817046	205.686389	18.154224	16.298480
139.570000	5355.363193	5763.497489	20.444794	18.789760
938.270000	907.269210	925.760622	26.878474	25.161136
139.570000	9917.691189	9131.168817	21.381149	19.558000
139.570000	10655.905828	9761.387327	21.350419	19.582640
105.660000	1234.081155	1544.773636	18.191184	16.679872
105.660000	13407.104228	12506.700276	22.111162	20.511744
139.570000	14300.579848	14226.764068	21.595834	19.916336
493.700000	2152.650936	2286.185450	16.632739	14.968096
139.570000	859.085871	1006.082784	16.907299	15.509648
139.570000	288.243712	293.224282	17.694336	16.051376
105.660000	52293.685857	52973.683674	22.019818	20.344016
938.270000	22975.505514	23201.148394	19.890922	18.347472
493.700000	54888.305415	53953.088680	21.969552	20.336976
938.270000	12047.420622	12311.446749	18.089914	16.649776
105.660000	868.008924	904.744511	17.469830	16.060704
105.660000	6577.446257	5906.092476	21.353693	19.372320
139.570000	89510.152942	100653.372000	22.560806	20.912672
105.660000	98370.689560	105979.629297	23.095459	21.538704
139.570000	296.716862	388.200183	17.671526	16.156448
493.700000	11394.995738	13857.687588	19.665782	18.039472
139.570000	802.017810	996.632851	17.002656	15.581280
938.270000	1531.524936	1639.637044	19.323322	17.567792
105.660000	42252.121168	41988.907445	22.312435	20.818336
938.270000	51976.869378	56275.109775	21.103843	19.476336
493.700000	9837.468030	10058.125305	19.519421	17.752944
105.660000	522.210946	457.218994	16.485005	15.141984
493.700000	700.804007	745.284729	21.024115	19.142464
938.270000	832.440656	878.220387	27.806486	25.939232
105.660000	82139.121849	83107.362688	22.510752	20.725056
139.570000	20875.422810	24156.286187	22.628918	20.819744
105.660000	71224.509100	80132.564874	22.490582	20.817632
493.700000	610.493473	555.023590	22.270934	20.610304
938.270000	29233.563815	32158.656346	20.238240	18.444624
139.570000	625.100013	598.808244	16.982486	15.319568
493.700000	2572.108427	2529.946317	16.683955	15.193200
139.570000	622.741369	749.508077	16.748688	15.159232
938.270000	10595.174488	9625.515028	18.267638	16.561424
493.700000	447.149106	485.543920	27.720634	25.740176
938.270000	3131.145636	2951.900486	16.523443	14.945568
139.570000	27425.448557	29859.335137	22.194374	20.637408
493.700000	1504.720936	1502.570261	16.657238	15.328720
139.570000	145.767141	128.716076	24.596035	22.813296
938.270000	8705.740039	9970.865023	17.676173	16.016704
105.660000	56232.959792	61940.108914	22.750042	21.247248
493.700000	500.037945	434.015342	25.871578	23.903792
493.700000	4431.435468	4004.832559	17.580922	15.818000
139.570000	1055.499139	1139.738543	17.828026	16.002976
493.700000	404.135300	392.881753	30.948826	29.177456
105.660000	956.074803	1098.964065	17.175101	15.867808
938.270000	1196.962690	1141.082726	21.841459	20.116272
139.570000	54536.217100	56292.940071	22.390368	20.734736
493.700000	82980.395709	74269.519901	21.793094	20.260064
139.570000	34365.072954	38360.709158	21.985498	20.302304
139.570000	12484.303132	14284.772061	21.566160	20.040768
493.700000	50884.307739	44210.288007	21.865430	19.902256
938.270000	37063.703581	33436.076342	20.983670	19.466832
105.660000	292.128305	299.771750	16.231776	14.949088
139.570000	152.288796	142.455935	23.828323	21.775776
105.660000	93.142335	97.532203	28.368384	26.457024
105.660000	108.694632	109.480086	25.478006	23.717232
493.700000	606.025527	533.705420	22.248970	20.827312
139.570000	28293.540055	29413.673047	22.285402	20.510512
105.660000	23265.309076	20291.618387	22.275370	20.433952
139.570000	2412.918074	2565.127857	19.395130	17.597008
938.270000	2941.222183	2900.923761	16.539283	14.933072
493.700000	40814.430968	36540.761249	21.324758	19.673632
493.700000	18185.024095	20151.466628	20.719037	19.001840
139.570000	495.393406	542.654510	16.858618	15.130896
105.660000	112.859642	105.998726	24.271421	22.833536
139.570000	588.584442	655.255192	16.369162	14.811104
139.570000	94414.661919	100998.894916	22.329859	20.702704
493.700000	655.978737	763.404294	20.918304	19.038272
105.660000	1410.926450	1612.278611	18.016310	16.549632
493.700000	488.303884	404.643591	26.355331	24.399936
493.700000	34153.123958	32078.074223	21.332784	19.675744
105.660000	938.791517	816.772348	18.283478	16.577968
105.660000	5298.243007	4141.989241	21.429514	19.787856
493.700000	36066.157185	32493.961832	21.599846	19.749488
938.270000	1396.752329	1538.579724	20.561059	18.733264
938.270000	65732.491844	63544.427565	21.459926	19.707600
105.660000	50.725271	55.056481	32.656483	30.624880
938.270000	13833.886813	14455.249827	18.477149	16.811520
105.660000	226.255337	209.926152	17.812186	16.141136
493.700000	755.772445	749.072896	19.892189	18.246272
105.660000	1636.228093	1716.533187	18.862694	17.139408
938.270000	38385.906073	34645.457055	20.611747	18.986176
938.270000	951.296741	965.472153	25.938845	24.034208
105.660000	83.876291	78.544272	32.669683	30.786096
105.660000	121.382890	107.225158	23.275085	21.690416
493.700000	2598.174584	2188.084215	16.940986	15.511408
105.660000	52.046018	51.874033	32.598192	30.586864
938.270000	6705.739919	7463.465097	17.233920	15.619824
938.270000	35500.211096	27699.199162	20.453136	18.646848
493.700000	3135.739856	2946.471675	17.220509	15.485360
938.270000	37364.627587	40871.073864	20.831501	19.098816
493.700000	12241.032791	13370.665868	20.082480	18.192592
493.700000	36995.732365	39456.801937	21.412195	19.803696
938.270000	2029.047503	2152.363311	17.544490	16.070912
139.570000	7528.998494	7225.950142	20.951674	19.362816
139.570000	290.286800	276.129090	17.957702	16.367472
938.270000	38732.648306	37281.095053	20.947027	19.462080
105.660000	247.801423	212.173914	17.585674	15.986784
938.270000	1240.179498	1415.158277	20.850931	19.419840
105.660000	63548.064809	66218.771340	22.741277	21.045904
493.700000	4828.298581	5812.118971	17.760653	16.014240
938.270000	41925.640674	38134.443580	20.996237	19.530896
938.270000	1098.012848	1177.480869	22.523741	20.785248
493.700000	1679.871296	1552.633049	16.365360	14.869360
105.660000	253.960634	245.458248	16.914058	15.402816
105.660000	115.109667	131.302008	23.913331	22.288288
938.270000	33221.184821	28225.464948	20.299382	18.743472
493.700000	64344.690089	70093.318708	21.787181	20.331872
139.570000	667.348648	825.244455	16.702013	15.266416
105.660000	6470.999046	6379.122141	21.025382	19.370208
493.700000	865.038872	782.959720	18.188438	16.437168
105.660000	32941.595505	31299.832651	22.521101	20.778208
139.570000	1858.680162	1870.911137	18.229517	16.745872
139.570000	10425.931701	9739.674444	21.457603	19.610448
105.660000	246.820130	256.663155	17.216496	15.729120
493.700000	82601.352465	80769.076442	21.961315	20.271680
493.700000	3015.922566	2946.071503	16.759142	15.180704
493.700000	617.797099	570.363846	22.354147	20.562080
493.700000	23330.568825	23353.202380	20.726006	19.209872
493.700000	28206.255379	26480.125549	21.671126	19.968960
938.270000	14940.680289	13481.603130	18.886454	17.500208
139.570000	481.280582	472.896437	16.628410	15.009104
493.700000	6571.652251	6348.652486	18.511997	16.767696
938.270000	7646.154105	8312.467321	17.921904	16.153280
105.660000	724.581313	809.319243	17.526749	15.907584
493.700000	24829.804468	27469.769038	21.309869	19.771488
139.570000	7970.649478	7621.241611	21.374813	19.713760
105.660000	953.697545	906.817557	17.803315	16.120896
493.700000	21090.966644	18877.438414	20.636986	18.917712
493.700000	13971.906747	14545.888776	20.281430	18.602496
139.570000	176.400522	146.664602	22.267133	20.454192
493.700000	1083.087052	931.784965	17.974070	16.189888
493.700000	980.319316	1143.050786	18.286224	16.451424
139.570000	7481.489076	7444.989410	21.275654	19.495696
493.700000	49873.333998	42795.055485	21.755923	20.188960
938.270000	18066.264110	16976.378783	19.264925	17.536816
139.570000	3864.889710	4166.148791	19.822282	18.123072
105.660000	199.434705	210.854728	18.021696	16.676000
105.660000	124.536941	116.111237	22.935581	21.259040
139.570000	1262.730941	1207.271288	17.601725	16.035712
139.570000	19491.195847	21995.594762	21.902390	20.192656
105.660000	95956.935456	105103.153579	22.811818	21.035872
493.700000	34810.695222	38489.085490	21.342499	19.645472
105.660000	6764.959422	6179.636672	21.504278	19.644064
493.700000	974.115459	958.746416	17.720736	16.286512
938.270000	2784.435832	2813.702600	16.440547	14.846128
493.700000	4387.575594	4361.132440	17.716934	16.037296
938.270000	917.548727	811.645068	26.234314	24.592832
139.570000	61062.017276	59764.781688	22.745078	20.837520
493.700000	535.285870	529.089107	23.853984	22.041184
493.700000	1696.872381	1784.169752	16.445933	14.651296
938.270000	7393.476658	7278.994293	17.679130	15.978512
493.700000	633.814571	657.639452	22.028160	20.277664
938.270000	24251.311013	22639.135012	20.077728	18.257008
938.270000	21788.533929	23792.224098	19.692394	18.001984
493.700000	5250.982934	5153.895561	18.056333	16.448960
105.660000	217.398100	208.122268	17.702467	16.032192
938.270000	3583.418560	3477.415555	16.485850	15.064896
105.660000	2207.067218	2437.327993	19.323955	17.596128
938.270000	5405.924267	4857.971657	16.969075	15.444528
493.700000	2164.030245	2151.855734	16.623763	15.060672
105.660000	204.003500	227.658815	18.364262	16.596800
105.660000	352.554069	404.446105	16.322803	15.003648
938.270000	28563.252838	27818.455998	20.402237	18.581376
493.700000	12360.864132	14794.660391	19.829251	18.147536
938.270000	3357.888247	3426.088178	16.170950	14.844896
493.700000	18431.342447	17683.364810	20.325360	18.750864
105.660000	267.937755	215.965517	16.897795	15.252864
493.700000	40888.791327	40825.793273	21.489917	19.974592
938.270000	1419.277976	1107.345408	19.735690	17.995648
938.270000	27883.927879	31706.206135	20.113421	18.357152
105.660000	55872.220496	58913.107221	22.622371	20.969520
938.270000	3158.176419	2884.904588	16.182250	14.559952
105.660000	2149.656067	1998.574376	19.190688	17.608272
105.660000	3641.288650	4099.366962	20.223984	18.696480
938.270000	2330.541278	2467.494915	17.010470	15.524256
493.700000	2628.629819	2691.059015	17.005824	15.498912
493.700000	89452.367365	85735.447339	21.985603	20.165904
493.700000	3274.063538	2971.496804	17.248810	15.882240
493.700000	5685.111332	5300.648394	18.186326	16.469904
105.660000	60.004686	56.802151	32.516458	30.685952
493.700000	6221.602433	7129.756787	18.631219	16.901456
105.660000	72.336124	77.672704	32.415821	30.415792
139.570000	454.801191	480.288940	16.068730	14.747040
938.270000	7798.491040	6274.364378	17.233392	15.819760
938.270000	922.989166	1088.784368	25.983302	24.264064
493.700000	5528.436835	5392.663849	18.365213	16.553152
938.270000	42152.909806	38703.054645	20.972899	19.335888
105.660000	80938.974781	87602.769454	23.041075	21.132848
105.660000	74989.310394	74335.710295	22.831670	21.154496
139.570000	1263.779418	1270.382589	17.732352	16.067744
493.700000	3993.953050	3924.845038	17.540794	15.807440
938.270000	3462.140996	2537.117507	16.465574	15.145152
105.660000	2349.416603	1839.539705	19.380240	17.739920
105.660000	4294.825572	4558.894367	20.804256	19.119936
493.700000	751.735603	882.414314	19.789968	18.136448
105.660000	1615.134649	1687.232355	19.123843	17.114240
139.570000	249.974932	241.530730	18.112195	16.651360
139.570000	338.118673	385.376136	16.727674	15.275568
938.270000	2118.296039	2290.159389	17.572262	15.912512
105.660000	2101.164136	1636.669233	19.047072	17.641888
105.660000	53215.092340	39864.654278	22.654579	20.846496
938.270000	10849.532292	13583.130173	18.100051	16.527456
105.660000	88.067491	93.700643	30.942173	29.143136
938.270000	889.017667	952.843753	27.426010	25.481456
139.570000	46823.239046	49633.233603	22.506000	21.017392
139.570000	652.243195	625.368256	16.407917	15.009104
938.270000	33340.447035	31425.975240	20.730758	18.927744
493.700000	4154.727801	3379.468849	17.609434	15.911280
139.570000	1530.922915	1474.436458	17.734147	16.078656
139.570000	416.406107	406.742897	16.766323	15.155008
105.660000	84.529145	82.308635	31.665744	29.782192
938.270000	18482.556568	20615.996376	19.137994	17.553536
938.270000	5517.786929	5297.379207	16.800854	15.296336
139.570000	114.222615	104.483316	31.227187	29.407312
493.700000	558.507491	563.180144	23.265792	21.699040
105.660000	1988.358998	1661.758494	19.363555	17.673040
493.700000	6560.399678	6971.140481	18.096778	16.508800
139.570000	150.873709	143.109221	24.044381	22.470624
493.700000	26427.382046	27761.919305	21.090538	19.350672
105.660000	137.340256	144.726106	21.946214	20.149008
938.270000	1215.549962	1464.182910	21.778627	20.262352
105.660000	815.624052	785.930680	17.511648	15.925184
493.700000	711.973253	647.827356	19.798099	18.338496
493.700000	5871.481837	6556.670434	18.322339	16.674240
493.700000	706.154357	788.197591	20.921683	19.241728
139.570000	10210.258804	10264.261602	21.689290	19.911760
493.700000	1051.244089	1072.364102	17.121350	15.732816
938.270000	6598.214897	7840.626535	17.233498	15.581984
105.660000	28704.122239	30923.169465	22.279171	20.542720
139.570000	142.479101	106.147412	25.843910	24.148256
105.660000	97.785266	97.856001	27.194746	25.440800
493.700000	514.628202	530.252711	24.778829	23.071664
139.570000	1082.524011	1042.278013	17.418509	15.671040
139.570000	7048.282145	8059.502724	21.009542	19.324624
938.270000	61685.621590	46110.909954	20.883667	19.261968
493.700000	5570.698367	5720.539048	18.066787	16.596976
139.570000	120.465853	114.471787	29.241168	27.210832
105.660000	49.921388	52.773513	32.578022	30.734000
938.270000	1264.700256	1331.510521	21.320851	19.702320
938.270000	25442.018609	23644.574333	20.055130	18.432656
938.270000	38076.555594	44613.459824	20.929814	19.244368
139.570000	159.789673	154.403108	22.976976	21.469184
105.660000	98.463376	100.584736	26.950176	24.979856
493.700000	8628.339332	9230.520614	18.935981	17.211744
493.700000	1105.947728	1097.498792	17.749142	15.934336
493.700000	553.276433	534.844183	23.406240	21.644832
938.270000	944.122718	903.926590	25.745914	23.964336
493.700000	620.255581	576.110057	22.173360	20.540256
938.270000	809.148164	993.529491	29.015501	27.148000
105.660000	66233.065675	71522.994018	22.847510	20.996800
493.700000	512.114617	501.831048	24.818640	22.775808
139.570000	205.165536	211.453359	20.159251	18.555328
938.270000	1363.392112	1257.007134	20.134858	18.361728
493.700000	22181.906735	20104.699536	20.764445	19.255280
493.700000	1917.853356	1998.197268	16.448995	14.734192
139.570000	9016.074585	7708.564200	21.310186	19.566272
938.270000	5860.178087	6242.343869	16.791878	15.335760
139.570000	276.705621	235.539873	17.321568	15.921664
105.660000	85453.549629	81420.020684	22.319510	20.663984
105.660000	15562.077265	16385.951042	22.276637	20.536736
105.660000	24156.704468	23280.730823	22.126474	20.377280
493.700000	1185.287313	1050.429168	16.800010	15.182992
105.660000	70.077399	75.979476	32.641805	30.629280
139.570000	1560.972118	1589.071322	18.026976	16.563008
139.570000	426.746606	438.509504	16.753546	15.222240
139.570000	211.828613	235.172572	20.038022	18.281472
938.270000	4652.256763	5251.615925	16.246349	14.795616
105.660000	96.088812	109.243110	27.127056	25.246848
105.660000	56.959885	60.250210	32.441376	30.732944
139.570000	4300.838323	4474.255396	20.171606	18.522240
139.570000	601.524246	666.973255	16.565578	15.061904
139.570000	15105.330851	14789.657396	21.881587	20.336272
938.270000	14394.649839	15706.688683	19.060694	17.408688
105.660000	124.606617	114.149234	22.352669	20.766064
139.570000	1217.530774	1214.129204	17.514077	15.988544
493.700000	14804.566075	14702.721819	20.177942	18.375456
493.700000	7490.136073	7899.555473	18.550013	17.195728
139.570000	26828.841947	26093.803883	22.386461	20.608368
105.660000	89641.084597	79780.360771	22.405997	20.856704
105.660000	4004.216808	4041.859419	20.466230	19.018032
493.700000	6871.577082	6443.523767	18.621821	17.016736
105.660000	199.059767	174.808625	18.162144	16.575504
105.660000	38155.809375	40511.589971	22.542960	20.799856
105.660000	3048.569175	2828.201754	19.854912	18.188544
493.700000	80436.995715	91171.129524	21.881904	20.262352
105.660000	2433.801196	2821.473462	19.721117	18.054256
105.660000	2923.724891	2856.678415	19.751002	18.115504
105.660000	276.217131	291.402078	16.847107	15.295984
493.700000	10251.918942	10961.403436	19.203888	17.479968
139.570000	23904.150242	22783.633202	22.221302	20.532336
938.270000	896.648298	927.335343	26.864006	25.118720
938.270000	1403.379822	1207.082794	19.577712	18.010256
139.570000	17212.530623	17772.944419	21.654125	19.860896
139.570000	52907.580709	54441.400821	22.261430	20.316736
105.660000	4058.494622	4416.139573	20.163264	18.657936
493.700000	3511.614365	3465.965207	17.491162	15.746016
105.660000	8119.730111	7851.050835	21.629626	19.901376
938.270000	45593.375808	46611.828699	21.086314	19.423360
493.700000	480.751424	493.697607	26.294928	24.329360
938.270000	17460.177196	14760.331508	19.287840	17.567264
139.570000	45175.929529	46117.175035	22.265654	20.752160
105.660000	251.107478	278.320753	17.655898	15.730880
938.270000	63908.085390	69358.915696	20.879443	19.317408
493.700000	35642.649707	33712.535077	20.932560	19.487952
493.700000	5632.360198	5425.619581	18.574090	16.777024
139.570000	544.401293	466.015791	16.366205	14.760064
938.270000	15739.507677	17666.520368	19.499357	17.743792
493.700000	581.020728	517.654819	23.044877	21.131440
493.700000	36461.613185	40696.935761	20.704464	19.310192
493.700000	950.983009	1211.595339	17.853792	16.294608
493.700000	14172.272486	14232.144736	20.048160	18.290096
938.270000	4880.337977	3793.803773	17.087242	15.484304
139.570000	960.851648	903.793838	17.422310	15.831904
493.700000	3348.486951	3647.186449	16.825882	15.539040
493.700000	1565.330617	1381.786897	16.457866	15.021776
493.700000	713.646750	597.963443	19.961357	18.355392
493.700000	98848.109654	101797.715383	22.029955	20.394880
105.660000	30665.137743	25462.753495	22.448342	20.598864
139.570000	61286.901524	69311.682736	22.697136	20.638640
105.660000	502.196495	541.275574	17.120717	15.554880
938.270000	4673.781983	3991.173870	16.992518	15.289120
938.270000	54235.735151	52503.378221	21.213456	19.500800
139.570000	8190.136558	9308.840477	21.061286	19.445536
938.270000	922.989166	967.546658	26.354909	24.753520
139.570000	17771.958011	17887.464955	21.918230	20.292272
139.570000	791.378356	844.060696	17.114909	15.595184
139.570000	601.524246	592.181631	16.563888	14.938176
493.700000	881.752805	899.125810	18.092131	16.484688
938.270000	1415.912405	1628.450487	19.838544	18.093152
493.700000	765.297462	861.288814	19.659130	18.076608
105.660000	3213.127553	3178.439044	20.151648	18.473840
139.570000	993.174487	937.294325	17.517034	15.887520
105.660000	5752.436109	6859.295819	21.516739	19.790320
139.570000	1356.485786	1374.529566	17.590742	15.937504
105.660000	1402.488224	1540.875513	18.318432	16.673888
105.660000	70.785617	66.079841	32.632090	30.728368
139.570000	589.466258	620.189232	16.658400	14.879744
493.700000	756.673192	702.234628	19.897258	18.127296
139.570000	225.167937	219.800995	19.149187	17.518160
139.570000	4320.068314	4064.514334	19.999267	18.493552
493.700000	900.551008	836.818431	18.250531	16.498592
938.270000	2655.981362	3138.917302	17.156410	15.429744
493.700000	34153.123958	40665.109127	21.451162	19.857728
493.700000	436.193853	399.664564	28.040285	26.358464
938.270000	29522.020402	35387.021050	20.212896	18.443216
493.700000	661.287896	631.925962	21.296141	19.541808
105.660000	1503.521519	1578.163915	19.248134	17.565856
105.660000	9652.764704	10437.051333	21.587808	20.110640
105.660000	2644.759944	2174.633690	19.952170	18.248032
105.660000	2039.474794	2092.708076	19.338528	17.792544
139.570000	414.953884	390.180282	16.107379	14.613104
139.570000	7010.189569	6843.798372	20.859590	19.281680
139.570000	2306.219777	1799.124469	18.776736	17.377008
938.270000	6722.037277	6376.183117	17.100864	15.508064
139.570000	2826.688284	2866.023910	19.110115	17.442656
105.660000	28730.477524	28713.913056	22.510224	20.586720
139.570000	11284.339176	12325.295124	21.536803	19.820240
938.270000	55881.190777	54171.239366	20.858218	19.154960
493.700000	466.809909	442.847877	27.371942	25.578080
105.660000	8164.152099	8550.175458	21.826042	20.176992
105.660000	2994.783439	2418.971454	20.390726	18.505872
105.660000	228.613621	213.187404	17.184394	15.693392
493.700000	12671.416513	13237.950744	19.670429	18.083120
139.570000	1302.168074	1443.878749	17.807962	16.187248
493.700000	4053.422877	3979.861173	17.108467	15.542560
105.660000	2997.449285	3297.283608	19.906339	18.222688
938.270000	16071.563573	14295.190888	19.121520	17.475920
105.660000	558.091431	545.606195	16.836864	15.209040
493.700000	1214.914296	1229.129098	17.414179	15.699728
938.270000	1340.393710	1282.067454	20.781869	19.126800
938.270000	5478.769131	5495.314775	16.943203	15.438720
105.660000	443.643542	463.418735	16.671917	15.094288
938.270000	3370.100565	3708.652990	16.014874	14.582480
938.270000	31966.467343	30522.879674	20.607734	18.922992
105.660000	3863.087036	4385.942032	20.484605	18.876176
139.570000	1833.381116	1771.797953	18.855302	17.037328
139.570000	979.626636	855.305668	17.280806	15.671920
105.660000	241.349517	224.604256	17.452829	15.738624
938.270000	40260.556030	42885.530160	21.206803	19.215504
139.570000	3749.872212	3425.177377	19.923130	18.250320
493.700000	520.267748	513.015805	24.231610	22.600688
139.570000	16564.593724	16529.544048	21.637862	19.943616
105.660000	74.263350	78.477669	32.309904	30.570848
105.660000	456.121923	447.856528	16.442870	14.895936
139.570000	363.586615	388.300823	16.573392	14.999072
493.700000	1029.777593	1086.179215	17.937744	16.277888
938.270000	1699.725958	1658.690897	18.193824	16.599088
105.660000	100.478065	95.525828	27.452198	25.462800
139.570000	2212.148730	1634.310492	19.140845	17.445296
