390.961919
391.163849
391.365901
391.568075
391.770371
391.972789
392.175330
392.377993
392.580778
392.783687
392.986718
393.189872
393.393148
393.596548
393.800071
394.003717
394.207487
394.411380
394.615396
394.819536
395.023799
395.228187
395.432698
395.637333
395.842092
396.046976
396.251983
396.457115
396.662372
396.867753
397.073258
397.278889
397.484644
397.690524
397.896529
398.102659
398.308915
398.515296
398.721802
398.928434
399.135191
399.342074
399.549083
399.756217
399.963478
400.170865
400.378378
400.586017
400.793782
401.001674
401.209693
401.417838
401.626110
401.834509
402.043035
402.251688
402.460469
402.669376
402.878411
403.087573
403.296863
403.506280
403.715826
403.925499
404.135300
404.345229
404.555286
404.765472
404.975786
405.186228
405.396799
405.607498
405.818327
406.029284
406.240370
406.451585
406.662929
406.874403
407.086006
407.297738
407.509600
407.721592
407.933713
408.145964
408.358346
408.570857
408.783498
408.996270
409.209172
409.422205
409.635368
409.848661
410.062086
410.275641
410.489328
410.703145
410.917094
411.131174
411.345385
411.559728
411.774203
411.988809
412.203547
412.418417
412.633418
412.848552
413.063819
413.279217
413.494748
413.710411
413.926208
414.142136
414.358198
414.574393
414.790720
415.007181
415.223775
415.440502
415.657363
415.874358
416.091486
416.308747
416.526143
416.743673
416.961337
417.179135
417.397067
417.615134
417.833335
418.051671
418.270141
418.488747
418.707487
418.926363
419.145373
419.364519
419.583800
419.803217
420.022769
420.242457
420.462280
420.682240
420.902335
421.122567
421.342935
421.563439
421.784080
422.004857
422.225771
422.446821
422.668009
422.889333
423.110795
423.332393
423.554129
423.776003
423.998014
424.220162
424.442448
424.664872
424.887434
425.110134
425.332973
425.555949
425.779064
426.002317
426.225709
426.449240
426.672910
426.896718
427.120665
427.344752
427.568978
427.793343
428.017848
428.242492
428.467276
428.692200
428.917264
429.142468
429.367812
429.593296
429.818920
430.044685
430.270591
430.496637
430.722825
430.949153
431.175622
431.402232
431.628984
431.855876
432.082911
432.310087
432.537405
432.764864
432.992466
433.220209
433.448095
433.676123
433.904293
434.132606
434.361061
434.589660
434.818401
435.047285
435.276312
435.505482
435.734795
435.964252
436.193853
436.423597
436.653485
436.883517
437.113692
437.344012
437.574476
437.805085
438.035837
438.266735
438.497777
438.728964
438.960296
439.191772
439.423394
439.655161
439.887074
440.119132
440.351336
440.583685
440.816180
441.048821
441.281609
441.514542
441.747622
441.980848
442.214221
442.447740
442.681406
442.915219
443.149179
443.383286
443.617541
443.851942
444.086492
444.321188
444.556033
444.791025
445.026166
445.261454
445.496891
445.732476
445.968209
446.204091
446.440121
446.676301
446.912629
447.149106
447.385733
447.622508
447.859433
448.096508
448.333732
448.571106
448.808630
449.046304
449.284128
449.522102
449.760226
449.998501
450.236927
450.475503
450.714230
450.953108
451.192137
451.431318
451.670650
451.910133
452.149767
452.389554
452.629492
452.869582
453.109824
453.350219
453.590765
453.831464
454.072316
454.313320
454.554477
454.795787
455.037251
455.278867
455.520636
455.762559
456.004636
456.246866
456.489250
456.731788
456.974480
457.217326
457.460326
457.703481
457.946790
458.190254
458.433873
458.677646
458.921575
459.165659
459.409898
459.654292
459.898842
460.143548
460.388410
460.633427
460.878601
461.123930
461.369416
461.615058
461.860857
462.106813
462.352925
462.599195
462.845621
463.092205
463.338946
463.585844
463.832900
464.080114
464.327485
464.575015
464.822702
465.070548
465.318552
465.566714
465.815036
466.063515
466.312154
466.560952
466.809909
467.059025
467.308300
467.557735
467.807330
468.057084
468.306999
468.557073
468.807307
469.057702
469.308257
469.558973
469.809850
470.060887
470.312085
470.563444
470.814965
471.066646
471.318490
471.570495
471.822661
472.074990
472.327480
472.580133
472.832948
473.085925
473.339065
473.592367
473.845833
474.099461
474.353252
474.607207
474.861325
475.115606
475.370051
475.624659
475.879432
476.134368
476.389469
476.644734
476.900163
477.155757
477.411516
477.667439
477.923527
478.179780
478.436199
478.692783
478.949532
479.206447
479.463528
479.720775
479.978188
480.235767
480.493512
480.751424
481.009502
481.267747
481.526158
481.784737
482.043483
482.302396
482.561477
482.820725
483.080141
483.339725
483.599476
483.859396
484.119484
484.379740
484.640165
484.900758
485.161521
485.422452
485.683552
485.944821
486.206260
486.467869
486.729646
486.991594
487.253712
487.515999
487.778457
488.041085
488.303884
488.566853
488.829993
489.093304
489.356786
489.620439
489.884263
490.148259
490.412426
490.676765
490.941277
491.205960
491.470815
491.735842
492.001042
492.266415
492.531960
492.797678
493.063570
493.329634
493.595872
493.862283
494.128868
494.395626
494.662559
494.929665
495.196946
495.464401
495.732030
495.999834
496.267813
496.535966
496.804295
497.072799
497.341478
497.610333
497.879363
498.148569
498.417951
498.687509
498.957243
499.227154
499.497241
499.767505
500.037945
500.308563
500.579358
500.850329
501.121479
501.392806
501.664310
501.935992
502.207853
502.479891
502.752108
503.024503
503.297076
503.569829
503.842760
504.115870
504.389160
504.662628
504.936277
505.210104
505.484112
505.758300
506.032667
506.307215
506.581943
506.856852
507.131941
507.407211
507.682663
507.958295
508.234108
508.510103
508.786280
509.062638
509.339178
509.615901
509.892805
510.169892
510.447161
510.724613
511.002247
511.280065
511.558066
511.836250
512.114617
512.393168
512.671902
512.950821
513.229924
513.509210
513.788681
514.068337
514.348177
514.628202
514.908412
515.188807
515.469387
515.750153
516.031104
516.312241
516.593564
516.875073
517.156768
517.438649
517.720717
518.002972
518.285414
518.568042
518.850858
519.133861
519.417051
519.700429
519.983995
520.267748
520.551690
520.835820
521.120138
521.404645
521.689341
521.974225
522.259299
522.544562
522.830014
523.115655
523.401487
523.687508
523.973719
524.260120
524.546712
524.833494
525.120466
525.407630
525.694984
525.982530
526.270267
526.558195
526.846315
527.134627
527.423130
527.711826
528.000714
528.289794
528.579067
528.868533
529.158191
529.448043
529.738087
530.028326
530.318757
530.609383
530.900202
531.191216
531.482423
531.773825
532.065422
532.357213
532.649199
532.941380
533.233756
533.526328
533.819095
534.112058
534.405217
534.698572
534.992123
535.285870
535.579814
535.873955
536.168292
536.462826
536.757558
537.052487
537.347613
537.642938
537.938460
538.234180
538.530098
538.826215
539.122530
539.419044
539.715757
540.012668
540.309779
540.607090
540.904600
541.202309
541.500219
541.798329
542.096638
542.395149
542.693859
542.992771
543.291883
543.591197
543.890712
544.190428
544.490346
544.790465
545.090787
545.391310
545.692036
545.992965
546.294096
546.595429
546.896966
547.198706
547.500649
547.802796
548.105146
548.407701
548.710459
549.013421
549.316588
549.619959
549.923535
550.227316
550.531302
550.835494
551.139890
551.444492
551.749300
552.054314
552.359534
552.664961
552.970593
553.276433
553.582479
553.888732
554.195193
554.501860
554.808736
555.115819
555.423110
555.730609
556.038316
556.346231
556.654356
556.962689
557.271230
557.579982
557.888942
558.198112
558.507491
558.817081
559.126880
559.436890
559.747110
560.057540
560.368182
560.679034
560.990097
561.301372
561.612858
561.924556
562.236466
562.548587
562.860921
563.173467
563.486226
563.799198
564.112382
564.425780
564.739391
565.053215
565.367253
565.681505
565.995971
566.310651
566.625546
566.940655
567.255979
567.571518
567.887272
568.203241
568.519426
568.835826
569.152443
569.469275
569.786324
570.103589
570.421071
570.738769
571.056685
571.374818
571.693168
572.011736
572.330521
572.649525
572.968746
573.288186
573.607844
573.927721
574.247817
574.568132
574.888666
575.209420
575.530393
575.851586
576.173000
576.494633
576.816487
577.138561
577.460856
577.783372
578.106109
578.429068
578.752248
579.075650
579.399274
579.723119
580.047188
580.371478
580.695992
581.020728
581.345687
581.670870
581.996276
582.321905
582.647759
582.973836
583.300138
583.626664
583.953415
584.280391
584.607592
584.935018
585.262669
585.590546
585.918649
586.246977
586.575532
586.904313
587.233321
587.562556
587.892017
588.221706
588.551622
588.881766
589.212137
589.542737
589.873564
590.204620
590.535905
590.867418
591.199160
591.531131
591.863332
592.195762
592.528422
592.861312
593.194432
593.527783
593.861364
594.195175
594.529218
594.863492
595.197997
595.532733
595.867702
596.202902
596.538335
596.874000
597.209897
597.546027
597.882391
598.218987
598.555817
598.892880
599.230177
599.567708
599.905473
600.243473
600.581707
600.920176
601.258880
601.597819
601.936994
602.276404
602.616050
602.955932
603.296051
603.636406
603.976997
604.317825
604.658891
605.000193
605.341733
605.683511
606.025527
606.367781
606.710273
607.053003
607.395972
607.739181
608.082628
608.426315
608.770241
609.114407
609.458813
609.803459
610.148346
610.493473
610.838841
611.184450
611.530300
611.876392
612.222726
612.569301
612.916118
613.263178
613.610480
613.958025
614.305813
614.653844
615.002118
615.350636
615.699398
616.048403
616.397653
616.747147
617.096886
617.446870
617.797099
618.147573
618.498293
618.849258
619.200470
619.551927
619.903631
620.255581
620.607779
620.960223
621.312914
621.665853
622.019040
622.372474
622.726157
623.080088
623.434267
623.788695
624.143372
624.498299
624.853474
625.208900
625.564575
625.920500
626.276676
626.633102
626.989779
627.346706
627.703885
628.061316
628.418997
628.776931
629.135117
629.493555
629.852246
630.211189
630.570385
630.929835
631.289537
631.649494
632.009704
632.370168
632.730887
633.091860
633.453088
633.814571
634.176309
634.538302
634.900551
635.263056
635.625817
635.988834
636.352108
636.715639
637.079426
637.443471
637.807773
638.172333
638.537151
638.902227
639.267561
639.633154
639.999006
640.365116
640.731486
641.098116
641.465005
641.832154
642.199563
642.567233
642.935163
643.303354
643.671807
644.040520
644.409496
644.778733
645.148232
645.517993
645.888017
646.258304
646.628853
646.999666
647.370742
647.742082
648.113685
648.485553
648.857685
649.230082
649.602744
649.975670
650.348862
650.722320
651.096043
651.470032
651.844288
652.218810
652.593598
652.968654
653.343977
653.719567
654.095425
654.471550
654.847944
655.224607
655.601537
655.978737
656.356206
656.733944
657.111952
657.490229
657.868777
658.247595
658.626683
659.006042
659.385672
659.765573
660.145746
660.526191
660.906907
661.287896
661.669157
662.050691
662.432498
662.814578
663.196931
663.579558
663.962459
664.345635
664.729084
665.112808
665.496807
665.881081
666.265631
666.650456
667.035557
667.420934
667.806588
668.192518
668.578725
668.965209
669.351970
669.739009
670.126326
670.513921
670.901794
671.289946
671.678377
672.067086
672.456075
672.845344
673.234892
673.624721
674.014829
674.405219
674.795889
675.186840
675.578073
675.969587
676.361383
676.753461
677.145821
677.538464
677.931390
678.324599
678.718091
679.111867
679.505927
679.900271
680.294899
680.689811
681.085009
681.480492
681.876260
682.272313
682.668653
683.065279
683.462191
683.859389
684.256875
684.654648
685.052708
685.451056
685.849692
686.248616
686.647828
687.047329
687.447120
687.847199
688.247568
688.648226
689.049175
689.450414
689.851943
690.253763
690.655874
691.058277
691.460971
691.863957
692.267234
692.670805
693.074668
693.478823
693.883272
694.288014
694.693050
695.098380
695.504004
695.909923
696.316136
696.722644
697.129447
697.536546
697.943941
698.351632
698.759619
699.167902
699.576483
699.985360
700.394535
700.804007
701.213778
701.623846
702.034213
702.444879
702.855844
703.267108
703.678671
704.090534
704.502698
704.915161
705.327926
705.740991
706.154357
706.568024
706.981993
707.396265
707.810838
708.225714
708.640893
709.056374
709.472159
709.888248
710.304640
710.721337
711.138337
711.555643
711.973253
712.391169
712.809390
713.227917
713.646750
714.065890
714.485336
714.905089
715.325148
715.745516
716.166191
716.587174
717.008465
717.430065
717.851974
718.274191
718.696719
719.119555
719.542702
719.966159
720.389926
720.814004
721.238394
721.663094
722.088106
722.513430
722.939066
723.365015
723.791276
724.217851
724.644738
725.071939
725.499455
725.927284
726.355427
726.783886
727.212659
727.641748
728.071152
728.500872
728.930908
729.361261
729.791930
730.222917
730.654220
731.085842
731.517781
731.950038
732.382613
732.815508
733.248721
733.682254
734.116106
734.550278
734.984770
735.419583
735.854717
736.290171
736.725947
737.162044
737.598464
738.035205
738.472269
738.909656
739.347366
739.785399
740.223756
740.662437
741.101442
741.540771
741.980426
742.420405
742.860710
743.301341
743.742298
744.183580
744.625190
745.067127
745.509390
745.951981
746.394900
746.838147
747.281723
747.725627
748.169860
748.614422
749.059314
749.504536
749.950088
750.395970
750.842184
751.288728
751.735603
752.182811
752.630350
753.078222
753.526426
753.974963
754.423833
754.873036
755.322574
755.772445
756.222651
756.673192
757.124068
757.575278
758.026825
758.478707
758.930926
759.383481
759.836373
760.289602
760.743169
761.197073
761.651316
762.105896
762.560816
763.016074
763.471672
763.927609
764.383886
764.840504
765.297462
765.754760
766.212400
766.670382
767.128705
767.587370
768.046377
768.505728
768.965421
769.425457
769.885838
770.346562
770.807630
771.269043
771.730801
772.192904
772.655353
773.118147
773.581288
774.044775
774.508609
774.972789
775.437318
775.902194
776.367418
776.832990
777.298911
777.765181
778.231801
778.698770
779.166089
779.633758
780.101778
780.570149
781.038871
781.507944
781.977370
782.447147
782.917277
783.387760
783.858596
784.329786
784.801329
785.273227
785.745479
786.218085
786.691047
787.164364
787.638037
788.112066
788.586452
789.061194
789.536293
790.011749
790.487564
790.963736
791.440267
791.917156
792.394404
792.872012
793.349979
793.828306
794.306994
794.786042
795.265451
795.745222
796.225354
796.705848
797.186704
797.667923
798.149505
798.631451
799.113760
799.596432
800.079470
800.562871
801.046638
801.530770
802.015268
802.500131
802.985361
803.470958
803.956921
804.443252
804.929951
805.417017
805.904452
806.392255
806.880428
807.368969
807.857881
808.347162
808.836814
809.326836
809.817230
810.307995
810.799131
811.290640
811.782520
812.274774
812.767401
813.260401
813.753775
814.247523
814.741645
815.236142
815.731014
816.226262
816.721886
817.217885
817.714262
818.211015
818.708145
819.205653
819.703538
820.201802
820.700445
821.199466
821.698867
822.198647
822.698807
823.199348
823.700269
824.201571
824.703255
825.205320
825.707767
826.210597
826.713809
827.217405
827.721384
828.225747
828.730494
829.235626
829.741143
830.247044
830.753332
831.260005
831.767064
832.274511
832.782344
833.290565
833.799173
834.308169
834.817554
835.327328
835.837491
836.348043
836.858985
837.370317
837.882040
838.394154
838.906659
839.419556
839.932845
840.446526
840.960600
841.475067
841.989928
842.505182
843.020831
843.536874
844.053312
844.570145
845.087374
845.604999
846.123020
846.641438
847.160253
847.679466
848.199076
848.719085
849.239492
849.760298
850.281503
850.803108
851.325114
851.847519
852.370325
852.893533
853.417142
853.941152
854.465566
854.990381
855.515600
856.041222
856.567248
857.093677
857.620512
858.147751
858.675395
859.203445
859.731901
860.260764
860.790033
861.319709
861.849793
862.380284
862.911184
863.442492
863.974209
864.506336
865.038872
865.571819
866.105176
866.638944
867.173123
867.707713
868.242716
868.778131
869.313959
869.850200
870.386855
870.923923
871.461406
871.999303
872.537616
873.076344
873.615487
874.155047
874.695024
875.235417
875.776228
876.317457
876.859104
877.401169
877.943653
878.486557
879.029880
879.573623
880.117787
880.662371
881.207377
881.752805
882.298654
882.844926
883.391620
883.938738
884.486280
885.034245
885.582635
886.131449
886.680689
887.230354
887.780445
888.330963
888.881907
889.433278
889.985077
890.537303
891.089958
891.643042
892.196555
892.750497
893.304869
893.859672
894.414905
894.970569
895.526665
896.083192
896.640152
897.197544
897.755370
898.313629
898.872322
899.431449
899.991011
900.551008
901.111441
901.672309
902.233614
902.795356
903.357534
903.920150
904.483204
905.046696
905.610627
906.174998
906.739807
907.305057
907.870747
908.436878
909.003450
909.570463
910.137919
910.705817
911.274158
911.842942
912.412169
912.981841
913.551957
914.122518
914.693524
915.264976
915.836874
916.409219
916.982010
917.555249
918.128936
918.703071
919.277654
919.852686
920.428168
921.004100
921.580482
922.157315
922.734598
923.312334
923.890521
924.469160
925.048253
925.627798
926.207797
926.788251
927.369158
927.950521
928.532339
929.114612
929.697342
930.280528
930.864171
931.448272
932.032831
932.617847
933.203323
933.789257
934.375652
934.962506
935.549820
936.137596
936.725832
937.314531
937.903691
938.493314
939.083400
939.673949
940.264962
940.856440
941.448382
942.040789
942.633662
943.227001
943.820806
944.415078
945.009818
945.605025
946.200700
946.796844
947.393457
947.990539
948.588092
949.186114
949.784608
950.383572
950.983009
951.582917
952.183298
952.784152
953.385479
953.987280
954.589556
955.192306
955.795531
956.399233
957.003410
957.608063
958.213194
958.818802
959.424887
960.031451
960.638494
961.246016
961.854018
962.462499
963.071461
963.680904
964.290829
964.901235
965.512124
966.123495
966.735350
967.347688
967.960510
968.573817
969.187609
969.801887
970.416650
971.031900
971.647636
972.263860
972.880571
973.497771
974.115459
974.733636
975.352303
975.971460
976.591107
977.211245
977.831875
978.452996
979.074610
979.696716
980.319316
980.942409
981.565997
982.190079
982.814656
983.439728
984.065297
984.691362
985.317923
985.944983
986.572540
987.200595
987.829149
988.458202
989.087755
989.717808
990.348362
990.979416
991.610973
992.243031
992.875592
993.508655
994.142222
994.776293
995.410869
996.045949
996.681534
997.317625
997.954223
998.591327
999.228938
999.867057
1000.505685
1001.144820
1001.784465
1002.424620
1003.065284
1003.706459
1004.348145
1004.990342
1005.633052
1006.276273
1006.920008
1007.564256
1008.209018
1008.854294
1009.500085
1010.146391
1010.793213
1011.440551
1012.088407
1012.736779
1013.385669
1014.035077
1014.685004
1015.335450
1015.986415
1016.637901
1017.289907
1017.942435
1018.595484
1019.249055
1019.903149
1020.557765
1021.212905
1021.868570
1022.524758
1023.181472
1023.838711
1024.496477
1025.154768
1025.813587
1026.472933
1027.132807
1027.793210
1028.454141
1029.115602
1029.777593
1030.440114
1031.103167
1031.766750
1032.430866
1033.095514
1033.760694
1034.426409
1035.092657
1035.759439
1036.426757
1037.094610
1037.762998
1038.431924
1039.101386
1039.771385
1040.441923
1041.112998
1041.784613
1042.456767
1043.129461
1043.802696
1044.476471
1045.150788
1045.825647
1046.501048
1047.176992
1047.853480
1048.530512
1049.208088
1049.886209
1050.564876
1051.244089
1051.923848
1052.604154
1053.285008
1053.966410
1054.648360
1055.330860
1056.013909
1056.697509
1057.381658
1058.066360
1058.751612
1059.437417
1060.123775
1060.810686
1061.498150
1062.186169
1062.874743
1063.563872
1064.253556
1064.943797
1065.634595
1066.325950
1067.017864
1067.710335
1068.403366
1069.096956
1069.791105
1070.485816
1071.181087
1071.876920
1072.573316
1073.270273
1073.967794
1074.665879
1075.364528
1076.063741
1076.763520
1077.463864
1078.164775
1078.866253
1079.568298
1080.270911
1080.974092
1081.677843
1082.382162
1083.087052
1083.792513
1084.498544
1085.205148
1085.912323
1086.620071
1087.328392
1088.037288
1088.746757
1089.456801
1090.167421
1090.878617
1091.590389
1092.302738
1093.015665
1093.729170
1094.443253
1095.157916
1095.873158
1096.588981
1097.305384
1098.022369
1098.739936
1099.458085
1100.176817
1100.896133
1101.616033
1102.336517
1103.057587
1103.779242
1104.501484
1105.224312
1105.947728
1106.671732
1107.396324
1108.121506
1108.847277
1109.573638
1110.300589
1111.028133
1111.756267
1112.484995
1113.214315
1113.944228
1114.674736
1115.405838
1116.137535
1116.869829
1117.602718
1118.336204
1119.070288
1119.804969
1120.540249
1121.276128
1122.012607
1122.749685
1123.487365
1124.225646
1124.964529
1125.704014
1126.444102
1127.184794
1127.926090
1128.667991
1129.410497
1130.153609
1130.897327
1131.641652
1132.386585
1133.132126
1133.878275
1134.625034
1135.372403
1136.120382
1136.868972
1137.618173
1138.367987
1139.118413
1139.869453
1140.621107
1141.373375
1142.126258
1142.879756
1143.633871
1144.388603
1145.143951
1145.899918
1146.656503
1147.413708
1148.171532
1148.929976
1149.689041
1150.448727
1151.209035
1151.969966
1152.731520
1153.493698
1154.256500
1155.019927
1155.783979
1156.548658
1157.313963
1158.079895
1158.846456
1159.613644
1160.381462
1161.149909
1161.918987
1162.688695
1163.459035
1164.230007
1165.001611
1165.773848
1166.546720
1167.320225
1168.094366
1168.869142
1169.644554
1170.420603
1171.197289
1171.974613
1172.752576
1173.531178
1174.310420
1175.090302
1175.870825
1176.651989
1177.433796
1178.216245
1178.999338
1179.783075
1180.567456
1181.352482
1182.138155
1182.924473
1183.711439
1184.499052
1185.287313
1186.076224
1186.865783
1187.655993
1188.446854
1189.238365
1190.030529
1190.823345
1191.616814
1192.410937
1193.205714
1194.001146
1194.797234
1195.593977
1196.391378
1197.189436
1197.988152
1198.787527
1199.587561
1200.388255
1201.189609
1201.991625
1202.794302
1203.597642
1204.401644
1205.206311
1206.011641
1206.817636
1207.624297
1208.431624
1209.239618
1210.048279
1210.857608
1211.667606
1212.478273
1213.289610
1214.101617
1214.914296
1215.727646
1216.541669
1217.356365
1218.171734
1218.987778
1219.804497
1220.621891
1221.439961
1222.258709
1223.078133
1223.898236
1224.719018
1225.540479
1226.362620
1227.185442
1228.008945
1228.833131
1229.657998
1230.483549
1231.309784
1232.136704
1232.964308
1233.792599
1234.621575
1235.451239
1236.281591
1237.112631
1237.944360
1238.776779
1239.609889
1240.443689
1241.278181
1242.113365
1242.949242
1243.785813
1244.623078
1245.461038
1246.299693
1247.139045
1247.979093
1248.819839
1249.661284
1250.503427
1251.346269
1252.189812
1253.034056
1253.879001
1254.724648
1255.570998
1256.418052
1257.265809
1258.114272
1258.963439
1259.813313
1260.663894
1261.515182
1262.367179
1263.219884
1264.073298
1264.927423
1265.782258
1266.637805
1267.494064
1268.351036
1269.208721
1270.067120
1270.926234
1271.786064
1272.646610
1273.507872
1274.369852
1275.232550
1276.095968
1276.960104
1277.824961
1278.690539
1279.556838
1280.423859
1281.291604
1282.160072
1283.029264
1283.899181
1284.769824
1285.641194
1286.513290
1287.386114
1288.259666
1289.133948
1290.008959
1290.884700
1291.761173
1292.638378
1293.516315
1294.394985
1295.274389
1296.154528
1297.035402
1297.917012
1298.799359
1299.682443
1300.566265
1301.450825
1302.336126
1303.222166
1304.108947
1304.996470
1305.884735
1306.773743
1307.663494
1308.553990
1309.445231
1310.337217
1311.229950
1312.123431
1313.017659
1313.912635
1314.808361
1315.704836
1316.602063
1317.500041
1318.398770
1319.298253
1320.198489
1321.099479
1322.001225
1322.903725
1323.806983
1324.710997
1325.615769
1326.521299
1327.427589
1328.334638
1329.242448
1330.151020
1331.060353
1331.970450
1332.881310
1333.792934
1334.705322
1335.618477
1336.532398
1337.447086
1338.362542
1339.278766
1340.195760
1341.113524
1342.032058
1342.951364
1343.871442
1344.792293
1345.713917
1346.636316
1347.559490
1348.483440
1349.408166
1350.333670
1351.259951
1352.187011
1353.114851
1354.043471
1354.972872
1355.903055
1356.834020
1357.765768
1358.698300
1359.631617
1360.565719
1361.500607
1362.436282
1363.372744
1364.309995
1365.248035
1366.186865
1367.126486
1368.066897
1369.008101
1369.950098
1370.892888
1371.836472
1372.780851
1373.726027
1374.671998
1375.618768
1376.566335
1377.514701
1378.463866
1379.413832
1380.364599
1381.316167
1382.268538
1383.221713
1384.175692
1385.130475
1386.086064
1387.042460
1387.999662
1388.957672
1389.916492
1390.876120
1391.836559
1392.797808
1393.759869
1394.722743
1395.686430
1396.650931
1397.616246
1398.582378
1399.549325
1400.517090
1401.485672
1402.455073
1403.425293
1404.396334
1405.368195
1406.340878
1407.314384
1408.288713
1409.263866
1410.239843
1411.216646
1412.194276
1413.172733
1414.152017
1415.132130
1416.113073
1417.094846
1418.077450
1419.060886
1420.045155
1421.030257
1422.016193
1423.002964
1423.990570
1424.979014
1425.968294
1426.958413
1427.949371
1428.941168
1429.933806
1430.927285
1431.921606
1432.916770
1433.912778
1434.909630
1435.907327
1436.905870
1437.905261
1438.905499
1439.906585
1440.908521
1441.911306
1442.914943
1443.919431
1444.924771
1445.930965
1446.938013
1447.945916
1448.954674
1449.964289
1450.974761
1451.986092
1452.998281
1454.011330
1455.025239
1456.040010
1457.055642
1458.072138
1459.089498
1460.107722
1461.126812
1462.146767
1463.167590
1464.189281
1465.211840
1466.235269
1467.259568
1468.284738
1469.310780
1470.337695
1471.365484
1472.394147
1473.423685
1474.454099
1475.485390
1476.517559
1477.550606
1478.584533
1479.619340
1480.655028
1481.691598
1482.729050
1483.767386
1484.806607
1485.846712
1486.887704
1487.929582
1488.972349
1490.016003
1491.060547
1492.105982
1493.152307
1494.199524
1495.247634
1496.296638
1497.346536
1498.397329
1499.449018
1500.501604
1501.555088
1502.609471
1503.664753
1504.720936
1505.778019
1506.836005
1507.894894
1508.954686
1510.015383
1511.076985
1512.139494
1513.202910
1514.267233
1515.332466
1516.398608
1517.465661
1518.533626
1519.602502
1520.672292
1521.742996
1522.814614
1523.887149
1524.960600
1526.034968
1527.110255
1528.186461
1529.263587
1530.341634
1531.420603
1532.500494
1533.581309
1534.663048
1535.745713
1536.829303
1537.913821
1538.999267
1540.085641
1541.172945
1542.261180
1543.350346
1544.440444
1545.531476
1546.623441
1547.716341
1548.810178
1549.904950
1551.000661
1552.097310
1553.194898
1554.293426
1555.392896
1556.493307
1557.594661
1558.696960
1559.800202
1560.904391
1562.009525
1563.115607
1564.222638
1565.330617
1566.439547
1567.549427
1568.660259
1569.772044
1570.884782
1571.998475
1573.113123
1574.228728
1575.345290
1576.462810
1577.581289
1578.700728
1579.821127
1580.942489
1582.064812
1583.188100
1584.312352
1585.437569
1586.563753
1587.690904
1588.819022
1589.948110
1591.078168
1592.209196
1593.341197
1594.474170
1595.608116
1596.743037
1597.878933
1599.015806
1600.153656
1601.292484
1602.432291
1603.573079
1604.714847
1605.857597
1607.001330
1608.146046
1609.291747
1610.438434
1611.586107
1612.734768
1613.884417
1615.035055
1616.186683
1617.339303
1618.492915
1619.647520
1620.803118
1621.959712
1623.117301
1624.275888
1625.435472
1626.596054
1627.757636
1628.920219
1630.083803
1631.248390
1632.413980
1633.580574
1634.748174
1635.916779
1637.086392
1638.257013
1639.428643
1640.601284
1641.774935
1642.949598
1644.125273
1645.301963
1646.479667
1647.658387
1648.838124
1650.018879
1651.200652
1652.383444
1653.567258
1654.752092
1655.937949
1657.124830
1658.312735
1659.501665
1660.691621
1661.882605
1663.074617
1664.267658
1665.461730
1666.656833
1667.852967
1669.050135
1670.248337
1671.447574
1672.647847
1673.849157
1675.051505
1676.254892
1677.459318
1678.664786
1679.871296
1681.078848
1682.287445
1683.497086
1684.707773
1685.919507
1687.132288
1688.346119
1689.560999
1690.776930
1691.993912
1693.211948
1694.431037
1695.651181
1696.872381
1698.094637
1699.317951
1700.542324
1701.767756
1702.994249
1704.221804
1705.450422
1706.680103
1707.910849
1709.142661
1710.375539
1711.609485
1712.844500
1714.080585
1715.317740
1716.555967
1717.795267
1719.035640
1720.277089
1721.519613
1722.763214
1724.007893
1725.253650
1726.500488
1727.748406
1728.997407
1730.247490
1731.498657
1732.750909
1734.004247
1735.258672
1736.514185
1737.770787
1739.028479
1740.287262
1741.547138
1742.808106
1744.070169
1745.333327
1746.597581
1747.862932
1749.129382
1750.396931
1751.665581
1752.935331
1754.206185
1755.478142
1756.751203
1758.025370
1759.300643
1760.577025
1761.854515
1763.133114
1764.412825
1765.693647
1766.975582
1768.258631
1769.542795
1770.828075
1772.114472
1773.401988
1774.690622
1775.980377
1777.271253
1778.563251
1779.856373
1781.150619
1782.445991
1783.742490
1785.040116
1786.338870
1787.638755
1788.939770
1790.241917
1791.545198
1792.849612
1794.155161
1795.461847
1796.769669
1798.078630
1799.388731
1800.699972
1802.012354
1803.325879
1804.640548
1805.956361
1807.273321
1808.591427
1809.910681
1811.231084
1812.552638
1813.875342
1815.199199
1816.524210
1817.850375
1819.177695
1820.506172
1821.835807
1823.166601
1824.498555
1825.831670
1827.165947
1828.501387
1829.837991
1831.175761
1832.514697
1833.854801
1835.196074
1836.538516
1837.882130
1839.226915
1840.572873
1841.920006
1843.268314
1844.617799
1845.968461
1847.320301
1848.673322
1850.027523
1851.382906
1852.739472
1854.097223
1855.456159
1856.816281
1858.177591
1859.540089
1860.903778
1862.268657
1863.634728
1865.001992
1866.370451
1867.740105
1869.110956
1870.483004
1871.856251
1873.230698
1874.606346
1875.983196
1877.361249
1878.740507
1880.120971
1881.502641
1882.885519
1884.269605
1885.654902
1887.041411
1888.429131
1889.818065
1891.208214
1892.599579
1893.992161
1895.385960
1896.780979
1898.177219
1899.574679
1900.973363
1902.373270
1903.774403
1905.176761
1906.580347
1907.985162
1909.391206
1910.798480
1912.206987
1913.616727
1915.027701
1916.439910
1917.853356
1919.268040
1920.683962
1922.101125
1923.519529
1924.939175
1926.360065
1927.782200
1929.205580
1930.630208
1932.056084
1933.483209
1934.911585
1936.341212
1937.772093
1939.204228
1940.637618
1942.072264
1943.508169
1944.945332
1946.383755
1947.823439
1949.264386
1950.706597
1952.150072
1953.594813
1955.040822
1956.488098
1957.936645
1959.386462
1960.837551
1962.289913
1963.743550
1965.198462
1966.654651
1968.112117
1969.570863
1971.030890
1972.492197
1973.954788
1975.418663
1976.883822
1978.350268
1979.818002
1981.287025
1982.757337
1984.228941
1985.701837
1987.176027
1988.651512
1990.128293
1991.606371
1993.085747
1994.566424
1996.048401
1997.531681
1999.016264
2000.502152
2001.989345
2003.477846
2004.967655
2006.458774
2007.951203
2009.444944
2010.939999
2012.436368
2013.934053
2015.433055
2016.933375
2018.435015
2019.937975
2021.442257
2022.947862
2024.454792
2025.963047
2027.472630
2028.983540
2030.495780
2032.009350
2033.524253
2035.040488
2036.558058
2038.076964
2039.597207
2041.118787
2042.641708
2044.165969
2045.691571
2047.218517
2048.746808
2050.276444
2051.807428
2053.339759
2054.873440
2056.408472
2057.944856
2059.482594
2061.021686
2062.562133
2064.103939
2065.647102
2067.191625
2068.737509
2070.284756
2071.833366
2073.383341
2074.934682
2076.487390
2078.041468
2079.596915
2081.153733
2082.711924
2084.271489
2085.832429
2087.394745
2088.958439
2090.523512
2092.089966
2093.657801
2095.227019
2096.797621
2098.369609
2099.942983
2101.517746
2103.093898
2104.671441
2106.250375
2107.830703
2109.412426
2110.995545
2112.580061
2114.165976
2115.753290
2117.342006
2118.932124
2120.523646
2122.116573
2123.710907
2125.306649
2126.903799
2128.502360
2130.102333
2131.703719
2133.306520
2134.910736
2136.516369
2138.123421
2139.731892
2141.341785
2142.953100
2144.565839
2146.180003
2147.795593
2149.412611
2151.031058
2152.650936
2154.272245
2155.894988
2157.519165
2159.144778
2160.771828
2162.400317
2164.030245
2165.661615
2167.294428
2168.928684
2170.564386
2172.201534
2173.840131
2175.480176
2177.121673
2178.764621
2180.409023
2182.054880
2183.702194
2185.350964
2187.001194
2188.652884
2190.306035
2191.960650
2193.616729
2195.274274
2196.933286
2198.593767
2200.255718
2201.919139
2203.584034
2205.250403
2206.918247
2208.587568
2210.258367
2211.930646
2213.604406
2215.279648
2216.956374
2218.634586
2220.314283
2221.995469
2223.678144
2225.362310
2227.047969
2228.735120
2230.423767
2232.113910
2233.805551
2235.498691
2237.193332
2238.889474
2240.587120
2242.286271
2243.986928
2245.689093
2247.392767
2249.097951
2250.804648
2252.512857
2254.222582
2255.933822
2257.646580
2259.360857
2261.076655
2262.793974
2264.512817
2266.233184
2267.955078
2269.678499
2271.403449
2273.129930
2274.857942
2276.587488
2278.318569
2280.051186
2281.785340
2283.521034
2285.258268
2286.997044
2288.737363
2290.479228
2292.222638
2293.967597
2295.714104
2297.462163
2299.211773
2300.962938
2302.715657
2304.469932
2306.225766
2307.983159
2309.742113
2311.502629
2313.264710
2315.028355
2316.793567
2318.560348
2320.328698
2322.098619
2323.870113
2325.643181
2327.417825
2329.194046
2330.971845
2332.751225
2334.532186
2336.314730
2338.098858
2339.884572
2341.671874
2343.460765
2345.251246
2347.043320
2348.836986
2350.632248
2352.429106
2354.227562
2356.027617
2357.829273
2359.632532
2361.437394
2363.243862
2365.051937
2366.861620
2368.672914
2370.485818
2372.300336
2374.116468
2375.934216
2377.753582
2379.574567
2381.397172
2383.221399
2385.047250
2386.874726
2388.703829
2390.534560
2392.366920
2394.200912
2396.036536
2397.873795
2399.712689
2401.553221
2403.395392
2405.239203
2407.084656
2408.931752
2410.780494
2412.630882
2414.482918
2416.336604
2418.191941
2420.048931
2421.907575
2423.767875
2425.629833
2427.493449
2429.358726
2431.225665
2433.094267
2434.964535
2436.836470
2438.710072
2440.585345
2442.462289
2444.340906
2446.221198
2448.103166
2449.986811
2451.872136
2453.759142
2455.647830
2457.538202
2459.430260
2461.324004
2463.219438
2465.116562
2467.015378
2468.915887
2470.818092
2472.721993
2474.627592
2476.534892
2478.443892
2480.354596
2482.267005
2484.181119
2486.096942
2488.014474
2489.933717
2491.854672
2493.777342
2495.701728
2497.627831
2499.555653
2501.485196
2503.416461
2505.349451
2507.284165
2509.220607
2511.158778
2513.098679
2515.040312
2516.983678
2518.928780
2520.875619
2522.824196
2524.774513
2526.726572
2528.680375
2530.635922
2532.593216
2534.552259
2536.513051
2538.475595
2540.439892
2542.405944
2544.373752
2546.343319
2548.314645
2550.287733
2552.262584
2554.239200
2556.217582
2558.197732
2560.179652
2562.163343
2564.148807
2566.136046
2568.125061
2570.115854
2572.108427
2574.102781
2576.098918
2578.096840
2580.096548
2582.098044
2584.101330
2586.106407
2588.113278
2590.121943
2592.132404
2594.144664
2596.158723
2598.174584
2600.192247
2602.211716
2604.232991
2606.256075
2608.280968
2610.307673
2612.336191
2614.366524
2616.398674
2618.432642
2620.468431
2622.506041
2624.545474
2626.586733
2628.629819
2630.674733
2632.721478
2634.770055
2636.820465
2638.872711
2640.926795
2642.982717
2645.040479
2647.100085
2649.161534
2651.224829
2653.289971
2655.356963
2657.425806
2659.496502
2661.569052
2663.643458
2665.719722
2667.797846
2669.877832
2671.959680
2674.043393
2676.128973
2678.216422
2680.305740
2682.396931
2684.489995
2686.584935
2688.681751
2690.780447
2692.881023
2694.983482
2697.087825
2699.194054
2701.302170
2703.412176
2705.524073
2707.637864
2709.753549
2711.871131
2713.990611
2716.111991
2718.235273
2720.360459
2722.487550
2724.616548
2726.747456
2728.880274
2731.015005
2733.151650
2735.290211
2737.430691
2739.573090
2741.717411
2743.863655
2746.011824
2748.161920
2750.313945
2752.467901
2754.623788
2756.781610
2758.941368
2761.103064
2763.266700
2765.432277
2767.599797
2769.769262
2771.940674
2774.114035
2776.289346
2778.466609
2780.645827
2782.827001
2785.010132
2787.195224
2789.382276
2791.571292
2793.762273
2795.955222
2798.150139
2800.347026
2802.545887
2804.746721
2806.949532
2809.154321
2811.361090
2813.569840
2815.780574
2817.993294
2820.208001
2822.424697
2824.643384
2826.864064
2829.086739
2831.311410
2833.538080
2835.766750
2837.997423
2840.230099
2842.464782
2844.701473
2846.940173
2849.180885
2851.423610
2853.668350
2855.915108
2858.163885
2860.414684
2862.667505
2864.922350
2867.179223
2869.438124
2871.699056
2873.962020
2876.227018
2878.494053
2880.763125
2883.034238
2885.307392
2887.582591
2889.859835
2892.139126
2894.420468
2896.703860
2898.989306
2901.276808
2903.566366
2905.857984
2908.151663
2910.447405
2912.745211
2915.045085
2917.347027
2919.651041
2921.957126
2924.265287
2926.575524
2928.887839
2931.202235
2933.518713
2935.837275
2938.157924
2940.480661
2942.805488
2945.132407
2947.461420
2949.792529
2952.125736
2954.461043
2956.798452
2959.137965
2961.479584
2963.823310
2966.169146
2968.517094
2970.867156
2973.219333
2975.573628
2977.930043
2980.288579
2982.649238
2985.012024
2987.376937
2989.743979
2992.113153
2994.484461
2996.857904
2999.233484
3001.611204
3003.991066
3006.373071
3008.757221
3011.143519
3013.531967
3015.922566
3018.315319
3020.710227
3023.107293
3025.506518
3027.907905
3030.311456
3032.717172
3035.125056
3037.535109
3039.947335
3042.361734
3044.778308
3047.197061
3049.617993
3052.041107
3054.466405
3056.893890
3059.323562
3061.755424
3064.189478
3066.625726
3069.064170
3071.504813
3073.947656
3076.392701
3078.839951
3081.289407
3083.741071
3086.194946
3088.651034
3091.109336
3093.569855
3096.032593
3098.497552
3100.964734
3103.434141
3105.905775
3108.379638
3110.855732
3113.334060
3115.814623
3118.297424
3120.782465
3123.269747
3125.759273
3128.251044
3130.745064
3133.241334
3135.739856
3138.240633
3140.743665
3143.248957
3145.756508
3148.266323
3150.778403
3153.292749
3155.809364
3158.328251
3160.849411
3163.372846
3165.898559
3168.426552
3170.956826
3173.489384
3176.024229
3178.561361
3181.100784
3183.642499
3186.186509
3188.732816
3191.281422
3193.832328
3196.385538
3198.941053
3201.498876
3204.059008
3206.621452
3209.186210
3211.753284
3214.322676
3216.894389
3219.468424
3222.044784
3224.623471
3227.204487
3229.787834
3232.373515
3234.961532
3237.551886
3240.144580
3242.739616
3245.336997
3247.936724
3250.538800
3253.143227
3255.750007
3258.359142
3260.970635
3263.584488
3266.200702
3268.819280
3271.440225
3274.063538
3276.689222
3279.317279
3281.947711
3284.580521
3287.215710
3289.853281
3292.493235
3295.135577
3297.780306
3300.427426
3303.076939
3305.728848
3308.383153
3311.039859
3313.698966
3316.360477
3319.024395
3321.690721
3324.359458
3327.030608
3329.704174
3332.380157
3335.058560
3337.739385
3340.422634
3343.108310
3345.796415
3348.486951
3351.179920
3353.875325
3356.573168
3359.273451
3361.976177
3364.681347
3367.388965
3370.099032
3372.811550
3375.526523
3378.243951
3380.963838
3383.686186
3386.410997
3389.138273
3391.868017
3394.600231
3397.334917
3400.072077
3402.811715
3405.553832
3408.298430
3411.045512
3413.795080
3416.547137
3419.301684
3422.058724
3424.818260
3427.580294
3430.344827
3433.111863
3435.881404
3438.653451
3441.428009
3444.205077
3446.984660
3449.766760
3452.551378
3455.338517
3458.128179
3460.920368
3463.715084
3466.512331
3469.312111
3472.114427
3474.919279
3477.726672
3480.536607
3483.349087
3486.164114
3488.981690
3491.801818
3494.624500
3497.449739
3500.277537
3503.107896
3505.940819
3508.776308
3511.614365
3514.454993
3517.298195
3520.143972
3522.992328
3525.843264
3528.696782
3531.552886
3534.411578
3537.272860
3540.136735
3543.003204
3545.872271
3548.743937
3551.618206
3554.495079
3557.374560
3560.256650
3563.141351
3566.028668
3568.918600
3571.811153
3574.706326
3577.604124
3580.504549
3583.407602
3586.313287
3589.221606
3592.132561
3595.046155
3597.962390
3600.881269
3603.802794
3606.726968
3609.653793
3612.583271
3615.515406
3618.450199
3621.387652
3624.327770
3627.270553
3630.216005
3633.164128
3636.114924
3639.068396
3642.024547
3644.983378
3647.944893
3650.909094
3653.875983
3656.845562
3659.817836
3662.792805
3665.770473
3668.750841
3671.733913
3674.719691
3677.708177
3680.699375
3683.693286
3686.689913
3689.689258
3692.691325
3695.696115
3698.703632
3701.713877
3704.726853
3707.742563
3710.761010
3713.782195
3716.806122
3719.832793
3722.862210
3725.894377
3728.929295
3731.966967
3735.007397
3738.050585
3741.096536
3744.145250
3747.196732
3750.250984
3753.308008
3756.367807
3759.430383
3762.495738
3765.563877
3768.634801
3771.708512
3774.785014
3777.864308
3780.946399
3784.031287
3787.118976
3790.209468
3793.302767
3796.398874
3799.497792
3802.599523
3805.704072
3808.811439
3811.921628
3815.034641
3818.150481
3821.269151
3824.390652
3827.514989
3830.642163
3833.772177
3836.905034
3840.040736
3843.179286
3846.320687
3849.464941
3852.612052
3855.762020
3858.914850
3862.070544
3865.229105
3868.390535
3871.554837
3874.722013
3877.892067
3881.065001
3884.240817
3887.419519
3890.601109
3893.785590
3896.972963
3900.163233
3903.356402
3906.552472
3909.751447
3912.953328
3916.158119
3919.365822
3922.576440
3925.789976
3929.006433
3932.225812
3935.448117
3938.673351
3941.901517
3945.132616
3948.366652
3951.603627
3954.843545
3958.086408
3961.332218
3964.580979
3967.832693
3971.087363
3974.344992
3977.605582
3980.869136
3984.135657
3987.405148
3990.677612
3993.953050
3997.231467
4000.512864
4003.797245
4007.084612
4010.374969
4013.668317
4016.964660
4020.264000
4023.566341
4026.871684
4030.180034
4033.491392
4036.805761
4040.123145
4043.443545
4046.766966
4050.093409
4053.422877
4056.755374
4060.090902
4063.429463
4066.771062
4070.115699
4073.463380
4076.814105
4080.167878
4083.524702
4086.884580
4090.247515
4093.613508
4096.982564
4100.354685
4103.729874
4107.108134
4110.489467
4113.873877
4117.261366
4120.651937
4124.045593
4127.442337
4130.842172
4134.245101
4137.651126
4141.060251
4144.472477
4147.887809
4151.306250
4154.727801
4158.152466
4161.580247
4165.011148
4168.445172
4171.882321
4175.322599
4178.766008
4182.212551
4185.662231
4189.115051
4192.571014
4196.030123
4199.492380
4202.957789
4206.426353
4209.898075
4213.372957
4216.851002
4220.332213
4223.816594
4227.304147
4230.794876
4234.288782
4237.785870
4241.286141
4244.789600
4248.296249
4251.806090
4255.319127
4258.835364
4262.354802
4265.877445
4269.403296
4272.932357
4276.464632
4280.000124
4283.538836
4287.080770
4290.625931
4294.174320
4297.725940
4301.280796
4304.838889
4308.400222
4311.964800
4315.532624
4319.103698
4322.678025
4326.255608
4329.836449
4333.420553
4337.007921
4340.598557
4344.192464
4347.789645
4351.390104
4354.993842
4358.600863
4362.211171
4365.824768
4369.441657
4373.061842
4376.685324
4380.312109
4383.942198
4387.575594
4391.212302
4394.852323
4398.495661
4402.142318
4405.792299
4409.445606
4413.102242
4416.762210
4420.425514
4424.092156
4427.762140
4431.435468
4435.112145
4438.792172
4442.475553
4446.162291
4449.852389
4453.545851
4457.242679
4460.942877
4464.646448
4468.353394
4472.063719
4475.777427
4479.494520
4483.215001
4486.938874
4490.666142
4494.396807
4498.130873
4501.868344
4505.609222
4509.353510
4513.101213
4516.852332
4520.606871
4524.364833
4528.126221
4531.891040
4535.659290
4539.430977
4543.206103
4546.984671
4550.766685
4554.552148
4558.341062
4562.133431
4565.929259
4569.728548
4573.531302
4577.337524
4581.147218
4584.960385
4588.777030
4592.597156
4596.420767
4600.247864
4604.078452
4607.912534
4611.750113
4615.591192
4619.435775
4623.283864
4627.135464
4630.990577
4634.849206
4638.711355
4642.577028
4646.446226
4650.318955
4654.195216
4658.075014
4661.958351
4665.845230
4669.735656
4673.629631
4677.527159
4681.428243
4685.332886
4689.241091
4693.152863
4697.068203
4700.987116
4704.909605
4708.835673
4712.765323
4716.698559
4720.635384
4724.575802
4728.519815
4732.467428
4736.418642
4740.373463
4744.331893
4748.293935
4752.259593
4756.228870
4760.201770
4764.178295
4768.158450
4772.142238
4776.129661
4780.120724
4784.115429
4788.113781
4792.115782
4796.121436
4800.130747
4804.143717
4808.160350
4812.180650
4816.204619
4820.232262
4824.263581
4828.298581
4832.337264
4836.379634
4840.425695
4844.475449
4848.528900
4852.586052
4856.646908
4860.711472
4864.779746
4868.851735
4872.927442
4877.006870
4881.090023
4885.176904
4889.267516
4893.361864
4897.459951
4901.561779
4905.667353
4909.776676
4913.889751
4918.006582
4922.127173
4926.251527
4930.379647
4934.511537
4938.647200
4942.786641
4946.929861
4951.076866
4955.227658
4959.382241
4963.540619
4967.702794
4971.868771
4976.038553
4980.212144
4984.389546
4988.570765
4992.755802
4996.944662
5001.137349
5005.333865
5009.534215
5013.738401
5017.946428
5022.158299
5026.374017
5030.593587
5034.817012
5039.044294
5043.275439
5047.510449
5051.749329
5055.992080
5060.238708
5064.489216
5068.743608
5073.001886
5077.264055
5081.530118
5085.800080
5090.073942
5094.351710
5098.633386
5102.918975
5107.208480
5111.501904
5115.799252
5120.100526
5124.405731
5128.714870
5133.027947
5137.344965
5141.665928
5145.990841
5150.319705
5154.652526
5158.989306
5163.330050
5167.674761
5172.023443
5176.376099
5180.732734
5185.093350
5189.457952
5193.826543
5198.199127
5202.575708
5206.956288
5211.340873
5215.729466
5220.122070
5224.518690
5228.919328
5233.323989
5237.732676
5242.145394
5246.562145
5250.982934
5255.407764
5259.836639
5264.269563
5268.706540
5273.147573
5277.592666
5282.041823
5286.495047
5290.952343
5295.413715
5299.879165
5304.348697
5308.822317
5313.300026
5317.781830
5322.267731
5326.757735
5331.251843
5335.750061
5340.252392
5344.758840
5349.269409
5353.784103
5358.302924
5362.825878
5367.352968
5371.884198
5376.419571
5380.959092
5385.502765
5390.050592
5394.602579
5399.158729
5403.719045
5408.283532
5412.852194
5417.425034
5422.002056
5426.583265
5431.168663
5435.758255
5440.352046
5444.950037
5449.552235
5454.158642
5458.769262
5463.384100
5468.003158
5472.626442
5477.253955
5481.885701
5486.521683
5491.161907
5495.806375
5500.455092
5505.108061
5509.765287
5514.426773
5519.092524
5523.762543
5528.436835
5533.115403
5537.798251
5542.485383
5547.176803
5551.872516
5556.572525
5561.276833
5565.985446
5570.698367
5575.415601
5580.137150
5584.863019
5589.593212
5594.327734
5599.066587
5603.809777
5608.557307
5613.309180
5618.065402
5622.825977
5627.590907
5632.360198
5637.133853
5641.911876
5646.694272
5651.481044
5656.272197
5661.067735
5665.867660
5670.671979
5675.480694
5680.293811
5685.111332
5689.933262
5694.759605
5699.590366
5704.425547
5709.265154
5714.109191
5718.957661
5723.810568
5728.667918
5733.529713
5738.395958
5743.266658
5748.141815
5753.021435
5757.905522
5762.794079
5767.687111
5772.584622
5777.486616
5782.393098
5787.304071
5792.219539
5797.139507
5802.063979
5806.992959
5811.926451
5816.864460
5821.806989
5826.754043
5831.705626
5836.661742
5841.622395
5846.587591
5851.557332
5856.531622
5861.510468
5866.493871
5871.481837
5876.474370
5881.471474
5886.473154
5891.479413
5896.490256
5901.505687
5906.525710
5911.550330
5916.579550
5921.613376
5926.651811
5931.694860
5936.742526
5941.794815
5946.851730
5951.913276
5956.979457
5962.050277
5967.125741
5972.205853
5977.290617
5982.380037
5987.474119
5992.572865
5997.676281
6002.784371
6007.897138
6013.014589
6018.136726
6023.263554
6028.395077
6033.531301
6038.672228
6043.817865
6048.968214
6054.123280
6059.283068
6064.447582
6069.616826
6074.790805
6079.969523
6085.152985
6090.341194
6095.534156
6100.731875
6105.934354
6111.141599
6116.353615
6121.570404
6126.791972
6132.018324
6137.249463
6142.485394
6147.726121
6152.971650
6158.221984
6163.477127
6168.737085
6174.001862
6179.271462
6184.545889
6189.825149
6195.109245
6200.398183
6205.691966
6210.990599
6216.294086
6221.602433
6226.915643
6232.233721
6237.556671
6242.884499
6248.217208
6253.554804
6258.897290
6264.244671
6269.596951
6274.954136
6280.316230
6285.683237
6291.055162
6296.432009
6301.813783
6307.200489
6312.592130
6317.988713
6323.390240
6328.796718
6334.208149
6339.624540
6345.045894
6350.472216
6355.903511
6361.339784
6366.781038
6372.227279
6377.678511
6383.134739
6388.595967
6394.062201
6399.533444
6405.009701
6410.490977
6415.977277
6421.468605
6426.964966
6432.466365
6437.972806
6443.484293
6449.000833
6454.522428
6460.049085
6465.580807
6471.117599
6476.659466
6482.206413
6487.758445
6493.315565
6498.877779
6504.445092
6510.017508
6515.595032
6521.177669
6526.765423
6532.358299
6537.956302
6543.559436
6549.167707
6554.781120
6560.399678
6566.023386
6571.652251
6577.286275
6582.925464
6588.569823
6594.219357
6599.874070
6605.533966
6611.199052
6616.869332
6622.544810
6628.225491
6633.911381
6639.602483
6645.298804
6651.000347
6656.707117
6662.419119
6668.136359
6673.858841
6679.586569
6685.319550
6691.057786
6696.801284
6702.550049
6708.304084
6714.063396
6719.827988
6725.597866
6731.373035
6737.153499
6742.939264
6748.730334
6754.526715
6760.328411
6766.135426
6771.947767
6777.765438
6783.588444
6789.416789
6795.250479
6801.089519
6806.933914
6812.783668
6818.638787
6824.499275
6830.365138
6836.236380
6842.113007
6847.995023
6853.882434
6859.775244
6865.673458
6871.577082
6877.486120
6883.400577
6889.320459
6895.245771
6901.176517
6907.112702
6913.054332
6919.001412
6924.953946
6930.911940
6936.875398
6942.844326
6948.818729
6954.798612
6960.783980
6966.774838
6972.771191
6978.773044
6984.780403
6990.793272
6996.811656
7002.835561
7008.864991
7014.899953
7020.940450
7026.986488
7033.038072
7039.095208
7045.157900
7051.226153
7057.299974
7063.379366
7069.464335
7075.554886
7081.651025
7087.752756
7093.860085
7099.973016
7106.091556
7112.215708
7118.345480
7124.480874
7130.621898
7136.768555
7142.920852
7149.078793
7155.242384
7161.411630
7167.586535
7173.767107
7179.953348
7186.145266
7192.342864
7198.546149
7204.755126
7210.969799
7217.190174
7223.416257
7229.648053
7235.885566
7242.128803
7248.377768
7254.632467
7260.892905
7267.159087
7273.431020
7279.708707
7285.992155
7292.281368
7298.576353
7304.877114
7311.183656
7317.495986
7323.814108
7330.138028
7336.467751
7342.803283
7349.144628
7355.491793
7361.844782
7368.203601
7374.568256
7380.938752
7387.315093
7393.697287
7400.085337
7406.479250
7412.879031
7419.284685
7425.696217
7432.113634
7438.536941
7444.966142
7451.401244
7457.842252
7464.289172
7470.742008
7477.200766
7483.665453
7490.136073
7496.612631
7503.095134
7509.583586
7516.077994
7522.578363
7529.084698
7535.597004
7542.115288
7548.639555
7555.169811
7561.706060
7568.248309
7574.796562
7581.350826
7587.911107
7594.477409
7601.049738
7607.628101
7614.212501
7620.802946
7627.399440
7634.001989
7640.610599
7647.225276
7653.846024
7660.472850
7667.105759
7673.744757
7680.389850
7687.041042
7693.698341
7700.361751
7707.031277
7713.706927
7720.388705
7727.076616
7733.770668
7740.470865
7747.177213
7753.889717
7760.608384
7767.333219
7774.064228
7780.801417
7787.544791
7794.294355
7801.050117
7807.812080
7814.580252
7821.354638
7828.135243
7834.922074
7841.715136
7848.514435
7855.319976
7862.131766
7868.949810
7875.774114
7882.604684
7889.441525
7896.284644
7903.134046
7909.989736
7916.851722
7923.720008
7930.594601
7937.475506
7944.362729
7951.256275
7958.156152
7965.062364
7971.974918
7978.893819
7985.819073
7992.750687
7999.688665
8006.633014
8013.583740
8020.540848
8027.504345
8034.474236
8041.450528
8048.433226
8055.422336
8062.417864
8069.419817
8076.428199
8083.443017
8090.464277
8097.491985
8104.526146
8111.566768
8118.613855
8125.667413
8132.727450
8139.793970
8146.866979
8153.946484
8161.032491
8168.125006
8175.224034
8182.329582
8189.441655
8196.560261
8203.685404
8210.817091
8217.955328
8225.100120
8232.251475
8239.409398
8246.573895
8253.744972
8260.922635
8268.106890
8275.297745
8282.495203
8289.699272
8296.909958
8304.127267
8311.351205
8318.581778
8325.818992
8333.062854
8340.313369
8347.570544
8354.834385
8362.104897
8369.382088
8376.665963
8383.956529
8391.253791
8398.557757
8405.868431
8413.185820
8420.509931
8427.840770
8435.178343
8442.522655
8449.873715
8457.231526
8464.596097
8471.967432
8479.345539
8486.730424
8494.122092
8501.520550
8508.925805
8516.337863
8523.756729
8531.182411
8538.614914
8546.054245
8553.500410
8560.953416
8568.413268
8575.879974
8583.353539
8590.833969
8598.321272
8605.815454
8613.316520
8620.824477
8628.339332
8635.861091
8643.389760
8650.925346
8658.467855
8666.017293
8673.573668
8681.136984
8688.707250
8696.284470
8703.868652
8711.459802
8719.057926
8726.663032
8734.275124
8741.894211
8749.520297
8757.153390
8764.793497
8772.440623
8780.094775
8787.755960
8795.424184
8803.099454
8810.781776
8818.471156
8826.167602
8833.871119
8841.581714
8849.299395
8857.024166
8864.756036
8872.495010
8880.241095
8887.994297
8895.754624
8903.522081
8911.296676
8919.078414
8926.867303
8934.663349
8942.466559
8950.276939
8958.094496
8965.919237
8973.751168
8981.590296
8989.436627
8997.290169
9005.150927
9013.018909
9020.894121
9028.776569
9036.666262
9044.563204
9052.467404
9060.378867
9068.297600
9076.223611
9084.156905
9092.097490
9100.045372
9108.000558
9115.963055
9123.932869
9131.910007
9139.894477
9147.886284
9155.885436
9163.891939
9171.905800
9179.927026
9187.955624
9195.991600
9204.034962
9212.085716
9220.143869
9228.209427
9236.282399
9244.362790
9252.450607
9260.545857
9268.648548
9276.758686
9284.876277
9293.001329
9301.133849
9309.273843
9317.421319
9325.576283
9333.738743
9341.908704
9350.086175
9358.271161
9366.463671
9374.663711
9382.871287
9391.086407
9399.309078
9407.539307
9415.777101
9424.022466
9432.275411
9440.535941
9448.804063
9457.079786
9465.363115
9473.654058
9481.952622
9490.258814
9498.572640
9506.894109
9515.223227
9523.560001
9531.904438
9540.256545
9548.616329
9556.983798
9565.358959
9573.741818
9582.132383
9590.530661
9598.936658
9607.350383
9615.771842
9624.201043
9632.637992
9641.082696
9649.535164
9657.995401
9666.463416
9674.939215
9683.422806
9691.914195
9700.413390
9708.920399
9717.435228
9725.957884
9734.488376
9743.026709
9751.572892
9760.126931
9768.688834
9777.258609
9785.836261
9794.421799
9803.015231
9811.616562
9820.225801
9828.842954
9837.468030
9846.101035
9854.741977
9863.390863
9872.047700
9880.712496
9889.385258
9898.065994
9906.754711
9915.451415
9924.156115
9932.868819
9941.589532
9950.318263
9959.055020
9967.799808
9976.552637
9985.313514
9994.082445
10002.859438
10011.644501
10020.437641
10029.238866
10038.048183
10046.865599
10055.691123
10064.524761
10073.366521
10082.216410
10091.074437
10099.940608
10108.814931
10117.697413
10126.588063
10135.486888
10144.393894
10153.309090
10162.232484
10171.164083
10180.103894
10189.051925
10198.008183
10206.972677
10215.945414
10224.926401
10233.915646
10242.913157
10251.918942
10260.933007
10269.955361
10278.986011
10288.024965
10297.072230
10306.127815
10315.191727
10324.263973
10333.344562
10342.433500
10351.530797
10360.636459
10369.750494
10378.872910
10388.003714
10397.142915
10406.290520
10415.446537
10424.610974
10433.783838
10442.965138
10452.154880
10461.353073
10470.559725
10479.774843
10488.998435
10498.230510
10507.471074
10516.720136
10525.977704
10535.243785
10544.518387
10553.801519
10563.093187
10572.393400
10581.702167
10591.019493
10600.345389
10609.679861
10619.022917
10628.374566
10637.734815
10647.103672
10656.481145
10665.867243
10675.261972
10684.665342
10694.077360
10703.498033
10712.927371
10722.365381
10731.812070
10741.267448
10750.731522
10760.204299
10769.685789
10779.175999
10788.674937
10798.182612
10807.699031
10817.224202
10826.758133
10836.300834
10845.852310
10855.412572
10864.981626
10874.559482
10884.146146
10893.741628
10903.345935
10912.959076
10922.581058
10932.211890
10941.851580
10951.500137
10961.157567
10970.823881
10980.499085
10990.183188
10999.876198
11009.578123
11019.288973
11029.008754
11038.737475
11048.475145
11058.221771
11067.977362
11077.741926
11087.515472
11097.298007
11107.089541
11116.890081
11126.699635
11136.518213
11146.345821
11156.182470
11166.028166
11175.882919
11185.746737
11195.619627
11205.501599
11215.392661
11225.292821
11235.202088
11245.120470
11255.047975
11264.984612
11274.930389
11284.885315
11294.849398
11304.822647
11314.805070
11324.796675
11334.797472
11344.807468
11354.826672
11364.855092
11374.892738
11384.939617
11394.995738
11405.061109
11415.135740
11425.219638
11435.312813
11445.415272
11455.527025
11465.648080
11475.778445
11485.918129
11496.067141
11506.225489
11516.393182
11526.570229
11536.756638
11546.952418
11557.157577
11567.372124
11577.596068
11587.829418
11598.072182
11608.324368
11618.585986
11628.857045
11639.137552
11649.427517
11659.726948
11670.035855
11680.354245
11690.682129
11701.019513
11711.366408
11721.722821
11732.088763
11742.464240
11752.849264
11763.243841
11773.647981
11784.061693
11794.484986
11804.917868
11815.360349
11825.812436
11836.274140
11846.745468
11857.226431
11867.717036
11878.217292
11888.727209
11899.246796
11909.776061
11920.315013
11930.863661
11941.422014
11951.990082
11962.567873
11973.155395
11983.752659
11994.359673
12004.976445
12015.602986
12026.239304
12036.885407
12047.541306
12058.207009
12068.882525
12079.567864
12090.263034
12100.968044
12111.682903
12122.407621
12133.142207
12143.886669
12154.641018
12165.405261
12176.179408
12186.963469
12197.757452
12208.561367
12219.375222
12230.199027
12241.032791
12251.876524
12262.730234
12273.593931
12284.467623
12295.351321
12306.245033
12317.148769
12328.062537
12338.986348
12349.920210
12360.864132
12371.818125
12382.782196
12393.756357
12404.740615
12415.734980
12426.739462
12437.754069
12448.778812
12459.813699
12470.858740
12481.913944
12492.979321
12504.054880
12515.140630
12526.236581
12537.342743
12548.459123
12559.585733
12570.722582
12581.869678
12593.027032
12604.194653
12615.372550
12626.560733
12637.759211
12648.967994
12660.187091
12671.416513
12682.656267
12693.906365
12705.166815
12716.437627
12727.718810
12739.010375
12750.312330
12761.624686
12772.947452
12784.280637
12795.624251
12806.978304
12818.342805
12829.717764
12841.103192
12852.499096
12863.905487
12875.322375
12886.749770
12898.187680
12909.636116
12921.095088
12932.564605
12944.044676
12955.535313
12967.036524
12978.548318
12990.070707
13001.603700
13013.147306
13024.701535
13036.266398
13047.841903
13059.428061
13071.024882
13082.632375
13094.250550
13105.879417
13117.518986
13129.169267
13140.830270
13152.502004
13164.184480
13175.877707
13187.581696
13199.296456
13211.021997
13222.758329
13234.505462
13246.263407
13258.032172
13269.811768
13281.602206
13293.403494
13305.215644
13317.038664
13328.872566
13340.717359
13352.573052
13364.439658
13376.317184
13388.205642
13400.105041
13412.015392
13423.936704
13435.868989
13447.812255
13459.766513
13471.731773
13483.708046
13495.695341
13507.693669
13519.703039
13531.723463
13543.754950
13555.797510
13567.851154
13579.915892
13591.991734
13604.078690
13616.176771
13628.285986
13640.406347
13652.537863
13664.680545
13676.834403
13688.999447
13701.175688
13713.363136
13725.561801
13737.771694
13749.992825
13762.225204
13774.468842
13786.723749
13798.989936
13811.267413
13823.556190
13835.856277
13848.167686
13860.490427
13872.824510
13885.169945
13897.526744
13909.894916
13922.274472
13934.665423
13947.067778
13959.481549
13971.906747
13984.343381
13996.791462
14009.251001
14021.722008
14034.204494
14046.698470
14059.203946
14071.720932
14084.249440
14096.789480
14109.341062
14121.904198
14134.478897
14147.065172
14159.663031
14172.272486
14184.893548
14197.526227
14210.170535
14222.826481
14235.494076
14248.173332
14260.864259
14273.566868
14286.281169
14299.007174
14311.744893
14324.494336
14337.255516
14350.028442
14362.813125
14375.609577
14388.417808
14401.237829
14414.069651
14426.913285
14439.768741
14452.636031
14465.515165
14478.406155
14491.309011
14504.223745
14517.150366
14530.088887
14543.039318
14556.001670
14568.975955
14581.962182
14594.960364
14607.970511
14620.992635
14634.026745
14647.072854
14660.130973
14673.201112
14686.283282
14699.377496
14712.483763
14725.602095
14738.732503
14751.874998
14765.029592
14778.196295
14791.375119
14804.566075
14817.769174
14830.984427
14844.211845
14857.451441
14870.703224
14883.967206
14897.243399
14910.531813
14923.832461
14937.145352
14950.470500
14963.807914
14977.157606
14990.519588
15003.893870
15017.280465
15030.679383
15044.090636
15057.514235
15070.950192
15084.398518
15097.859225
15111.332323
15124.817825
15138.315741
15151.826084
15165.348864
15178.884094
15192.431784
15205.991946
15219.564592
15233.149733
15246.747381
15260.357546
15273.980242
15287.615479
15301.263269
15314.923623
15328.596553
15342.282071
15355.980188
15369.690916
15383.414267
15397.150251
15410.898882
15424.660170
15438.434127
15452.220765
15466.020095
15479.832130
15493.656880
15507.494359
15521.344576
15535.207545
15549.083277
15562.971784
15576.873077
15590.787168
15604.714069
15618.653792
15632.606349
15646.571752
15660.550012
15674.541141
15688.545151
15702.562055
15716.591863
15730.634588
15744.690242
15758.758836
15772.840383
15786.934895
15801.042383
15815.162859
15829.296336
15843.442826
15857.602340
15871.774890
15885.960489
15900.159148
15914.370880
15928.595696
15942.833609
15957.084631
15971.348774
15985.626049
15999.916470
16014.220048
16028.536795
16042.866724
16057.209846
16071.566174
16085.935721
16100.318497
16114.714515
16129.123789
16143.546329
16157.982148
16172.431258
16186.893672
16201.369402
16215.858460
16230.360858
16244.876609
16259.405725
16273.948218
16288.504101
16303.073386
16317.656085
16332.252211
16346.861777
16361.484793
16376.121274
16390.771231
16405.434677
16420.111624
16434.802085
16449.506072
16464.223597
16478.954674
16493.699314
16508.457531
16523.229336
16538.014742
16552.813762
16567.626408
16582.452693
16597.292630
16612.146230
16627.013507
16641.894473
16656.789141
16671.697524
16686.619634
16701.555483
16716.505085
16731.468452
16746.445597
16761.436533
16776.441272
16791.459826
16806.492210
16821.538435
16836.598514
16851.672461
16866.760287
16881.862005
16896.977630
16912.107172
16927.250646
16942.408063
16957.579437
16972.764781
16987.964108
17003.177430
17018.404760
17033.646112
17048.901498
17064.170931
17079.454424
17094.751990
17110.063642
17125.389394
17140.729257
17156.083245
17171.451372
17186.833649
17202.230091
17217.640710
17233.065520
17248.504532
17263.957762
17279.425221
17294.906922
17310.402880
17325.913106
17341.437615
17356.976419
17372.529532
17388.096966
17403.678735
17419.274852
17434.885331
17450.510185
17466.149426
17481.803068
17497.471125
17513.153610
17528.850535
17544.561915
17560.287763
17576.028092
17591.782915
17607.552246
17623.336098
17639.134484
17654.947419
17670.774914
17686.616985
17702.473643
17718.344904
17734.230779
17750.131283
17766.046430
17781.976231
17797.920702
17813.879856
17829.853705
17845.842265
17861.845548
17877.863567
17893.896337
17909.943871
17926.006183
17942.083286
17958.175194
17974.281921
17990.403480
18006.539885
18022.691149
18038.857287
18055.038312
18071.234238
18087.445078
18103.670846
18119.911557
18136.167223
18152.437859
18168.723479
18185.024095
18201.339723
18217.670375
18234.016067
18250.376811
18266.752621
18283.143512
18299.549497
18315.970591
18332.406806
18348.858158
18365.324660
18381.806326
18398.303169
18414.815205
18431.342447
18447.884909
18464.442605
18481.015549
18497.603756
18514.207238
18530.826011
18547.460089
18564.109485
18580.774213
18597.454289
18614.149725
18630.860537
18647.586738
18664.328342
18681.085364
18697.857819
18714.645719
18731.449080
18748.267915
18765.102239
18781.952067
18798.817412
18815.698289
18832.594712
18849.506695
18866.434253
18883.377401
18900.336152
18917.310521
18934.300522
18951.306171
18968.327480
18985.364465
19002.417140
19019.485520
19036.569618
19053.669451
19070.785031
19087.916374
19105.063494
19122.226406
19139.405123
19156.599662
19173.810036
19191.036260
19208.278349
19225.536316
19242.810178
19260.099948
19277.405642
19294.727273
19312.064857
19329.418408
19346.787941
19364.173471
19381.575012
19398.992580
19416.426189
19433.875853
19451.341588
19468.823409
19486.321329
19503.835365
19521.365531
19538.911842
19556.474313
19574.052958
19591.647792
19609.258832
19626.886090
19644.529583
19662.189326
19679.865332
19697.557619
19715.266199
19732.991089
19750.732303
19768.489857
19786.263765
19804.054042
19821.860705
19839.683767
19857.523244
19875.379152
19893.251504
19911.140317
19929.045605
19946.967385
19964.905670
19982.860476
20000.831819
20018.819713
20036.824174
20054.845218
20072.882859
20090.937113
20109.007994
20127.095520
20145.199704
20163.320562
20181.458110
20199.612362
20217.783335
20235.971044
20254.175503
20272.396730
20290.634738
20308.889544
20327.161163
20345.449611
20363.754902
20382.077054
20400.416080
20418.771997
20437.144820
20455.534565
20473.941247
20492.364883
20510.805487
20529.263076
20547.737664
20566.229268
20584.737904
20603.263587
20621.806332
20640.366156
20658.943074
20677.537102
20696.148256
20714.776552
20733.422005
20752.084631
20770.764446
20789.461467
20808.175707
20826.907185
20845.655915
20864.421913
20883.205196
20902.005779
20920.823679
20939.658910
20958.511490
20977.381434
20996.268758
21015.173479
21034.095611
21053.035172
21071.992178
21090.966644
21109.958586
21128.968021
21147.994965
21167.039434
21186.101444
21205.181011
21224.278152
21243.392882
21262.525218
21281.675177
21300.842773
21320.028025
21339.230947
21358.451557
21377.689870
21396.945903
21416.219672
21435.511193
21454.820484
21474.147559
21493.492437
21512.855132
21532.235662
21551.634043
21571.050292
21590.484424
21609.936457
21629.406406
21648.894289
21668.400122
21687.923921
21707.465704
21727.025486
21746.603284
21766.199115
21785.812996
21805.444943
21825.094972
21844.763101
21864.449346
21884.153724
21903.876251
21923.616945
21943.375822
21963.152898
21982.948191
22002.761718
22022.593494
22042.443538
22062.311865
22082.198493
22102.103439
22122.026719
22141.968351
22161.928350
22181.906735
22201.903523
22221.918729
22241.952371
22262.004467
22282.075033
22302.164086
22322.271643
22342.397721
22362.542338
22382.705510
22402.887254
22423.087588
22443.306530
22463.544095
22483.800301
22504.075165
22524.368705
22544.680938
22565.011881
22585.361550
22605.729965
22626.117141
22646.523096
22666.947848
22687.391413
22707.853809
22728.335054
22748.835164
22769.354158
22789.892052
22810.448865
22831.024612
22851.619313
22872.232984
22892.865643
22913.517307
22934.187994
22954.877722
22975.586508
22996.314369
23017.061323
23037.827388
23058.612582
23079.416921
23100.240424
23121.083109
23141.944992
23162.826092
23183.726427
23204.646014
23225.584871
23246.543015
23267.520465
23288.517238
23309.533352
23330.568825
23351.623675
23372.697919
23393.791576
23414.904664
23436.037199
23457.189201
23478.360687
23499.551675
23520.762183
23541.992230
23563.241832
23584.511009
23605.799778
23627.108157
23648.436165
23669.783819
23691.151137
23712.538139
23733.944841
23755.371262
23776.817420
23798.283334
23819.769021
23841.274500
23862.799789
23884.344906
23905.909870
23927.494699
23949.099411
23970.724025
23992.368558
24014.033030
24035.717459
24057.421862
24079.146259
24100.890668
24122.655107
24144.439595
24166.244150
24188.068791
24209.913536
24231.778404
24253.663414
24275.568583
24297.493931
24319.439476
24341.405237
24363.391232
24385.397481
24407.424001
24429.470811
24451.537931
24473.625378
24495.733172
24517.861331
24540.009875
24562.178821
24584.368189
24606.577998
24628.808266
24651.059012
24673.330255
24695.622015
24717.934309
24740.267157
24762.620578
24784.994591
24807.389214
24829.804468
24852.240370
24874.696940
24897.174196
24919.672159
24942.190847
24964.730278
24987.290474
25009.871451
25032.473230
25055.095830
25077.739270
25100.403568
25123.088746
25145.794821
25168.521812
25191.269740
25214.038624
25236.828482
25259.639334
25282.471200
25305.324098
25328.198049
25351.093072
25374.009185
25396.946409
25419.904763
25442.884267
25465.884939
25488.906800
25511.949869
25535.014165
25558.099709
25581.206519
25604.334616
25627.484018
25650.654746
25673.846820
25697.060258
25720.295081
25743.551308
25766.828959
25790.128054
25813.448613
25836.790655
25860.154200
25883.539268
25906.945879
25930.374053
25953.823809
25977.295168
26000.788149
26024.302772
26047.839058
26071.397025
26094.976695
26118.578088
26142.201222
26165.846119
26189.512798
26213.201280
26236.911584
26260.643731
26284.397740
26308.173633
26331.971428
26355.791147
26379.632810
26403.496436
26427.382046
26451.289660
26475.219299
26499.170983
26523.144732
26547.140566
26571.158507
26595.198573
26619.260786
26643.345167
26667.451734
26691.580510
26715.731514
26739.904767
26764.100290
26788.318102
26812.558225
26836.820679
26861.105484
26885.412662
26909.742233
26934.094217
26958.468635
26982.865509
27007.284857
27031.726703
27056.191065
27080.677965
27105.187423
27129.719461
27154.274099
27178.851358
27203.451258
27228.073822
27252.719069
27277.387020
27302.077697
27326.791121
27351.527312
27376.286291
27401.068079
27425.872698
27450.700169
27475.550512
27500.423748
27525.319899
27550.238986
27575.181030
27600.146052
27625.134073
27650.145115
27675.179198
27700.236345
27725.316575
27750.419912
27775.546375
27800.695986
27825.868766
27851.064738
27876.283921
27901.526338
27926.792010
27952.080959
27977.393205
28002.728771
28028.087678
28053.469947
28078.875600
28104.304659
28129.757144
28155.233078
28180.732483
28206.255379
28231.801789
28257.371734
28282.965236
28308.582317
28334.222998
28359.887301
28385.575249
28411.286861
28437.022162
28462.781172
28488.563912
28514.370406
28540.200675
28566.054741
28591.932626
28617.834351
28643.759940
28669.709413
28695.682793
28721.680101
28747.701361
28773.746593
28799.815821
28825.909065
28852.026349
28878.167695
28904.333124
28930.522659
28956.736322
28982.974135
29009.236121
29035.522301
29061.832699
29088.167337
29114.526236
29140.909419
29167.316909
29193.748728
29220.204898
29246.685443
29273.190383
29299.719742
29326.273543
29352.851807
29379.454558
29406.081818
29432.733609
29459.409955
29486.110877
29512.836399
29539.586543
29566.361332
29593.160788
29619.984935
29646.833795
29673.707390
29700.605744
29727.528880
29754.476820
29781.449587
29808.447204
29835.469694
29862.517080
29889.589385
29916.686632
29943.808843
29970.956042
29998.128252
30025.325496
30052.547797
30079.795178
30107.067662
30134.365272
30161.688032
30189.035965
30216.409093
30243.807441
30271.231031
30298.679886
30326.154031
30353.653487
30381.178279
30408.728431
30436.303964
30463.904903
30491.531271
30519.183091
30546.860388
30574.563184
30602.291503
30630.045369
30657.824804
30685.629833
30713.460480
30741.316767
30769.198719
30797.106358
30825.039710
30852.998797
30880.983643
30908.994272
30937.030708
30965.092975
30993.181096
31021.295095
31049.434996
31077.600823
31105.792599
31134.010350
31162.254097
31190.523867
31218.819682
31247.141567
31275.489546
31303.863642
31332.263879
31360.690283
31389.142877
31417.621685
31446.126731
31474.658039
31503.215635
31531.799541
31560.409782
31589.046383
31617.709367
31646.398760
31675.114585
31703.856866
31732.625629
31761.420897
31790.242695
31819.091048
31847.965980
31876.867515
31905.795678
31934.750493
31963.731986
31992.740180
32021.775100
32050.836772
32079.925218
32109.040465
32138.182537
32167.351459
32196.547255
32225.769950
32255.019569
32284.296137
32313.599679
32342.930218
32372.287782
32401.672394
32431.084078
32460.522861
32489.988768
32519.481822
32549.002049
32578.549475
32608.124124
32637.726021
32667.355192
32697.011662
32726.695455
32756.406597
32786.145114
32815.911029
32845.704370
32875.525160
32905.373426
32935.249193
32965.152485
32995.083328
33025.041749
33055.027771
33085.041421
33115.082724
33145.151705
33175.248391
33205.372806
33235.524976
33265.704927
33295.912684
33326.148273
33356.411720
33386.703050
33417.022289
33447.369463
33477.744597
33508.147717
33538.578850
33569.038020
33599.525254
33630.040577
33660.584016
33691.155596
33721.755344
33752.383285
33783.039445
33813.723850
33844.436527
33875.177500
33905.946798
33936.744445
33967.570467
33998.424892
34029.307744
34060.219050
34091.158837
34122.127131
34153.123958
34184.149344
34215.203315
34246.285898
34277.397120
34308.537006
34339.705584
34370.902879
34402.128918
34433.383728
34464.667334
34495.979765
34527.321045
34558.691202
34590.090263
34621.518253
34652.975201
34684.461131
34715.976072
34747.520049
34779.093090
34810.695222
34842.326470
34873.986863
34905.676427
34937.395188
34969.143174
35000.920411
35032.726928
35064.562749
35096.427904
35128.322418
35160.246318
35192.199633
35224.182388
35256.194611
35288.236330
35320.307570
35352.408361
35384.538728
35416.698699
35448.888302
35481.107563
35513.356510
35545.635171
35577.943573
35610.281742
35642.649707
35675.047496
35707.475134
35739.932651
35772.420074
35804.937429
35837.484746
35870.062051
35902.669372
35935.306736
35967.974172
36000.671707
36033.399369
36066.157185
36098.945184
36131.763393
36164.611840
36197.490553
36230.399560
36263.338889
36296.308567
36329.308623
36362.339085
36395.399980
36428.491338
36461.613185
36494.765549
36527.948460
36561.161946
36594.406033
36627.680751
36660.986129
36694.322193
36727.688972
36761.086495
36794.514791
36827.973886
36861.463811
36894.984592
36928.536259
36962.118841
36995.732365
37029.376860
37063.052354
37096.758877
37130.496457
37164.265122
37198.064902
37231.895824
37265.757917
37299.651211
37333.575734
37367.531514
37401.518582
37435.536964
37469.586691
37503.667791
37537.780293
37571.924226
37606.099619
37640.306501
37674.544901
37708.814849
37743.116372
37777.449501
37811.814263
37846.210690
37880.638809
37915.098650
37949.590243
37984.113615
38018.668798
38053.255819
38087.874709
38122.525497
38157.208211
38191.922883
38226.669540
38261.448213
38296.258931
38331.101724
38365.976621
38400.883651
38435.822845
38470.794231
38505.797841
38540.833703
38575.901847
38611.002302
38646.135099
38681.300268
38716.497838
38751.727839
38786.990302
38822.285255
38857.612729
38892.972753
38928.365359
38963.790576
38999.248433
39034.738962
39070.262192
39105.818153
39141.406875
39177.028389
39212.682725
39248.369913
39284.089984
39319.842967
39355.628893
39391.447793
39427.299697
39463.184634
39499.102637
39535.053734
39571.037957
39607.055337
39643.105903
39679.189686
39715.306718
39751.457028
39787.640647
39823.857606
39860.107936
39896.391667
39932.708831
39969.059457
40005.443578
40041.861223
40078.312424
40114.797211
40151.315617
40187.867670
40224.453403
40261.072847
40297.726032
40334.412990
40371.133752
40407.888349
40444.676812
40481.499173
40518.355462
40555.245712
40592.169952
40629.128215
40666.120532
40703.146935
40740.207454
40777.302121
40814.430968
40851.594026
40888.791327
40926.022902
40963.288783
41000.589001
41037.923589
41075.292577
41112.695998
41150.133883
41187.606264
41225.113173
41262.654641
41300.230701
41337.841384
41375.486722
41413.166748
41450.881493
41488.630989
41526.415268
41564.234362
41602.088304
41639.977125
41677.900858
41715.859535
41753.853187
41791.881848
41829.945550
41868.044324
41906.178203
41944.347220
41982.551406
42020.790795
42059.065419
42097.375310
42135.720500
42174.101023
42212.516910
42250.968195
42289.454910
42327.977088
42366.534761
42405.127962
42443.756724
42482.421079
42521.121061
42559.856702
42598.628035
42637.435093
42676.277909
42715.156516
42754.070947
42793.021235
42832.007413
42871.029513
42910.087570
42949.181616
42988.311685
43027.477809
43066.680022
43105.918357
43145.192847
43184.503527
43223.850428
43263.233585
43302.653030
43342.108799
43381.600922
43421.129436
43460.694372
43500.295764
43539.933647
43579.608053
43619.319016
43659.066571
43698.850750
43738.671588
43778.529118
43818.423374
43858.354391
43898.322200
43938.326838
43978.368338
44018.446733
44058.562057
44098.714346
44138.903632
44179.129950
44219.393334
44259.693819
44300.031437
44340.406225
44380.818215
44421.267442
44461.753941
44502.277745
44542.838890
44583.437409
44624.073337
44664.746709
44705.457559
44746.205921
44786.991831
44827.815322
44868.676430
44909.575189
44950.511633
44991.485798
45032.497719
45073.547429
45114.634964
45155.760359
45196.923649
45238.124868
45279.364052
45320.641235
45361.956453
45403.309741
45444.701133
45486.130665
45527.598372
45569.104289
45610.648451
45652.230894
45693.851653
45735.510763
45777.208259
45818.944178
45860.718554
45902.531423
45944.382819
45986.272780
46028.201340
46070.168535
46112.174400
46154.218972
46196.302285
46238.424376
46280.585280
46322.785033
46365.023671
46407.301230
46449.617745
46491.973253
46534.367789
46576.801389
46619.274090
46661.785927
46704.336936
46746.927155
46789.556617
46832.225361
46874.933422
46917.680836
46960.467640
47003.293869
47046.159561
47089.064751
47132.009477
47174.993774
47218.017678
47261.081228
47304.184458
47347.327405
47390.510107
47433.732599
47476.994919
47520.297104
47563.639188
47607.021211
47650.443208
47693.905217
47737.407273
47780.949415
47824.531679
47868.154101
47911.816720
47955.519572
47999.262694
48043.046123
48086.869897
48130.734052
48174.638627
48218.583657
48262.569180
48306.595235
48350.661857
48394.769085
48438.916955
48483.105506
48527.334775
48571.604799
48615.915616
48660.267263
48704.659779
48749.093200
48793.567565
48838.082911
48882.639276
48927.236697
48971.875214
49016.554863
49061.275682
49106.037710
49150.840984
49195.685542
49240.571423
49285.498664
49330.467304
49375.477381
49420.528932
49465.621997
49510.756613
49555.932819
49601.150653
49646.410154
49691.711359
49737.054308
49782.439038
49827.865588
49873.333998
49918.844304
49964.396547
50009.990764
50055.626995
50101.305278
50147.025651
50192.788154
50238.592826
50284.439704
50330.328829
50376.260239
50422.233973
50468.250071
50514.308570
50560.409511
50606.552932
50652.738872
50698.967371
50745.238468
50791.552202
50837.908613
50884.307739
50930.749620
50977.234296
51023.761807
51070.332190
51116.945487
51163.601736
51210.300977
51257.043250
51303.828594
51350.657049
51397.528656
51444.443453
51491.401480
51538.402777
51585.447385
51632.535343
51679.666690
51726.841468
51774.059716
51821.321474
51868.626782
51915.975680
51963.368209
52010.804408
52058.284319
52105.807980
52153.375433
52200.986719
52248.641876
52296.340946
52344.083970
52391.870987
52439.702038
52487.577165
52535.496406
52583.459804
52631.467399
52679.519231
52727.615342
52775.755772
52823.940561
52872.169752
52920.443385
52968.761500
53017.124139
53065.531342
53113.983152
53162.479609
53211.020753
53259.606627
53308.237272
53356.912728
53405.633037
53454.398241
53503.208381
53552.063498
53600.963633
53649.908829
53698.899126
53747.934567
53797.015192
53846.141044
53895.312164
53944.528594
53993.790376
54043.097551
54092.450161
54141.848249
54191.291855
54240.781023
54290.315794
54339.896209
54389.522312
54439.194144
54488.911748
54538.675165
54588.484438
54638.339609
54688.240720
54738.187814
54788.180933
54838.220119
54888.305415
54938.436864
54988.614508
55038.838389
55089.108550
55139.425035
55189.787884
55240.197142
55290.652851
55341.155054
55391.703793
55442.299112
55492.941054
55543.629661
55594.364976
55645.147043
55695.975904
55746.851603
55797.774183
55848.743688
55899.760159
55950.823641
56001.934177
56053.091810
56104.296584
56155.548542
56206.847728
56258.194185
56309.587957
56361.029087
56412.517619
56464.053597
56515.637064
56567.268065
56618.946642
56670.672840
56722.446703
56774.268274
56826.137599
56878.054719
56930.019681
56982.032527
57034.093302
57086.202050
57138.358816
57190.563643
57242.816575
57295.117658
57347.466936
57399.864452
57452.310252
57504.804380
57557.346880
57609.937798
57662.577176
57715.265062
57768.001498
57820.786530
57873.620203
57926.502561
57979.433649
58032.413512
58085.442196
58138.519744
58191.646203
58244.821617
58298.046032
58351.319491
58404.642042
58458.013728
58511.434596
58564.904690
58618.424057
58671.992740
58725.610786
58779.278241
58832.995149
58886.761557
58940.577510
58994.443053
59048.358233
59102.323095
59156.337685
59210.402048
59264.516231
59318.680280
59372.894240
59427.158158
59481.472079
59535.836050
59590.250116
59644.714324
59699.228721
59753.793352
59808.408263
59863.073502
59917.789114
59972.555145
60027.371643
60082.238654
60137.156224
60192.124400
60247.143229
60302.212756
60357.333030
60412.504097
60467.726003
60522.998795
60578.322521
60633.697227
60689.122960
60744.599768
60800.127697
60855.706794
60911.337107
60967.018683
61022.751568
61078.535812
61134.371459
61190.258559
61246.197158
61302.187305
61358.229045
61414.322428
61470.467500
61526.664309
61582.912904
61639.213330
61695.565638
61751.969873
61808.426085
61864.934320
61921.494627
61978.107055
62034.771650
62091.488461
62148.257536
62205.078924
62261.952672
62318.878829
62375.857443
62432.888562
62489.972235
62547.108511
62604.297437
62661.539062
62718.833435
62776.180605
62833.580619
62891.033528
62948.539378
63006.098221
63063.710103
63121.375074
63179.093184
63236.864480
63294.689012
63352.566829
63410.497981
63468.482515
63526.520482
63584.611931
63642.756911
63700.955471
63759.207661
63817.513530
63875.873127
63934.286503
63992.753706
64051.274787
64109.849795
64168.478779
64227.161790
64285.898877
64344.690089
64403.535478
64462.435093
64521.388983
64580.397200
64639.459792
64698.576810
64757.748304
64816.974325
64876.254922
64935.590147
64994.980048
65054.424677
65113.924085
65173.478321
65233.087436
65292.751480
65352.470505
65412.244561
65472.073699
65531.957969
65591.897422
65651.892110
65711.942082
65772.047391
65832.208086
65892.424220
65952.695843
66013.023006
66073.405760
66133.844157
66194.338248
66254.888084
66315.493717
66376.155198
66436.872579
66497.645910
66558.475244
66619.360633
66680.302127
66741.299779
66802.353641
66863.463763
66924.630199
66985.852999
67047.132216
67108.467903
67169.860110
67231.308890
67292.814295
67354.376377
67415.995189
67477.670783
67539.403211
67601.192526
67663.038779
67724.942024
67786.902313
67848.919698
67910.994233
67973.125969
68035.314960
68097.561258
68159.864917
68222.225988
68284.644525
68347.120581
68409.654209
68472.245462
68534.894393
68597.601055
68660.365501
68723.187785
68786.067960
68849.006079
68912.002196
68975.056364
69038.168637
69101.339068
69164.567711
69227.854619
69291.199846
69354.603446
69418.065473
69481.585980
69545.165022
69608.802652
69672.498925
69736.253894
69800.067613
69863.940137
69927.871520
69991.861816
70055.911080
70120.019365
70184.186726
70248.413218
70312.698895
70377.043811
70441.448022
70505.911581
70570.434544
70635.016965
70699.658900
70764.360402
70829.121527
70893.942330
70958.822865
71023.763189
71088.763355
71153.823419
71218.943437
71284.123463
71349.363553
71414.663763
71480.024146
71545.444760
71610.925659
71676.466900
71742.068537
71807.730627
71873.453224
71939.236386
72005.080167
72070.984624
72136.949812
72202.975788
72269.062607
72335.210325
72401.418999
72467.688685
72534.019439
72600.411318
72666.864377
72733.378673
72799.954263
72866.591202
72933.289548
73000.049357
73066.870686
73133.753592
73200.698130
73267.704359
73334.772334
73401.902113
73469.093753
73536.347310
73603.662842
73671.040407
73738.480060
73805.981859
73873.545862
73941.172126
74008.860708
74076.611666
74144.425057
74212.300939
74280.239369
74348.240405
74416.304105
74484.430526
74552.619726
74620.871763
74689.186696
74757.564581
74826.005477
74894.509442
74963.076534
75031.706812
75100.400333
75169.157156
75237.977339
75306.860941
75375.808019
75444.818634
75513.892842
75583.030703
75652.232275
75721.497617
75790.826789
75860.219847
75929.676853
75999.197863
76068.782939
76138.432137
76208.145518
76277.923141
76347.765065
76417.671349
76487.642053
76557.677235
76627.776956
76697.941274
76768.170250
76838.463943
76908.822412
76979.245718
77049.733919
77120.287076
77190.905249
77261.588497
77332.336881
77403.150461
77474.029296
77544.973447
77615.982974
77687.057937
77758.198397
77829.404414
77900.676047
77972.013359
78043.416409
78114.885258
78186.419967
78258.020595
78329.687205
78401.419857
78473.218611
78545.083528
78617.014671
78689.012099
78761.075873
78833.206055
78905.402707
78977.665888
79049.995662
79122.392088
79194.855228
79267.385145
79339.981899
79412.645551
79485.376165
79558.173801
79631.038521
79703.970387
79776.969460
79850.035804
79923.169479
79996.370548
80069.639073
80142.975117
80216.378740
80289.850006
80363.388977
80436.995715
80510.670284
80584.412744
80658.223159
80732.101592
80806.048105
80880.062761
80954.145622
81028.296753
81102.516214
81176.804070
81251.160384
81325.585218
81400.078636
81474.640701
81549.271476
81623.971025
81698.739410
81773.576696
81848.482946
81923.458223
81998.502591
82073.616113
82148.798855
82224.050878
82299.372247
82374.763027
82450.223280
82525.753071
82601.352465
82677.021524
82752.760314
82828.568899
82904.447342
82980.395709
83056.414064
83132.502471
83208.660994
83284.889700
83361.188651
83437.557913
83513.997551
83590.507630
83667.088214
83743.739368
83820.461158
83897.253649
83974.116905
84051.050992
84128.055975
84205.131920
84282.278892
84359.496956
84436.786178
84514.146624
84591.578359
84669.081449
84746.655959
84824.301955
84902.019504
84979.808672
85057.669523
85135.602125
85213.606543
85291.682844
85369.831093
85448.051358
85526.343704
85604.708199
85683.144907
85761.653897
85840.235234
85918.888986
85997.615219
86076.413999
86155.285394
86234.229471
86313.246297
86392.335938
86471.498461
86550.733935
86630.042426
86709.424001
86788.878728
86868.406674
86948.007907
87027.682494
87107.430502
87187.252001
87267.147056
87347.115737
87427.158110
87507.274244
87587.464207
87667.728066
87748.065890
87828.477748
87908.963707
87989.523835
88070.158201
88150.866873
88231.649921
88312.507411
88393.439414
88474.445997
88555.527229
88636.683180
88717.913918
88799.219511
88880.600030
88962.055542
89043.586118
89125.191825
89206.872735
89288.628915
89370.460435
89452.367365
89534.349773
89616.407731
89698.541307
89780.750570
89863.035592
89945.396441
90027.833187
90110.345901
90192.934652
90275.599511
90358.340547
90441.157830
90524.051432
90607.021423
90690.067872
90773.190850
90856.390428
90939.666677
91023.019666
91106.449467
91189.956151
91273.539788
91357.200450
91440.938206
91524.753129
91608.645290
91692.614759
91776.661608
91860.785908
91944.987731
92029.267148
92113.624230
92198.059049
92282.571678
92367.162186
92451.830647
92536.577132
92621.401712
92706.304461
92791.285450
92876.344750
92961.482435
93046.698577
93131.993247
93217.366518
93302.818463
93388.349154
93473.958664
93559.647065
93645.414430
93731.260832
93817.186343
93903.191037
93989.274986
94075.438264
94161.680944
94248.003098
94334.404801
94420.886124
94507.447143
94594.087930
94680.808558
94767.609102
94854.489634
94941.450230
95028.490961
95115.611903
95202.813129
95290.094714
95377.456730
95464.899253
95552.422357
95640.026115
95727.710602
95815.475893
95903.322062
95991.249184
96079.257333
96167.346583
96255.517010
96343.768689
96432.101693
96520.516099
96609.011982
96697.589415
96786.248475
96874.989237
96963.811775
97052.716166
97141.702485
97230.770807
97319.921208
97409.153763
97498.468548
97587.865640
97677.345113
97766.907044
97856.551509
97946.278584
98036.088345
98125.980867
98215.956228
98306.014504
98396.155772
98486.380106
98576.687585
98667.078285
98757.552282
98848.109654
98938.750477
99029.474827
99120.282783
99211.174421
99302.149818
99393.209051
99484.352198
99575.579336
99666.890542
99758.285894
99849.765470
99941.329346
100032.977601
100124.710313
100216.527559
100308.429417
100400.415965
100492.487281
