745.673471
746.058840
746.444443
746.830280
747.216349
747.602653
747.989190
748.375960
748.762966
749.150205
749.537679
749.925387
750.313331
750.701509
751.089923
751.478572
751.867457
752.256577
752.645933
753.035526
753.425355
753.815420
754.205722
754.596260
754.987036
755.378049
755.769300
756.160788
756.552513
756.944477
757.336679
757.729119
758.121798
758.514715
758.907871
759.301267
759.694901
760.088775
760.482889
760.877242
761.271835
761.666669
762.061743
762.457057
762.852612
763.248408
763.644446
764.040724
764.437244
764.834005
765.231009
765.628254
766.025742
766.423472
766.821445
767.219660
767.618119
768.016820
768.415765
768.814954
769.214386
769.614062
770.013982
770.414147
770.814556
771.215210
771.616108
772.017252
772.418641
772.820275
773.222155
773.624281
774.026653
774.429271
774.832135
775.235246
775.638604
776.042209
776.446061
776.850160
777.254507
777.659102
778.063944
778.469035
778.874374
779.279961
779.685798
780.091883
780.498217
780.904800
781.311634
781.718716
782.126049
782.533632
782.941464
783.349548
783.757882
784.166467
784.575303
784.984390
785.393729
785.803319
786.213161
786.623256
787.033602
787.444201
787.855052
788.266157
788.677514
789.089125
789.500989
789.913107
790.325478
790.738104
791.150983
791.564117
791.977506
792.391150
792.805048
793.219202
793.633612
794.048276
794.463197
794.878374
795.293807
795.709496
796.125442
796.541645
796.958105
797.374822
797.791796
798.209029
798.626519
799.044267
799.462273
799.880538
800.299061
800.717843
801.136885
801.556185
801.975745
802.395565
802.815645
803.235984
803.656584
804.077445
804.498566
804.919948
805.341591
805.763496
806.185662
806.608090
807.030779
807.453731
807.876945
808.300422
808.724162
809.148164
809.572430
809.996959
810.421752
810.846808
811.272129
811.697713
812.123563
812.549676
812.976055
813.402699
813.829608
814.256782
814.684222
815.111928
815.539901
815.968139
816.396644
816.825416
817.254455
817.683761
818.113334
818.543175
818.973284
819.403660
819.834305
820.265219
820.696401
821.127852
821.559572
821.991561
822.423820
822.856349
823.289147
823.722216
824.155555
824.589165
825.023045
825.457197
825.891619
826.326313
826.761279
827.196517
827.632027
828.067809
828.503864
828.940191
829.376791
829.813665
830.250812
830.688233
831.125927
831.563896
832.002138
832.440656
832.879448
833.318515
833.757857
834.197474
834.637367
835.077536
835.517981
835.958702
836.399700
836.840974
837.282525
837.724354
838.166459
838.608843
839.051504
839.494443
839.937660
840.381156
840.824931
841.268984
841.713317
842.157929
842.602821
843.047992
843.493444
843.939175
844.385188
844.831481
845.278054
845.724909
846.172046
846.619464
847.067164
847.515146
847.963410
848.411957
848.860786
849.309899
849.759295
850.208974
850.658936
851.109183
851.559714
852.010529
852.461629
852.913013
853.364683
853.816638
854.268878
854.721404
855.174216
855.627314
856.080699
856.534370
856.988328
857.442573
857.897105
858.351926
858.807033
859.262429
859.718113
860.174086
860.630347
861.086898
861.543737
862.000866
862.458285
862.915993
863.373992
863.832281
864.290861
864.749731
865.208893
865.668345
866.128090
866.588126
867.048454
867.509074
867.969987
868.431193
868.892691
869.354483
869.816568
870.278947
870.741620
871.204587
871.667848
872.131404
872.595255
873.059401
873.523842
873.988579
874.453611
874.918940
875.384565
875.850486
876.316705
876.783220
877.250032
877.717143
878.184550
878.652256
879.120260
879.588563
880.057164
880.526064
880.995263
881.464762
881.934561
882.404659
882.875058
883.345757
883.816756
884.288057
884.759659
885.231562
885.703767
886.176273
886.649082
887.122193
887.595607
888.069324
888.543344
889.017667
889.492294
889.967224
890.442459
890.917998
891.393842
891.869990
892.346444
892.823203
893.300268
893.777638
894.255315
894.733298
895.211588
895.690184
896.169087
896.648298
897.127817
897.607643
898.087778
898.568220
899.048972
899.530032
900.011402
900.493080
900.975069
901.457367
901.939975
902.422894
902.906124
903.389664
903.873516
904.357678
904.842153
905.326939
905.812038
906.297449
906.783173
907.269210
907.755560
908.242223
908.729200
909.216491
909.704096
910.192016
910.680251
911.168800
911.657665
912.146845
912.636341
913.126153
913.616282
914.106727
914.597488
915.088567
915.579963
916.071677
916.563709
917.056059
917.548727
918.041714
918.535019
919.028644
919.522589
920.016853
920.511437
921.006341
921.501566
921.997111
922.492978
922.989166
923.485675
923.982506
924.479659
924.977135
925.474933
925.973054
926.471498
926.970266
927.469357
927.968773
928.468512
928.968576
929.468965
929.969678
930.470717
930.972082
931.473772
931.975789
932.478132
932.980801
933.483798
933.987121
934.490772
934.994751
935.499058
936.003692
936.508656
937.013948
937.519570
938.025520
938.531801
939.038411
939.545351
940.052622
940.560224
941.068157
941.576420
942.085016
942.593943
943.103202
943.612794
944.122718
944.632975
945.143566
945.654490
946.165747
946.677339
947.189265
947.701525
948.214121
948.727051
949.240317
949.753919
950.267857
950.782131
951.296741
951.811688
952.326973
952.842594
953.358554
953.874851
954.391486
954.908460
955.425773
955.943425
956.461416
956.979747
957.498418
958.017429
958.536780
959.056473
959.576506
960.096880
960.617597
961.138655
961.660055
962.181798
962.703883
963.226312
963.749084
964.272199
964.795659
965.319462
965.843610
966.368103
966.892941
967.418124
967.943653
968.469528
968.995749
969.522317
970.049231
970.576493
971.104101
971.632058
972.160362
972.689015
973.218016
973.747366
974.277065
974.807114
975.337512
975.868260
976.399359
976.930808
977.462608
977.994759
978.527262
979.060117
979.593323
980.126882
980.660793
981.195058
981.729676
982.264647
982.799972
983.335651
983.871685
984.408073
984.944817
985.481915
986.019370
986.557180
987.095346
987.633869
988.172749
988.711986
989.251581
989.791533
990.331843
990.872511
991.413539
991.954925
992.496670
993.038775
993.581239
994.124064
994.667249
995.210795
995.754702
996.298970
996.843601
997.388592
997.933947
998.479664
999.025743
999.572186
1000.118993
1000.666163
1001.213697
1001.761596
1002.309859
1002.858488
1003.407482
1003.956841
1004.506566
1005.056658
1005.607116
1006.157941
1006.709134
1007.260694
1007.812621
1008.364917
1008.917581
1009.470614
1010.024016
1010.577788
1011.131929
1011.686440
1012.241321
1012.796573
1013.352196
1013.908191
1014.464556
1015.021294
1015.578404
1016.135886
1016.693742
1017.251970
1017.810572
1018.369547
1018.928897
1019.488621
1020.048720
1020.609194
1021.170043
1021.731268
1022.292869
1022.854846
1023.417200
1023.979931
1024.543039
1025.106525
1025.670389
1026.234631
1026.799251
1027.364251
1027.929629
1028.495387
1029.061525
1029.628043
1030.194942
1030.762222
1031.329882
1031.897924
1032.466348
1033.035154
1033.604343
1034.173914
1034.743868
1035.314206
1035.884928
1036.456033
1037.027523
1037.599398
1038.171658
1038.744303
1039.317334
1039.890751
1040.464554
1041.038744
1041.613321
1042.188286
1042.763638
1043.339378
1043.915506
1044.492023
1045.068930
1045.646225
1046.223911
1046.801986
1047.380451
1047.959308
1048.538555
1049.118194
1049.698224
1050.278646
1050.859461
1051.440669
1052.022269
1052.604263
1053.186650
1053.769432
1054.352608
1054.936178
1055.520144
1056.104505
1056.689262
1057.274415
1057.859964
1058.445910
1059.032253
1059.618994
1060.206132
1060.793668
1061.381603
1061.969937
1062.558670
1063.147802
1063.737334
1064.327266
1064.917599
1065.508332
1066.099467
1066.691003
1067.282941
1067.875281
1068.468024
1069.061170
1069.654719
1070.248672
1070.843028
1071.437789
1072.032955
1072.628525
1073.224501
1073.820883
1074.417670
1075.014864
1075.612465
1076.210473
1076.808888
1077.407711
1078.006942
1078.606582
1079.206630
1079.807088
1080.407955
1081.009232
1081.610919
1082.213017
1082.815526
1083.418446
1084.021778
1084.625522
1085.229678
1085.834247
1086.439229
1087.044624
1087.650434
1088.256657
1088.863295
1089.470348
1090.077816
1090.685699
1091.293999
1091.902715
1092.511847
1093.121397
1093.731364
1094.341748
1094.952551
1095.563772
1096.175412
1096.787471
1097.399950
1098.012848
1098.626167
1099.239907
1099.854067
1100.468649
1101.083653
1101.699079
1102.314927
1102.931198
1103.547892
1104.165009
1104.782551
1105.400517
1106.018907
1106.637723
1107.256964
1107.876631
1108.496723
1109.117243
1109.738189
1110.359562
1110.981363
1111.603592
1112.226250
1112.849336
1113.472851
1114.096795
1114.721170
1115.345974
1115.971210
1116.596876
1117.222973
1117.849502
1118.476464
1119.103857
1119.731684
1120.359943
1120.988637
1121.617764
1122.247325
1122.877322
1123.507753
1124.138620
1124.769922
1125.401661
1126.033837
1126.666449
1127.299499
1127.932986
1128.566912
1129.201276
1129.836079
1130.471321
1131.107003
1131.743125
1132.379687
1133.016690
1133.654134
1134.292020
1134.930348
1135.569118
1136.208331
1136.847987
1137.488086
1138.128629
1138.769617
1139.411049
1140.052926
1140.695249
1141.338017
1141.981232
1142.624893
1143.269001
1143.913557
1144.558560
1145.204011
1145.849911
1146.496260
1147.143058
1147.790306
1148.438004
1149.086152
1149.734752
1150.383802
1151.033305
1151.683259
1152.333666
1152.984526
1153.635839
1154.287605
1154.939826
1155.592501
1156.245631
1156.899216
1157.553257
1158.207754
1158.862707
1159.518117
1160.173985
1160.830310
1161.487093
1162.144334
1162.802034
1163.460194
1164.118813
1164.777892
1165.437432
1166.097433
1166.757894
1167.418818
1168.080203
1168.742051
1169.404362
1170.067136
1170.730374
1171.394076
1172.058242
1172.722873
1173.387970
1174.053532
1174.719560
1175.386055
1176.053017
1176.720446
1177.388343
1178.056708
1178.725542
1179.394845
1180.064617
1180.734859
1181.405571
1182.076754
1182.748408
1183.420533
1184.093130
1184.766200
1185.439742
1186.113758
1186.788246
1187.463209
1188.138647
1188.814559
1189.490946
1190.167809
1190.845148
1191.522963
1192.201256
1192.880025
1193.559273
1194.238998
1194.919202
1195.599885
1196.281048
1196.962690
1197.644812
1198.327416
1199.010500
1199.694066
1200.378114
1201.062644
1201.747657
1202.433153
1203.119133
1203.805597
1204.492545
1205.179979
1205.867897
1206.556302
1207.245193
1207.934570
1208.624434
1209.314786
1210.005626
1210.696954
1211.388771
1212.081078
1212.773874
1213.467160
1214.160936
1214.855203
1215.549962
1216.245213
1216.940956
1217.637192
1218.333920
1219.031143
1219.728859
1220.427070
1221.125775
1221.824976
1222.524673
1223.224866
1223.925555
1224.626742
1225.328426
1226.030608
1226.733288
1227.436468
1228.140146
1228.844324
1229.549003
1230.254181
1230.959861
1231.666043
1232.372726
1233.079912
1233.787601
1234.495792
1235.204488
1235.913688
1236.623392
1237.333601
1238.044316
1238.755537
1239.467264
1240.179498
1240.892239
1241.605488
1242.319245
1243.033511
1243.748286
1244.463570
1245.179365
1245.895670
1246.612485
1247.329813
1248.047651
1248.766003
1249.484867
1250.204244
1250.924134
1251.644539
1252.365458
1253.086893
1253.808843
1254.531308
1255.254290
1255.977789
1256.701805
1257.426339
1258.151391
1258.876962
1259.603052
1260.329662
1261.056791
1261.784441
1262.512612
1263.241305
1263.970519
1264.700256
1265.430515
1266.161298
1266.892605
1267.624436
1268.356791
1269.089672
1269.823079
1270.557011
1271.291470
1272.026456
1272.761970
1273.498011
1274.234581
1274.971680
1275.709309
1276.447467
1277.186155
1277.925375
1278.665125
1279.405408
1280.146222
1280.887570
1281.629450
1282.371864
1283.114813
1283.858295
1284.602313
1285.346867
1286.091956
1286.837582
1287.583746
1288.330446
1289.077685
1289.825462
1290.573777
1291.322633
1292.072028
1292.821963
1293.572440
1294.323457
1295.075017
1295.827118
1296.579763
1297.332951
1298.086682
1298.840958
1299.595779
1300.351144
1301.107056
1301.863513
1302.620518
1303.378069
1304.136168
1304.894815
1305.654011
1306.413756
1307.174051
1307.934896
1308.696291
1309.458237
1310.220735
1310.983786
1311.747388
1312.511544
1313.276253
1314.041517
1314.807334
1315.573707
1316.340636
1317.108121
1317.876162
1318.644760
1319.413915
1320.183629
1320.953902
1321.724733
1322.496124
1323.268075
1324.040586
1324.813659
1325.587293
1326.361489
1327.136248
1327.911569
1328.687455
1329.463904
1330.240918
1331.018497
1331.796642
1332.575353
1333.354630
1334.134475
1334.914887
1335.695868
1336.477417
1337.259535
1338.042223
1338.825481
1339.609310
1340.393710
1341.178681
1341.964225
1342.750342
1343.537032
1344.324296
1345.112134
1345.900547
1346.689535
1347.479099
1348.269239
1349.059957
1349.851252
1350.643124
1351.435575
1352.228606
1353.022215
1353.816405
1354.611175
1355.406526
1356.202459
1356.998974
1357.796071
1358.593752
1359.392016
1360.190865
1360.990298
1361.790317
1362.590921
1363.392112
1364.193889
1364.996254
1365.799207
1366.602748
1367.406878
1368.211598
1369.016907
1369.822808
1370.629299
1371.436382
1372.244057
1373.052325
1373.861186
1374.670640
1375.480689
1376.291333
1377.102573
1377.914408
1378.726839
1379.539868
1380.353494
1381.167718
1381.982541
1382.797963
1383.613984
1384.430606
1385.247829
1386.065652
1386.884078
1387.703106
1388.522737
1389.342972
1390.163810
1390.985253
1391.807302
1392.629956
1393.453216
1394.277083
1395.101557
1395.926639
1396.752329
1397.578629
1398.405538
1399.233057
1400.061186
1400.889927
1401.719280
1402.549245
1403.379822
1404.211013
1405.042818
1405.875238
1406.708272
1407.541922
1408.376189
1409.211072
1410.046572
1410.882690
1411.719426
1412.556782
1413.394757
1414.233352
1415.072568
1415.912405
1416.752863
1417.593945
1418.435649
1419.277976
1420.120927
1420.964503
1421.808705
1422.653532
1423.498985
1424.345065
1425.191772
1426.039108
1426.887072
1427.735665
1428.584888
1429.434741
1430.285225
1431.136341
1431.988088
1432.840469
1433.693482
1434.547129
1435.401410
1436.256326
1437.111878
1437.968065
1438.824890
1439.682351
1440.540450
1441.399188
1442.258564
1443.118580
1443.979236
1444.840533
1445.702471
1446.565050
1447.428273
1448.292138
1449.156647
1450.021799
1450.887597
1451.754040
1452.621129
1453.488865
1454.357247
1455.226277
1456.095956
1456.966283
1457.837260
1458.708887
1459.581165
1460.454093
1461.327674
1462.201907
1463.076793
1463.952333
1464.828527
1465.705375
1466.582880
1467.461040
1468.339856
1469.219330
1470.099462
1470.980252
1471.861701
1472.743809
1473.626578
1474.510008
1475.394099
1476.278852
1477.164267
1478.050346
1478.937089
1479.824496
1480.712568
1481.601305
1482.490709
1483.380780
1484.271518
1485.162924
1486.054999
1486.947743
1487.841157
1488.735242
1489.629997
1490.525425
1491.421525
1492.318297
1493.215743
1494.113864
1495.012659
1495.912129
1496.812276
1497.713099
1498.614600
1499.516778
1500.419635
1501.323171
1502.227387
1503.132283
1504.037860
1504.944119
1505.851059
1506.758683
1507.666990
1508.575982
1509.485658
1510.396019
1511.307067
1512.218800
1513.131222
1514.044331
1514.958128
1515.872615
1516.787791
1517.703658
1518.620216
1519.537465
1520.455407
1521.374042
1522.293370
1523.213392
1524.134109
1525.055522
1525.977630
1526.900436
1527.823938
1528.748139
1529.673038
1530.598637
1531.524936
1532.451935
1533.379635
1534.308037
1535.237142
1536.166949
1537.097461
1538.028677
1538.960598
1539.893224
1540.826557
1541.760597
1542.695345
1543.630801
1544.566966
1545.503840
1546.441425
1547.379721
1548.318728
1549.258447
1550.198880
1551.140025
1552.081885
1553.024460
1553.967750
1554.911756
1555.856480
1556.801920
1557.748079
1558.694956
1559.642553
1560.590870
1561.539907
1562.489666
1563.440147
1564.391351
1565.343278
1566.295930
1567.249305
1568.203407
1569.158234
1570.113788
1571.070070
1572.027079
1572.984817
1573.943285
1574.902483
1575.862411
1576.823071
1577.784463
1578.746587
1579.709445
1580.673037
1581.637364
1582.602427
1583.568225
1584.534760
1585.502033
1586.470044
1587.438793
1588.408283
1589.378512
1590.349482
1591.321194
1592.293648
1593.266845
1594.240785
1595.215470
1596.190900
1597.167075
1598.143997
1599.121666
1600.100082
1601.079247
1602.059161
1603.039824
1604.021238
1605.003404
1605.986321
1606.969991
1607.954413
1608.939590
1609.925522
1610.912208
1611.899651
1612.887851
1613.876808
1614.866523
1615.856996
1616.848230
1617.840223
1618.832977
1619.826493
1620.820771
1621.815813
1622.811618
1623.808187
1624.805521
1625.803622
1626.802488
1627.802122
1628.802524
1629.803695
1630.805635
1631.808345
1632.811826
1633.816078
1634.821102
1635.826900
1636.833470
1637.840816
1638.848936
1639.857832
1640.867505
1641.877954
1642.889182
1643.901188
1644.913974
1645.927540
1646.941886
1647.957014
1648.972924
1649.989617
1651.007094
1652.025355
1653.044402
1654.064234
1655.084852
1656.106258
1657.128452
1658.151435
1659.175207
1660.199770
1661.225123
1662.251268
1663.278206
1664.305936
1665.334461
1666.363780
1667.393894
1668.424804
1669.456512
1670.489016
1671.522319
1672.556421
1673.591323
1674.627025
1675.663529
1676.700834
1677.738942
1678.777854
1679.817570
1680.858090
1681.899417
1682.941549
1683.984489
1685.028237
1686.072794
1687.118160
1688.164336
1689.211323
1690.259122
1691.307733
1692.357157
1693.407395
1694.458448
1695.510316
1696.563000
1697.616502
1698.670821
1699.725958
1700.781915
1701.838692
1702.896289
1703.954708
1705.013949
1706.074013
1707.134901
1708.196613
1709.259150
1710.322514
1711.386705
1712.451723
1713.517569
1714.584245
1715.651750
1716.720086
1717.789253
1718.859253
1719.930086
1721.001752
1722.074253
1723.147589
1724.221761
1725.296770
1726.372617
1727.449301
1728.526826
1729.605190
1730.684394
1731.764441
1732.845329
1733.927061
1735.009636
1736.093056
1737.177321
1738.262433
1739.348391
1740.435198
1741.522853
1742.611357
1743.700711
1744.790916
1745.881973
1746.973882
1748.066645
1749.160261
1750.254733
1751.350060
1752.446244
1753.543284
1754.641183
1755.739941
1756.839558
1757.940036
1759.041375
1760.143576
1761.246640
1762.350567
1763.455359
1764.561016
1765.667539
1766.774929
1767.883186
1768.992312
1770.102307
1771.213173
1772.324909
1773.437516
1774.550997
1775.665350
1776.780578
1777.896680
1779.013659
1780.131514
1781.250246
1782.369856
1783.490345
1784.611714
1785.733964
1786.857095
1787.981109
1789.106005
1790.231786
1791.358451
1792.486001
1793.614439
1794.743763
1795.873975
1797.005076
1798.137067
1799.269948
1800.403720
1801.538385
1802.673943
1803.810394
1804.947740
1806.085982
1807.225120
1808.365155
1809.506087
1810.647919
1811.790651
1812.934282
1814.078816
1815.224251
1816.370589
1817.517831
1818.665978
1819.815031
1820.964989
1822.115855
1823.267629
1824.420312
1825.573905
1826.728408
1827.883822
1829.040149
1830.197389
1831.355543
1832.514612
1833.674596
1834.835497
1835.997316
1837.160052
1838.323708
1839.488284
1840.653780
1841.820198
1842.987539
1844.155803
1845.324991
1846.495105
1847.666144
1848.838110
1850.011004
1851.184826
1852.359578
1853.535260
1854.711873
1855.889419
1857.067897
1858.247309
1859.427655
1860.608937
1861.791156
1862.974311
1864.158405
1865.343438
1866.529410
1867.716324
1868.904179
1870.092976
1871.282717
1872.473402
1873.665032
1874.857608
1876.051131
1877.245602
1878.441022
1879.637391
1880.834710
1882.032981
1883.232204
1884.432380
1885.633510
1886.835595
1888.038636
1889.242633
1890.447588
1891.653502
1892.860374
1894.068207
1895.277001
1896.486757
1897.697476
1898.909159
1900.121807
1901.335420
1902.549999
1903.765546
1904.982062
1906.199546
1907.418001
1908.637427
1909.857825
1911.079195
1912.301539
1913.524858
1914.749153
1915.974424
1917.200672
1918.427899
1919.656105
1920.885291
1922.115458
1923.346607
1924.578739
1925.811855
1927.045955
1928.281041
1929.517114
1930.754174
1931.992223
1933.231261
1934.471289
1935.712308
1936.954320
1938.197324
1939.441322
1940.686316
1941.932305
1943.179291
1944.427274
1945.676256
1946.926238
1948.177220
1949.429204
1950.682190
1951.936179
1953.191172
1954.447171
1955.704175
1956.962187
1958.221207
1959.481235
1960.742274
1962.004323
1963.267384
1964.531458
1965.796545
1967.062647
1968.329764
1969.597898
1970.867050
1972.137219
1973.408409
1974.680618
1975.953849
1977.228101
1978.503378
1979.779678
1981.057003
1982.335354
1983.614732
1984.895139
1986.176574
1987.459039
1988.742535
1990.027062
1991.312623
1992.599217
1993.886846
1995.175510
1996.465211
1997.755950
1999.047728
2000.340545
2001.634402
2002.929301
2004.225242
2005.522227
2006.820257
2008.119331
2009.419452
2010.720621
2012.022838
2013.326104
2014.630420
2015.935788
2017.242208
2018.549681
2019.858209
2021.167791
2022.478430
2023.790126
2025.102881
2026.416694
2027.731568
2029.047503
2030.364500
2031.682560
2033.001684
2034.321874
2035.643129
2036.965452
2038.288843
2039.613303
2040.938833
2042.265435
2043.593108
2044.921855
2046.251676
2047.582572
2048.914544
2050.247594
2051.581721
2052.916928
2054.253215
2055.590583
2056.929034
2058.268567
2059.609185
2060.950889
2062.293678
2063.637555
2064.982520
2066.328575
2067.675720
2069.023956
2070.373285
2071.723707
2073.075224
2074.427836
2075.781545
2077.136351
2078.492256
2079.849260
2081.207365
2082.566572
2083.926882
2085.288295
2086.650813
2088.014437
2089.379167
2090.745006
2092.111953
2093.480011
2094.849179
2096.219459
2097.590853
2098.963361
2100.336984
2101.711723
2103.087579
2104.464554
2105.842648
2107.221862
2108.602198
2109.983656
2111.366238
2112.749945
2114.134777
2115.520736
2116.907823
2118.296039
2119.685384
2121.075861
2122.467469
2123.860211
2125.254087
2126.649098
2128.045245
2129.442530
2130.840953
2132.240515
2133.641218
2135.043063
2136.446050
2137.850182
2139.255458
2140.661880
2142.069448
2143.478165
2144.888032
2146.299048
2147.711216
2149.124536
2150.539009
2151.954637
2153.371421
2154.789361
2156.208459
2157.628716
2159.050133
2160.472711
2161.896452
2163.321355
2164.747423
2166.174656
2167.603056
2169.032623
2170.463359
2171.895265
2173.328342
2174.762591
2176.198013
2177.634609
2179.072380
2180.511328
2181.951454
2183.392758
2184.835242
2186.278906
2187.723753
2189.169782
2190.616996
2192.065395
2193.514981
2194.965753
2196.417715
2197.870866
2199.325209
2200.780743
2202.237470
2203.695392
2205.154508
2206.614822
2208.076333
2209.539042
2211.002952
2212.468062
2213.934374
2215.401890
2216.870610
2218.340536
2219.811668
2221.284008
2222.757557
2224.232315
2225.708285
2227.185468
2228.663863
2230.143474
2231.624300
2233.106342
2234.589603
2236.074083
2237.559784
2239.046705
2240.534850
2242.024218
2243.514811
2245.006630
2246.499676
2247.993950
2249.489454
2250.986189
2252.484156
2253.983355
2255.483789
2256.985458
2258.488363
2259.992506
2261.497887
2263.004509
2264.512372
2266.021477
2267.531825
2269.043418
2270.556257
2272.070343
2273.585677
2275.102260
2276.620094
2278.139179
2279.659517
2281.181109
2282.703957
2284.228060
2285.753422
2287.280042
2288.807921
2290.337062
2291.867466
2293.399132
2294.932064
2296.466261
2298.001725
2299.538457
2301.076459
2302.615732
2304.156276
2305.698093
2307.241185
2308.785551
2310.331195
2311.878116
2313.426316
2314.975797
2316.526559
2318.078603
2319.631931
2321.186545
2322.742444
2324.299631
2325.858107
2327.417872
2328.978929
2330.541278
2332.104920
2333.669857
2335.236090
2336.803621
2338.372449
2339.942577
2341.514006
2343.086738
2344.660772
2346.236111
2347.812755
2349.390707
2350.969967
2352.550536
2354.132416
2355.715608
2357.300112
2358.885932
2360.473066
2362.061518
2363.651288
2365.242377
2366.834786
2368.428518
2370.023572
2371.619951
2373.217655
2374.816686
2376.417045
2378.018733
2379.621752
2381.226103
2382.831786
2384.438804
2386.047158
2387.656848
2389.267876
2390.880244
2392.493952
2394.109002
2395.725395
2397.343133
2398.962216
2400.582646
2402.204425
2403.827552
2405.452031
2407.077861
2408.705045
2410.333583
2411.963477
2413.594728
2415.227337
2416.861306
2418.496636
2420.133328
2421.771384
2423.410804
2425.051591
2426.693744
2428.337267
2429.982159
2431.628422
2433.276058
2434.925068
2436.575453
2438.227214
2439.880353
2441.534871
2443.190769
2444.848048
2446.506711
2448.166757
2449.828190
2451.491008
2453.155215
2454.820812
2456.487799
2458.156178
2459.825950
2461.497117
2463.169680
2464.843640
2466.518999
2468.195758
2469.873918
2471.553480
2473.234446
2474.916818
2476.600595
2478.285781
2479.972376
2481.660381
2483.349798
2485.040629
2486.732873
2488.426534
2490.121611
2491.818107
2493.516023
2495.215360
2496.916120
2498.618303
2500.321911
2502.026946
2503.733409
2505.441301
2507.150623
2508.861378
2510.573565
2512.287187
2514.002245
2515.718741
2517.436675
2519.156048
2520.876864
2522.599122
2524.322824
2526.047971
2527.774566
2529.502608
2531.232100
2532.963043
2534.695438
2536.429286
2538.164590
2539.901350
2541.639568
2543.379244
2545.120382
2546.862981
2548.607043
2550.352570
2552.099563
2553.848023
2555.597952
2557.349352
2559.102222
2560.856566
2562.612384
2564.369677
2566.128448
2567.888697
2569.650426
2571.413636
2573.178329
2574.944506
2576.712168
2578.481318
2580.251955
2582.024082
2583.797700
2585.572811
2587.349415
2589.127515
2590.907111
2592.688206
2594.470799
2596.254894
2598.040491
2599.827592
2601.616198
2603.406311
2605.197932
2606.991062
2608.785703
2610.581856
2612.379523
2614.178705
2615.979403
2617.781620
2619.585355
2621.390612
2623.197391
2625.005694
2626.815522
2628.626876
2630.439758
2632.254170
2634.070113
2635.887588
2637.706597
2639.527141
2641.349222
2643.172841
2644.997999
2646.824699
2648.652941
2650.482727
2652.314058
2654.146936
2655.981362
2657.817339
2659.654866
2661.493946
2663.334580
2665.176770
2667.020517
2668.865822
2670.712688
2672.561115
2674.411105
2676.262659
2678.115779
2679.970467
2681.826723
2683.684550
2685.543949
2687.404921
2689.267467
2691.131590
2692.997291
2694.864571
2696.733432
2698.603875
2700.475901
2702.349513
2704.224711
2706.101498
2707.979874
2709.859842
2711.741402
2713.624557
2715.509307
2717.395654
2719.283600
2721.173146
2723.064294
2724.957045
2726.851401
2728.747363
2730.644933
2732.544112
2734.444902
2736.347304
2738.251320
2740.156952
2742.064200
2743.973067
2745.883553
2747.795661
2749.709392
2751.624748
2753.541730
2755.460339
2757.380577
2759.302446
2761.225947
2763.151082
2765.077852
2767.006259
2768.936304
2770.867989
2772.801316
2774.736286
2776.672900
2778.611160
2780.551068
2782.492625
2784.435832
2786.380692
2788.327206
2790.275376
2792.225202
2794.176687
2796.129832
2798.084638
2800.041108
2801.999243
2803.959044
2805.920513
2807.883651
2809.848461
2811.814943
2813.783099
2815.752932
2817.724441
2819.697630
2821.672499
2823.649050
2825.627286
2827.607206
2829.588813
2831.572109
2833.557095
2835.543773
2837.532143
2839.522209
2841.513971
2843.507432
2845.502592
2847.499453
2849.498017
2851.498285
2853.500260
2855.503942
2857.509334
2859.516437
2861.525252
2863.535781
2865.548026
2867.561989
2869.577670
2871.595072
2873.614196
2875.635044
2877.657618
2879.681919
2881.707948
2883.735708
2885.765200
2887.796426
2889.829387
2891.864084
2893.900520
2895.938697
2897.978615
2900.020277
2902.063684
2904.108837
2906.155739
2908.204392
2910.254795
2912.306952
2914.360865
2916.416533
2918.473961
2920.533148
2922.594096
2924.656808
2926.721285
2928.787529
2930.855541
2932.925323
2934.996876
2937.070203
2939.145305
2941.222183
2943.300840
2945.381276
2947.463495
2949.547496
2951.633283
2953.720856
2955.810218
2957.901370
2959.994314
2962.089051
2964.185583
2966.283912
2968.384040
2970.485968
2972.589697
2974.695231
2976.802569
2978.911715
2981.022670
2983.135435
2985.250012
2987.366403
2989.484609
2991.604633
2993.726475
2995.850139
2997.975625
3000.102935
3002.232070
3004.363034
3006.495827
3008.630450
3010.766907
3012.905198
3015.045325
3017.187290
3019.331095
3021.476741
3023.624230
3025.773564
3027.924745
3030.077774
3032.232653
3034.389384
3036.547969
3038.708409
3040.870706
3043.034862
3045.200878
3047.368757
3049.538500
3051.710108
3053.883585
3056.058930
3058.236147
3060.415237
3062.596201
3064.779042
3066.963761
3069.150360
3071.338841
3073.529205
3075.721454
3077.915591
3080.111616
3082.309532
3084.509341
3086.711043
3088.914642
3091.120138
3093.327534
3095.536831
3097.748032
3099.961137
3102.176149
3104.393070
3106.611900
3108.832643
3111.055300
3113.279873
3115.506363
3117.734772
3119.965103
3122.197356
3124.431535
3126.667640
3128.905673
3131.145636
3133.387532
3135.631361
3137.877126
3140.124829
3142.374471
3144.626054
3146.879580
3149.135051
3151.392468
3153.651834
3155.913150
3158.176419
3160.441641
3162.708819
3164.977955
3167.249051
3169.522108
3171.797128
3174.074113
3176.353065
3178.633985
3180.916877
3183.201741
3185.488579
3187.777394
3190.068186
3192.360958
3194.655713
3196.952451
3199.251174
3201.551885
3203.854585
3206.159276
3208.465961
3210.774640
3213.085316
3215.397991
3217.712666
3220.029343
3222.348025
3224.668714
3226.991410
3229.316116
3231.642834
3233.971566
3236.302314
3238.635079
3240.969864
3243.306670
3245.645499
3247.986354
3250.329235
3252.674146
3255.021087
3257.370062
3259.721071
3262.074117
3264.429201
3266.786326
3269.145493
3271.506705
3273.869963
3276.235269
3278.602626
3280.972034
3283.343496
3285.717015
3288.092591
3290.470227
3292.849925
3295.231686
3297.615513
3300.001408
3302.389372
3304.779408
3307.171517
3309.565701
3311.961963
3314.360304
3316.760727
3319.163232
3321.567823
3323.974501
3326.383268
3328.794126
3331.207077
3333.622124
3336.039267
3338.458509
3340.879852
3343.303298
3345.728849
3348.156507
3350.586273
3353.018151
3355.452141
3357.888247
3360.326469
3362.766809
3365.209271
3367.653856
3370.100565
3372.549401
3375.000366
3377.453462
3379.908690
3382.366054
3384.825554
3387.287193
3389.750973
3392.216896
3394.684964
3397.155179
3399.627542
3402.102057
3404.578725
3407.057547
3409.538527
3412.021666
3414.506966
3416.994429
3419.484057
3421.975853
3424.469818
3426.965954
3429.464263
3431.964748
3434.467410
3436.972252
3439.479276
3441.988483
3444.499876
3447.013456
3449.529226
3452.047188
3454.567344
3457.089696
3459.614246
3462.140996
3464.669949
3467.201105
3469.734468
3472.270039
3474.807821
3477.347816
3479.890025
3482.434450
3484.981095
3487.529961
3490.081049
3492.634363
3495.189904
3497.747674
3500.307675
3502.869910
3505.434381
3508.001089
3510.570037
3513.141227
3515.714661
3518.290341
3520.868270
3523.448449
3526.030880
3528.615566
3531.202508
3533.791710
3536.383172
3538.976898
3541.572889
3544.171147
3546.771675
3549.374474
3551.979547
3554.586896
3557.196523
3559.808430
3562.422620
3565.039094
3567.657855
3570.278905
3572.902245
3575.527879
3578.155808
3580.786034
3583.418560
3586.053388
3588.690519
3591.329957
3593.971703
3596.615760
3599.262129
3601.910812
3604.561813
3607.215133
3609.870774
3612.528739
3615.189030
3617.851648
3620.516596
3623.183877
3625.853492
3628.525444
3631.199735
3633.876367
3636.555342
3639.236662
3641.920330
3644.606348
3647.294718
3649.985443
3652.678524
3655.373963
3658.071764
3660.771928
3663.474457
3666.179354
3668.886621
3671.596260
3674.308273
3677.022663
3679.739431
3682.458581
3685.180113
3687.904032
3690.630338
3693.359034
3696.090122
3698.823605
3701.559484
3704.297763
3707.038443
3709.781526
3712.527015
3715.274912
3718.025220
3720.777940
3723.533075
3726.290627
3729.050598
3731.812991
3734.577808
3737.345051
3740.114723
3742.886826
3745.661361
3748.438332
3751.217741
3753.999590
3756.783881
3759.570616
3762.359798
3765.151430
3767.945512
3770.742049
3773.541042
3776.342493
3779.146404
3781.952779
3784.761619
3787.572927
3790.386704
3793.202954
3796.021679
3798.842880
3801.666561
3804.492723
3807.321369
3810.152501
3812.986122
3815.822234
3818.660839
3821.501940
3824.345539
3827.191638
3830.040240
3832.891347
3835.744961
3838.601085
3841.459721
3844.320871
3847.184539
3850.050725
3852.919433
3855.790665
3858.664423
3861.540710
3864.419528
3867.300879
3870.184767
3873.071192
3875.960158
3878.851667
3881.745721
3884.642323
3887.541476
3890.443180
3893.347440
3896.254257
3899.163634
3902.075573
3904.990076
3907.907147
3910.826787
3913.748998
3916.673784
3919.601147
3922.531088
3925.463612
3928.398719
3931.336412
3934.276694
3937.219567
3940.165034
3943.113097
3946.063759
3949.017021
3951.972887
3954.931359
3957.892439
3960.856130
3963.822434
3966.791354
3969.762892
3972.737050
3975.713832
3978.693239
3981.675274
3984.659939
3987.647237
3990.637171
3993.629742
3996.624954
3999.622809
4002.623309
4005.626457
4008.632255
4011.640706
4014.651812
4017.665576
4020.682000
4023.701087
4026.722839
4029.747259
4032.774350
4035.804113
4038.836551
4041.871667
4044.909463
4047.949943
4050.993107
4054.038960
4057.087503
4060.138738
4063.192670
4066.249299
4069.308629
4072.370662
4075.435400
4078.502847
4081.573004
4084.645875
4087.721461
4090.799766
4093.880791
4096.964540
4100.051015
4103.140219
4106.232154
4109.326822
4112.424227
4115.524370
4118.627255
4121.732884
4124.841259
4127.952384
4131.066260
4134.182891
4137.302278
4140.424425
4143.549334
4146.677008
4149.807449
4152.940660
4156.076643
4159.215401
4162.356937
4165.501253
4168.648352
4171.798237
4174.950910
4178.106373
4181.264630
4184.425683
4187.589534
4190.756187
4193.925643
4197.097906
4200.272978
4203.450862
4206.631560
4209.815076
4213.001411
4216.190568
4219.382550
4222.577360
4225.775000
4228.975474
4232.178782
4235.384930
4238.593918
4241.805749
4245.020427
4248.237954
4251.458332
4254.681565
4257.907655
4261.136604
4264.368416
4267.603093
4270.840637
4274.081052
4277.324340
4280.570504
4283.819546
4287.071470
4290.326277
4293.583971
4296.844554
4300.108030
4303.374400
4306.643667
4309.915835
4313.190906
4316.468882
4319.749767
4323.033562
4326.320272
4329.609898
4332.902443
4336.197911
4339.496303
4342.797623
4346.101872
4349.409055
4352.719174
4356.032231
4359.348230
4362.667172
4365.989062
4369.313901
4372.641692
4375.972438
4379.306143
4382.642807
4385.982436
4389.325030
4392.670594
4396.019129
4399.370639
4402.725126
4406.082593
4409.443043
4412.806480
4416.172904
4419.542320
4422.914730
4426.290137
4429.668544
4433.049953
4436.434368
4439.821791
4443.212225
4446.605673
4450.002137
4453.401621
4456.804128
4460.209660
4463.618219
4467.029810
4470.444434
4473.862095
4477.282795
4480.706537
4484.133325
4487.563161
4490.996047
4494.431987
4497.870984
4501.313040
4504.758158
4508.206341
4511.657593
4515.111915
4518.569311
4522.029784
4525.493337
4528.959971
4532.429692
4535.902500
4539.378399
4542.857393
4546.339483
4549.824674
4553.312967
4556.804365
4560.298872
4563.796491
4567.297224
4570.801074
4574.308045
4577.818139
4581.331358
4584.847707
4588.367188
4591.889803
4595.415557
4598.944451
4602.476489
4606.011673
4609.550008
4613.091494
4616.636137
4620.183937
4623.734899
4627.289026
4630.846320
4634.406784
4637.970421
4641.537235
4645.107228
4648.680403
4652.256763
4655.836312
4659.419052
4663.004986
4666.594117
4670.186448
4673.781983
4677.380723
4680.982673
4684.587835
4688.196212
4691.807807
4695.422624
4699.040665
4702.661933
4706.286431
4709.914163
4713.545131
4717.179338
4720.816788
4724.457483
4728.101427
4731.748622
4735.399072
4739.052779
4742.709747
4746.369979
4750.033478
4753.700246
4757.370288
4761.043605
4764.720201
4768.400080
4772.083244
4775.769696
4779.459439
4783.152477
4786.848812
4790.548448
4794.251388
4797.957634
4801.667191
4805.380060
4809.096245
4812.815750
4816.538577
4820.264729
4823.994210
4827.727023
4831.463170
4835.202656
4838.945482
4842.691652
4846.441170
4850.194038
4853.950260
4857.709839
4861.472777
4865.239078
4869.008746
4872.781783
4876.558192
4880.337977
4884.121140
4887.907686
4891.697617
4895.490936
4899.287646
4903.087751
4906.891254
4910.698158
4914.508466
4918.322181
4922.139307
4925.959846
4929.783803
4933.611180
4937.441980
4941.276206
4945.113863
4948.954952
4952.799477
4956.647442
4960.498850
4964.353703
4968.212006
4972.073760
4975.938970
4979.807639
4983.679770
4987.555367
4991.434431
4995.316968
4999.202979
5003.092469
5006.985440
5010.881896
5014.781840
5018.685275
5022.592204
5026.502632
5030.416560
5034.333993
5038.254934
5042.179386
5046.107351
5050.038834
5053.973839
5057.912367
5061.854422
5065.800008
5069.749128
5073.701786
5077.657984
5081.617726
5085.581015
5089.547855
5093.518249
5097.492200
5101.469711
5105.450787
5109.435429
5113.423642
5117.415429
5121.410793
5125.409738
5129.412267
5133.418383
5137.428089
5141.441390
5145.458288
5149.478786
5153.502889
5157.530599
5161.561920
5165.596855
5169.635408
5173.677582
5177.723380
5181.772806
5185.825863
5189.882555
5193.942885
5198.006856
5202.074471
5206.145735
5210.220651
5214.299221
5218.381450
5222.467341
5226.556897
5230.650121
5234.747018
5238.847591
5242.951842
5247.059776
5251.171395
5255.286704
5259.405706
5263.528404
5267.654802
5271.784903
5275.918710
5280.056228
5284.197459
5288.342407
5292.491076
5296.643468
5300.799588
5304.959439
5309.123025
5313.290348
5317.461413
5321.636223
5325.814781
5329.997091
5334.183156
5338.372981
5342.566568
5346.763921
5350.965043
5355.169938
5359.378610
5363.591062
5367.807298
5372.027321
5376.251135
5380.478742
5384.710148
5388.945355
5393.184366
5397.427187
5401.673819
5405.924267
5410.178534
5414.436623
5418.698539
5422.964285
5427.233864
5431.507281
5435.784538
5440.065639
5444.350588
5448.639388
5452.932043
5457.228557
5461.528933
5465.833175
5470.141286
5474.453270
5478.769131
5483.088873
5487.412498
5491.740011
5496.071414
5500.406713
5504.745910
5509.089010
5513.436015
5517.786929
5522.141756
5526.500500
5530.863165
5535.229753
5539.600269
5543.974717
5548.353100
5552.735421
5557.121685
5561.511894
5565.906054
5570.304167
5574.706237
5579.112268
5583.522263
5587.936227
5592.354163
5596.776074
5601.201965
5605.631839
5610.065699
5614.503550
5618.945396
5623.391239
5627.841084
5632.294935
5636.752795
5641.214668
5645.680557
5650.150467
5654.624402
5659.102364
5663.584358
5668.070387
5672.560456
5677.054568
5681.552727
5686.054936
5690.561200
5695.071521
5699.585905
5704.104355
5708.626874
5713.153466
5717.684136
5722.218886
5726.757722
5731.300646
5735.847662
5740.398775
5744.953988
5749.513304
5754.076728
5758.644264
5763.215916
5767.791686
5772.371580
5776.955600
5781.543752
5786.136038
5790.732462
5795.333029
5799.937742
5804.546605
5809.159622
5813.776798
5818.398134
5823.023637
5827.653309
5832.287154
5836.925177
5841.567381
5846.213770
5850.864348
5855.519119
5860.178087
5864.841256
5869.508629
5874.180211
5878.856006
5883.536017
5888.220248
5892.908704
5897.601388
5902.298304
5906.999457
5911.704849
5916.414486
5921.128371
5925.846508
5930.568901
5935.295553
5940.026470
5944.761655
5949.501112
5954.244844
5958.992857
5963.745153
5968.501737
5973.262613
5978.027785
5982.797257
5987.571033
5992.349116
5997.131512
6001.918224
6006.709255
6011.504611
6016.304295
6021.108311
6025.916663
6030.729355
6035.546391
6040.367776
6045.193513
6050.023607
6054.858061
6059.696879
6064.540067
6069.387626
6074.239563
6079.095881
6083.956583
6088.821675
6093.691159
6098.565041
6103.443325
6108.326013
6113.213111
6118.104623
6123.000553
6127.900905
6132.805682
6137.714890
6142.628532
6147.546613
6152.469136
6157.396106
6162.327526
6167.263402
6172.203737
6177.148535
6182.097801
6187.051538
6192.009751
6196.972445
6201.939622
6206.911288
6211.887446
6216.868101
6221.853257
6226.842918
6231.837089
6236.835773
6241.838974
6246.846698
6251.858948
6256.875728
6261.897043
6266.922897
6271.953294
6276.988238
6282.027734
6287.071786
6292.120397
6297.173573
6302.231318
6307.293635
6312.360530
6317.432006
6322.508067
6327.588718
6332.673964
6337.763808
6342.858255
6347.957309
6353.060974
6358.169255
6363.282156
6368.399681
6373.521834
6378.648621
6383.780045
6388.916110
6394.056821
6399.202182
6404.352198
6409.506873
6414.666211
6419.830216
6424.998893
6430.172247
6435.350281
6440.533000
6445.720409
6450.912511
6456.109311
6461.310814
6466.517024
6471.727945
6476.943581
6482.163938
6487.389019
6492.618829
6497.853372
6503.092652
6508.336675
6513.585444
6518.838965
6524.097240
6529.360275
6534.628075
6539.900643
6545.177984
6550.460103
6555.747004
6561.038691
6566.335169
6571.636442
6576.942516
6582.253393
6587.569080
6592.889580
6598.214897
6603.545037
6608.880003
6614.219801
6619.564434
6624.913908
6630.268226
6635.627394
6640.991415
6646.360295
6651.734038
6657.112648
6662.496130
6667.884488
6673.277727
6678.675852
6684.078867
6689.486776
6694.899585
6700.317298
6705.739919
6711.167452
6716.599904
6722.037277
6727.479577
6732.926808
6738.378975
6743.836082
6749.298135
6754.765137
6760.237093
6765.714008
6771.195887
6776.682734
6782.174553
6787.671350
6793.173129
6798.679895
6804.191651
6809.708404
6815.230158
6820.756916
6826.288685
6831.825468
6837.367270
6842.914096
6848.465951
6854.022839
6859.584765
6865.151734
6870.723750
6876.300818
6881.882943
6887.470129
6893.062381
6898.659705
6904.262104
6909.869583
6915.482148
6921.099802
6926.722551
6932.350399
6937.983351
6943.621412
6949.264587
6954.912879
6960.566295
6966.224839
6971.888515
6977.557329
6983.231285
6988.910388
6994.594643
7000.284054
7005.978627
7011.678366
7017.383275
7023.093361
7028.808627
7034.529079
7040.254721
7045.985558
7051.721595
7057.462836
7063.209288
7068.960953
7074.717839
7080.479948
7086.247286
7092.019858
7097.797669
7103.580724
7109.369027
7115.162584
7120.961399
7126.765477
7132.574823
7138.389442
7144.209340
7150.034520
7155.864987
7161.700748
7167.541806
7173.388166
7179.239834
7185.096815
7190.959112
7196.826732
7202.699680
7208.577959
7214.461576
7220.350535
7226.244841
7232.144499
7238.049514
7243.959891
7249.875635
7255.796751
7261.723244
7267.655119
7273.592382
7279.535036
7285.483087
7291.436541
7297.395401
7303.359674
7309.329364
7315.304476
7321.285015
7327.270987
7333.262396
7339.259248
7345.261547
7351.269298
7357.282508
7363.301180
7369.325319
7375.354932
7381.390023
7387.430596
7393.476658
7399.528213
7405.585267
7411.647824
7417.715889
7423.789469
7429.868567
7435.953189
7442.043341
7448.139027
7454.240252
7460.347022
7466.459341
7472.577216
7478.700650
7484.829650
7490.964220
7497.104366
7503.250093
7509.401405
7515.558309
7521.720809
7527.888911
7534.062620
7540.241940
7546.426878
7552.617438
7558.813626
7565.015447
7571.222906
7577.436009
7583.654760
7589.879165
7596.109229
7602.344958
7608.586356
7614.833429
7621.086183
7627.344622
7633.608752
7639.878578
7646.154105
7652.435339
7658.722285
7665.014949
7671.313335
7677.617449
7683.927296
7690.242882
7696.564212
7702.891291
7709.224125
7715.562718
7721.907077
7728.257207
7734.613113
7740.974800
7747.342275
7753.715541
7760.094605
7766.479472
7772.870147
7779.266636
7785.668944
7792.077077
7798.491040
7804.910838
7811.336477
7817.767962
7824.205299
7830.648493
7837.097550
7843.552475
7850.013273
7856.479950
7862.952512
7869.430963
7875.915310
7882.405558
7888.901712
7895.403778
7901.911761
7908.425667
7914.945501
7921.471270
7928.002977
7934.540629
7941.084232
7947.633791
7954.189311
7960.750798
7967.318258
7973.891695
7980.471117
7987.056527
7993.647933
8000.245339
8006.848750
8013.458173
8020.073614
8026.695077
8033.322568
8039.956093
8046.595657
8053.241267
8059.892928
8066.550644
8073.214423
8079.884269
8086.560189
8093.242187
8099.930270
8106.624444
8113.324713
8120.031083
8126.743561
8133.462151
8140.186861
8146.917694
8153.654657
8160.397756
8167.146996
8173.902383
8180.663923
8187.431621
8194.205484
8200.985516
8207.771724
8214.564114
8221.362690
8228.167459
8234.978427
8241.795600
8248.618982
8255.448580
8262.284400
8269.126448
8275.974728
8282.829248
8289.690012
8296.557027
8303.430299
8310.309833
8317.195635
8324.087710
8330.986066
8337.890707
8344.801639
8351.718868
8358.642401
8365.572243
8372.508399
8379.450876
8386.399679
8393.354815
8400.316289
8407.284108
8414.258276
8421.238800
8428.225687
8435.218941
8442.218568
8449.224576
8456.236968
8463.255753
8470.280934
8477.312519
8484.350513
8491.394923
8498.445754
8505.503011
8512.566702
8519.636832
8526.713408
8533.796434
8540.885917
8547.981863
8555.084279
8562.193169
8569.308541
8576.430399
8583.558751
8590.693602
8597.834958
8604.982825
8612.137209
8619.298117
8626.465554
8633.639527
8640.820041
8648.007102
8655.200718
8662.400893
8669.607634
8676.820946
8684.040837
8691.267312
8698.500377
8705.740039
8712.986303
8720.239176
8727.498663
8734.764772
8742.037507
8749.316875
8756.602883
8763.895537
8771.194842
8778.500805
8785.813432
8793.132729
8800.458703
8807.791359
8815.130704
8822.476745
8829.829486
8837.188935
8844.555097
8851.927980
8859.307588
8866.693929
8874.087009
8881.486834
8888.893410
8896.306743
8903.726840
8911.153707
8918.587350
8926.027776
8933.474990
8940.929000
8948.389811
8955.857430
8963.331863
8970.813117
8978.301197
8985.796110
8993.297863
9000.806462
9008.321912
9015.844221
9023.373395
9030.909441
9038.452363
9046.002170
9053.558867
9061.122461
9068.692958
9076.270365
9083.854688
9091.445933
9099.044106
9106.649216
9114.261266
9121.880265
9129.506219
9137.139133
9144.779015
9152.425871
9160.079708
9167.740531
9175.408348
9183.083164
9190.764987
9198.453823
9206.149678
9213.852559
9221.562473
9229.279425
9237.003423
9244.734473
9252.472582
9260.217755
9267.970000
9275.729324
9283.495732
9291.269231
9299.049829
9306.837531
9314.632344
9322.434275
9330.243330
9338.059516
9345.882839
9353.713307
9361.550925
9369.395701
9377.247641
9385.106752
9392.973040
9400.846512
9408.727174
9416.615034
9424.510098
9432.412373
9440.321865
9448.238581
9456.162528
9464.093713
9472.032142
9479.977821
9487.930758
9495.890960
9503.858433
9511.833183
9519.815219
9527.804545
9535.801170
9543.805100
9551.816341
9559.834901
9567.860786
9575.894003
9583.934559
9591.982460
9600.037715
9608.100328
9616.170307
9624.247660
9632.332392
9640.424511
9648.524023
9656.630935
9664.745255
9672.866989
9680.996144
9689.132726
9697.276744
9705.428202
9713.587110
9721.753473
9729.927298
9738.108592
9746.297363
9754.493616
9762.697360
9770.908601
9779.127345
9787.353601
9795.587374
9803.828672
9812.077502
9820.333871
9828.597785
9836.869253
9845.148280
9853.434874
9861.729041
9870.030790
9878.340126
9886.657058
9894.981591
9903.313733
9911.653491
9920.000873
9928.355884
9936.718533
9945.088826
9953.466770
9961.852373
9970.245642
9978.646583
9987.055204
9995.471513
10003.895515
10012.327218
10020.766630
10029.213757
10037.668607
10046.131186
10054.601503
10063.079564
10071.565376
10080.058946
10088.560282
10097.069391
10105.586281
10114.110957
10122.643428
10131.183701
10139.731783
10148.287681
10156.851402
10165.422955
10174.002345
10182.589580
10191.184668
10199.787616
10208.398431
10217.017120
10225.643691
10234.278151
10242.920507
10251.570767
10260.228937
10268.895026
10277.569041
10286.250988
10294.940876
10303.638712
10312.344502
10321.058255
10329.779978
10338.509678
10347.247362
10355.993038
10364.746714
10373.508397
10382.278093
10391.055812
10399.841559
10408.635343
10417.437171
10426.247050
10435.064988
10443.890993
10452.725071
10461.567230
10470.417479
10479.275823
10488.142272
10497.016832
10505.899510
10514.790315
10523.689253
10532.596334
10541.511563
10550.434948
10559.366498
10568.306219
10577.254119
10586.210206
10595.174488
10604.146971
10613.127664
10622.116574
10631.113709
10640.119076
10649.132683
10658.154538
10667.184648
10676.223021
10685.269665
10694.324587
10703.387795
10712.459296
10721.539099
10730.627211
10739.723639
10748.828392
10757.941477
10767.062901
10776.192673
10785.330801
10794.477291
10803.632153
10812.795392
10821.967018
10831.147038
10840.335460
10849.532292
10858.737541
10867.951215
10877.173322
10886.403870
10895.642866
10904.890319
10914.146236
10923.410626
10932.683495
10941.964852
10951.254705
10960.553062
10969.859930
10979.175317
10988.499231
10997.831681
11007.172673
11016.522217
11025.880319
11035.246988
11044.622232
11054.006059
11063.398476
11072.799491
11082.209114
11091.627350
11101.054210
11110.489699
11119.933827
11129.386602
11138.848031
11148.318123
11157.796885
11167.284325
11176.780452
11186.285274
11195.798799
11205.321034
11214.851988
11224.391669
11233.940085
11243.497244
11253.063154
11262.637823
11272.221260
11281.813472
11291.414467
11301.024255
11310.642842
11320.270238
11329.906449
11339.551485
11349.205354
11358.868063
11368.539621
11378.220036
11387.909316
11397.607470
11407.314506
11417.030432
11426.755255
11436.488986
11446.231631
11455.983198
11465.743697
11475.513136
11485.291522
11495.078864
11504.875170
11514.680449
11524.494709
11534.317958
11544.150205
11553.991458
11563.841724
11573.701014
11583.569334
11593.446694
11603.333101
11613.228564
11623.133092
11633.046692
11642.969374
11652.901145
11662.842014
11672.791990
11682.751081
11692.719295
11702.696641
11712.683126
11722.678761
11732.683553
11742.697510
11752.720642
11762.752956
11772.794461
11782.845166
11792.905079
11802.974209
11813.052564
11823.140152
11833.236983
11843.343065
11853.458406
11863.583015
11873.716901
11883.860072
11894.012536
11904.174303
11914.345381
11924.525778
11934.715504
11944.914567
11955.122974
11965.340737
11975.567861
11985.804358
11996.050234
12006.305499
12016.570162
12026.844231
12037.127715
12047.420622
12057.722962
12068.034743
12078.355974
12088.686663
12099.026819
12109.376452
12119.735570
12130.104181
12140.482294
12150.869919
12161.267064
12171.673737
12182.089948
12192.515706
12202.951019
12213.395896
12223.850346
12234.314378
12244.788001
12255.271223
12265.764054
12276.266502
12286.778577
12297.300287
12307.831640
12318.372647
12328.923316
12339.483656
12350.053675
12360.633384
12371.222790
12381.821903
12392.430732
12403.049285
12413.677572
12424.315602
12434.963384
12445.620926
12456.288238
12466.965329
12477.652208
12488.348884
12499.055366
12509.771664
12520.497785
12531.233739
12541.979536
12552.735185
12563.500694
12574.276073
12585.061330
12595.856476
12606.661519
12617.476468
12628.301332
12639.136121
12649.980844
12660.835510
12671.700129
12682.574708
12693.459259
12704.353789
12715.258308
12726.172826
12737.097351
12748.031893
12758.976462
12769.931065
12780.895714
12791.870416
12802.855182
12813.850020
12824.854940
12835.869951
12846.895063
12857.930285
12868.975627
12880.031096
12891.096704
12902.172459
12913.258371
12924.354450
12935.460703
12946.577142
12957.703775
12968.840613
12979.987663
12991.144936
13002.312441
13013.490188
13024.678186
13035.876445
13047.084974
13058.303782
13069.532880
13080.772276
13092.021980
13103.282002
13114.552352
13125.833038
13137.124070
13148.425459
13159.737213
13171.059342
13182.391856
13193.734764
13205.088076
13216.451801
13227.825950
13239.210532
13250.605556
13262.011032
13273.426970
13284.853379
13296.290270
13307.737651
13319.195533
13330.663926
13342.142838
13353.632280
13365.132262
13376.642792
13388.163882
13399.695541
13411.237778
13422.790603
13434.354026
13445.928058
13457.512707
13469.107983
13480.713897
13492.330458
13503.957676
13515.595561
13527.244123
13538.903372
13550.573317
13562.253968
13573.945336
13585.647430
13597.360260
13609.083836
13620.818168
13632.563266
13644.319140
13656.085801
13667.863256
13679.651518
13691.450596
13703.260499
13715.081238
13726.912824
13738.755265
13750.608572
13762.472755
13774.347824
13786.233789
13798.130661
13810.038448
13821.957163
13833.886813
13845.827410
13857.778964
13869.741485
13881.714983
13893.699468
13905.694950
13917.701440
13929.718947
13941.747483
13953.787056
13965.837678
13977.899358
13989.972106
14002.055934
14014.150851
14026.256867
14038.373993
14050.502239
14062.641615
14074.792132
14086.953799
14099.126628
14111.310628
14123.505810
14135.712184
14147.929761
14160.158551
14172.398563
14184.649810
14196.912300
14209.186045
14221.471054
14233.767339
14246.074909
14258.393775
14270.723948
14283.065438
14295.418255
14307.782410
14320.157914
14332.544776
14344.943008
14357.352619
14369.773621
14382.206024
14394.649839
14407.105075
14419.571744
14432.049857
14444.539423
14457.040453
14469.552958
14482.076949
14494.612436
14507.159430
14519.717941
14532.287980
14544.869558
14557.462685
14570.067372
14582.683631
14595.311470
14607.950902
14620.601937
14633.264585
14645.938858
14658.624765
14671.322319
14684.031529
14696.752407
14709.484962
14722.229207
14734.985151
14747.752806
14760.532183
14773.323292
14786.126143
14798.940749
14811.767120
14824.605266
14837.455199
14850.316929
14863.190468
14876.075826
14888.973014
14901.882044
14914.802925
14927.735670
14940.680289
14953.636792
14966.605192
14979.585498
14992.577723
15005.581877
15018.597970
15031.626015
15044.666022
15057.718002
15070.781966
15083.857925
15096.945891
15110.045875
15123.157887
15136.281939
15149.418041
15162.566206
15175.726444
15188.898766
15202.083183
15215.279708
15228.488350
15241.709121
15254.942032
15268.187095
15281.444321
15294.713720
15307.995305
15321.289086
15334.595075
15347.913283
15361.243721
15374.586401
15387.941334
15401.308531
15414.688003
15428.079763
15441.483821
15454.900188
15468.328877
15481.769898
15495.223262
15508.688982
15522.167069
15535.657534
15549.160388
15562.675643
15576.203311
15589.743402
15603.295929
15616.860903
15630.438335
15644.028237
15657.630620
15671.245497
15684.872878
15698.512774
15712.165199
15725.830163
15739.507677
15753.197754
15766.900405
15780.615641
15794.343475
15808.083917
15821.836980
15835.602676
15849.381015
15863.172009
15876.975671
15890.792012
15904.621044
15918.462778
15932.317226
15946.184400
15960.064311
15973.956972
15987.862394
16001.780589
16015.711569
16029.655346
16043.611931
16057.581336
16071.563573
16085.558654
16099.566592
16113.587396
16127.621081
16141.667657
16155.727136
16169.799531
16183.884852
16197.983114
16212.094326
16226.218501
16240.355652
16254.505789
16268.668926
16282.845074
16297.034245
16311.236451
16325.451705
16339.680017
16353.921401
16368.175869
16382.443431
16396.724102
16411.017892
16425.324814
16439.644880
16453.978102
16468.324493
16482.684063
16497.056827
16511.442795
16525.841980
16540.254394
16554.680050
16569.118960
16583.571135
16598.036589
16612.515333
16627.007379
16641.512741
16656.031430
16670.563459
16685.108839
16699.667584
16714.239706
16728.825216
16743.424128
16758.036453
16772.662205
16787.301395
16801.954036
16816.620141
16831.299721
16845.992790
16860.699359
16875.419442
16890.153050
16904.900196
16919.660893
16934.435153
16949.222989
16964.024413
16978.839438
16993.668077
17008.510341
17023.366244
17038.235798
17053.119016
17068.015910
17082.926493
17097.850778
17112.788777
17127.740503
17142.705969
17157.685187
17172.678171
17187.684932
17202.705483
17217.739838
17232.788009
17247.850008
17262.925849
17278.015545
17293.119107
17308.236549
17323.367885
17338.513125
17353.672284
17368.845375
17384.032409
17399.233401
17414.448363
17429.677307
17444.920247
17460.177196
17475.448166
17490.733171
17506.032223
17521.345336
17536.672523
17552.013796
17567.369168
17582.738653
17598.122264
17613.520013
17628.931913
17644.357979
17659.798222
17675.252656
17690.721295
17706.204150
17721.701236
17737.212565
17752.738150
17768.278006
17783.832144
17799.400578
17814.983322
17830.580388
17846.191790
17861.817541
17877.457655
17893.112143
17908.781021
17924.464301
17940.161996
17955.874119
17971.600685
17987.341706
18003.097196
18018.867168
18034.651635
18050.450611
18066.264110
18082.092144
18097.934727
18113.791873
18129.663594
18145.549906
18161.450819
18177.366350
18193.296510
18209.241314
18225.200774
18241.174905
18257.163720
18273.167233
18289.185457
18305.218405
18321.266092
18337.328530
18353.405735
18369.497718
18385.604494
18401.726077
18417.862480
18434.013717
18450.179802
18466.360747
18482.556568
18498.767277
18514.992889
18531.233417
18547.488876
18563.759278
18580.044637
18596.344968
18612.660284
18628.990600
18645.335928
18661.696283
18678.071679
18694.462129
18710.867648
18727.288249
18743.723947
18760.174755
18776.640687
18793.121757
18809.617979
18826.129367
18842.655936
18859.197699
18875.754670
18892.326863
18908.914292
18925.516972
18942.134916
18958.768139
18975.416655
18992.080477
19008.759620
19025.454098
19042.163926
19058.889117
19075.629685
19092.385645
19109.157011
19125.943798
19142.746019
19159.563688
19176.396821
19193.245430
19210.109532
19226.989139
19243.884266
19260.794928
19277.721138
19294.662912
19311.620263
19328.593207
19345.581756
19362.585927
19379.605732
19396.641187
19413.692306
19430.759104
19447.841595
19464.939793
19482.053713
19499.183370
19516.328778
19533.489951
19550.666904
19567.859652
19585.068210
19602.292591
19619.532811
19636.788884
19654.060824
19671.348647
19688.652368
19705.971999
19723.307558
19740.659057
19758.026513
19775.409938
19792.809350
19810.224761
19827.656187
19845.103643
19862.567143
19880.046703
19897.542337
19915.054059
19932.581886
19950.125831
19967.685909
19985.262136
20002.854526
20020.463095
20038.087857
20055.728827
20073.386020
20091.059451
20108.749135
20126.455088
20144.177323
20161.915856
20179.670703
20197.441878
20215.229396
20233.033273
20250.853523
20268.690162
20286.543205
20304.412666
20322.298562
20340.200907
20358.119716
20376.055004
20394.006788
20411.975082
20429.959901
20447.961260
20465.979176
20484.013662
20502.064735
20520.132409
20538.216701
20556.317625
20574.435197
20592.569431
20610.720345
20628.887952
20647.072268
20665.273309
20683.491091
20701.725628
20719.976936
20738.245030
20756.529927
20774.831641
20793.150188
20811.485584
20829.837844
20848.206984
20866.593019
20884.995965
20903.415838
20921.852653
20940.306425
20958.777171
20977.264906
20995.769646
21014.291407
21032.830203
21051.386052
21069.958968
21088.548968
21107.156067
21125.780281
21144.421626
21163.080117
21181.755771
21200.448603
21219.158629
21237.885865
21256.630327
21275.392031
21294.170992
21312.967227
21331.780752
21350.611582
21369.459734
21388.325223
21407.208066
21426.108278
21445.025876
21463.960875
21482.913292
21501.883143
21520.870443
21539.875210
21558.897458
21577.937205
21596.994466
21616.069258
21635.161596
21654.271497
21673.398977
21692.544053
21711.706740
21730.887055
21750.085014
21769.300633
21788.533929
21807.784918
21827.053617
21846.340041
21865.644207
21884.966131
21904.305831
21923.663321
21943.038619
21962.431741
21981.842704
22001.271523
22020.718216
22040.182799
22059.665289
22079.165701
22098.684053
22118.220361
22137.774642
22157.346911
22176.937187
22196.545485
22216.171823
22235.816216
22255.478681
22275.159236
22294.857896
22314.574679
22334.309601
22354.062679
22373.833930
22393.623370
22413.431017
22433.256886
22453.100996
22472.963362
22492.844002
22512.742932
22532.660170
22552.595731
22572.549634
22592.521895
22612.512531
22632.521559
22652.548996
22672.594859
22692.659165
22712.741931
22732.843174
22752.962910
22773.101158
22793.257934
22813.433256
22833.627139
22853.839603
22874.070663
22894.320337
22914.588641
22934.875594
22955.181213
22975.505514
22995.848515
23016.210233
23036.590686
23056.989890
23077.407864
23097.844624
23118.300187
23138.774571
23159.267794
23179.779873
23200.310825
23220.860667
23241.429417
23262.017093
23282.623712
23303.249291
23323.893849
23344.557401
23365.239967
23385.941563
23406.662207
23427.401917
23448.160710
23468.938604
23489.735616
23510.551765
23531.387067
23552.241541
23573.115204
23594.008074
23614.920168
23635.851505
23656.802102
23677.771976
23698.761147
23719.769630
23740.797445
23761.844610
23782.911141
23803.997057
23825.102375
23846.227114
23867.371292
23888.534927
23909.718035
23930.920636
23952.142748
23973.384388
23994.645574
24015.926325
24037.226658
24058.546592
24079.886145
24101.245334
24122.624178
24144.022696
24165.440904
24186.878822
24208.336467
24229.813858
24251.311013
24272.827950
24294.364688
24315.921244
24337.497638
24359.093886
24380.710009
24402.346023
24424.001947
24445.677801
24467.373601
24489.089367
24510.825117
24532.580869
24554.356642
24576.152454
24597.968324
24619.804270
24641.660311
24663.536466
24685.432752
24707.349189
24729.285794
24751.242588
24773.219588
24795.216812
24817.234281
24839.272012
24861.330023
24883.408335
24905.506964
24927.625931
24949.765254
24971.924952
24994.105043
25016.305546
25038.526481
25060.767866
25083.029719
25105.312061
25127.614909
25149.938282
25172.282200
25194.646682
25217.031746
25239.437412
25261.863698
25284.310623
25306.778207
25329.266469
25351.775427
25374.305101
25396.855510
25419.426673
25442.018609
25464.631338
25487.264878
25509.919249
25532.594469
25555.290559
25578.007537
25600.745423
25623.504236
25646.283995
25669.084720
25691.906430
25714.749144
25737.612882
25760.497662
25783.403506
25806.330431
25829.278458
25852.247605
25875.237893
25898.249341
25921.281968
25944.335794
25967.410839
25990.507121
26013.624662
26036.763479
26059.923593
26083.105024
26106.307791
26129.531914
26152.777413
26176.044307
26199.332616
26222.642359
26245.973557
26269.326230
26292.700397
26316.096078
26339.513292
26362.952061
26386.412403
26409.894338
26433.397887
26456.923070
26480.469905
26504.038414
26527.628617
26551.240532
26574.874181
26598.529584
26622.206759
26645.905729
26669.626512
26693.369129
26717.133599
26740.919944
26764.728183
26788.558337
26812.410425
26836.284468
26860.180486
26884.098500
26908.038530
26932.000595
26955.984717
26979.990916
27004.019211
27028.069625
27052.142176
27076.236885
27100.353773
27124.492860
27148.654167
27172.837715
27197.043522
27221.271612
27245.522002
27269.794716
27294.089772
27318.407192
27342.746995
27367.109204
27391.493839
27415.900919
27440.330466
27464.782501
27489.257045
27513.754117
27538.273740
27562.815933
27587.380718
27611.968115
27636.578145
27661.210829
27685.866189
27710.544244
27735.245017
27759.968527
27784.714796
27809.483844
27834.275694
27859.090365
27883.927879
27908.788258
27933.671521
27958.577690
27983.506787
28008.458832
28033.433847
28058.431853
28083.452870
28108.496921
28133.564026
28158.654208
28183.767486
28208.903882
28234.063418
28259.246116
28284.451995
28309.681078
28334.933387
28360.208942
28385.507765
28410.829878
28436.175302
28461.544058
28486.936168
28512.351653
28537.790536
28563.252838
28588.738579
28614.247783
28639.780470
28665.336663
28690.916382
28716.519650
28742.146489
28767.796919
28793.470963
28819.168643
28844.889980
28870.634997
28896.403714
28922.196155
28948.012340
28973.852292
28999.716033
29025.603584
29051.514968
29077.450206
29103.409321
29129.392335
29155.399269
29181.430145
29207.484987
29233.563815
29259.666653
29285.793521
29311.944443
29338.119440
29364.318535
29390.541750
29416.789107
29443.060628
29469.356336
29495.676254
29522.020402
29548.388804
29574.781483
29601.198460
29627.639757
29654.105398
29680.595405
29707.109800
29733.648606
29760.211845
29786.799540
29813.411713
29840.048387
29866.709585
29893.395328
29920.105641
29946.840545
29973.600063
30000.384218
30027.193032
30054.026529
30080.884731
30107.767661
30134.675341
30161.607795
30188.565045
30215.547114
30242.554026
30269.585802
30296.642467
30323.724042
30350.830551
30377.962017
30405.118463
30432.299912
30459.506387
30486.737911
30513.994507
30541.276198
30568.583008
30595.914960
30623.272076
30650.654380
30678.061896
30705.494646
30732.952654
30760.435942
30787.944536
30815.478457
30843.037729
30870.622375
30898.232420
30925.867885
30953.528796
30981.215174
31008.927045
31036.664430
31064.427354
31092.215841
31120.029913
31147.869595
31175.734910
31203.625882
31231.542534
31259.484890
31287.452974
31315.446809
31343.466420
31371.511830
31399.583062
31427.680141
31455.803091
31483.951935
31512.126697
31540.327401
31568.554072
31596.806732
31625.085407
31653.390119
31681.720893
31710.077753
31738.460724
31766.869828
31795.305091
31823.766536
31852.254188
31880.768070
31909.308207
31937.874624
31966.467343
31995.086390
32023.731789
32052.403565
32081.101741
32109.826341
32138.577391
32167.354914
32196.158936
32224.989480
32253.846571
32282.730233
32311.640491
32340.577370
32369.540893
32398.531087
32427.547974
32456.591580
32485.661930
32514.759047
32543.882958
32573.033685
32602.211256
32631.415693
32660.647021
32689.905267
32719.190453
32748.502606
32777.841750
32807.207910
32836.601111
32866.021378
32895.468735
32924.943208
32954.444822
32983.973602
33013.529573
33043.112760
33072.723187
33102.360881
33132.025866
33161.718168
33191.437811
33221.184821
33250.959223
33280.761043
33310.590305
33340.447035
33370.331259
33400.243001
33430.182287
33460.149143
33490.143593
33520.165664
33550.215380
33580.292768
33610.397853
33640.530660
33670.691215
33700.879543
33731.095670
33761.339623
33791.611425
33821.911104
33852.238684
33882.594192
33912.977653
33943.389093
33973.828538
34004.296014
34034.791546
34065.315161
34095.866884
34126.446741
34157.054758
34187.690962
34218.355377
34249.048031
34279.768949
34310.518157
34341.295682
34372.101548
34402.935784
34433.798414
34464.689465
34495.608963
34526.556935
34557.533406
34588.538403
34619.571953
34650.634080
34681.724813
34712.844177
34743.992199
34775.168905
34806.374321
34837.608474
34868.871391
34900.163098
34931.483622
34962.832988
34994.211225
35025.618358
35057.054414
35088.519419
35120.013401
35151.536386
35183.088401
35214.669473
35246.279628
35277.918893
35309.587296
35341.284862
35373.011619
35404.767594
35436.552814
35468.367306
35500.211096
35532.084211
35563.986680
35595.918528
35627.879783
35659.870473
35691.890623
35723.940262
35756.019416
35788.128113
35820.266380
35852.434244
35884.631733
35916.858873
35949.115693
35981.402219
36013.718480
36046.064501
36078.440312
36110.845938
36143.281409
36175.746751
36208.241991
36240.767158
36273.322279
36305.907382
36338.522494
36371.167643
36403.842856
36436.548162
36469.283588
36502.049162
36534.844911
36567.670864
36600.527049
36633.413492
36666.330223
36699.277269
36732.254658
36765.262418
36798.300577
36831.369163
36864.468204
36897.597728
36930.757763
36963.948338
36997.169481
37030.421219
37063.703581
37097.016595
37130.360290
37163.734694
37197.139835
37230.575741
37264.042441
37297.539963
37331.068336
37364.627587
37398.217747
37431.838842
37465.490902
37499.173955
37532.888029
37566.633154
37600.409358
37634.216670
37668.055117
37701.924730
37735.825536
37769.757565
37803.720845
37837.715405
37871.741274
37905.798481
37939.887055
37974.007024
38008.158417
38042.341264
38076.555594
38110.801435
38145.078817
38179.387769
38213.728319
38248.100497
38282.504333
38316.939854
38351.407091
38385.906073
38420.436829
38454.999388
38489.593780
38524.220034
38558.878179
38593.568245
38628.290261
38663.044257
38697.830262
38732.648306
38767.498417
38802.380627
38837.294964
38872.241458
38907.220139
38942.231036
38977.274179
39012.349597
39047.457321
39082.597381
39117.769806
39152.974625
39188.211870
39223.481569
39258.783753
39294.118451
39329.485694
39364.885512
39400.317934
39435.782991
39471.280712
39506.811129
39542.374270
39577.970167
39613.598849
39649.260347
39684.954691
39720.681911
39756.442037
39792.235100
39828.061131
39863.920159
39899.812215
39935.737329
39971.695533
40007.686856
40043.711329
40079.768982
40115.859847
40151.983953
40188.141332
40224.332014
40260.556030
40296.813410
40333.104186
40369.428387
40405.786046
40442.177192
40478.601857
40515.060072
40551.551867
40588.077273
40624.636322
40661.229045
40697.855472
40734.515634
40771.209563
40807.937290
40844.698846
40881.494262
40918.323569
40955.186799
40992.083983
41029.015152
41065.980338
41102.979572
41140.012884
41177.080308
41214.181874
41251.317613
41288.487558
41325.691739
41362.930188
41400.202938
41437.510018
41474.851462
41512.227301
41549.637566
41587.082290
41624.561503
41662.075239
41699.623528
41737.206402
41774.823894
41812.476035
41850.162858
41887.884393
41925.640674
41963.431733
42001.257600
42039.118309
42077.013892
42114.944380
42152.909806
42190.910202
42228.945601
42267.016034
42305.121534
42343.262134
42381.437865
42419.648760
42457.894851
42496.176171
42534.492753
42572.844629
42611.231830
42649.654391
42688.112344
42726.605720
42765.134554
42803.698877
42842.298722
42880.934122
42919.605110
42958.311719
42997.053981
43035.831929
43074.645597
43113.495017
43152.380221
43191.301244
43230.258118
43269.250877
43308.279552
43347.344178
43386.444788
43425.581414
43464.754090
43503.962849
43543.207724
43582.488750
43621.805958
43661.159382
43700.549057
43739.975014
43779.437289
43818.935913
43858.470921
43898.042346
43937.650222
43977.294583
44016.975461
44056.692891
44096.446906
44136.237541
44176.064828
44215.928802
44255.829496
44295.766945
44335.741182
44375.752241
44415.800156
44455.884961
44496.006690
44536.165378
44576.361057
44616.593763
44656.863529
44697.170390
44737.514379
44777.895532
44818.313882
44858.769463
44899.262310
44939.792458
44980.359940
45020.964791
45061.607046
45102.286738
45143.003904
45183.758576
45224.550790
45265.380580
45306.247981
45347.153027
45388.095754
45429.076195
45470.094387
45511.150363
45552.244158
45593.375808
45634.545347
45675.752810
45716.998232
45758.281648
45799.603093
45840.962603
45882.360211
45923.795954
45965.269866
46006.781983
46048.332340
46089.920973
46131.547915
46173.213204
46214.916873
46256.658959
46298.439497
46340.258523
46382.116071
46424.012177
46465.946878
46507.920208
46549.932203
46591.982899
46634.072331
46676.200536
46718.367548
46760.573404
46802.818139
46845.101790
46887.424392
46929.785981
46972.186594
47014.626265
47057.105031
47099.622928
47142.179993
47184.776260
47227.411767
47270.086550
47312.800644
47355.554087
47398.346913
47441.179161
47484.050865
47526.962062
47569.912790
47612.903083
47655.932979
47699.002514
47742.111725
47785.260648
47828.449320
47871.677778
47914.946058
47958.254196
48001.602231
48044.990197
48088.418133
48131.886076
48175.394061
48218.942126
48262.530307
48306.158643
48349.827169
48393.535924
48437.284943
48481.074264
48524.903925
48568.773962
48612.684413
48656.635314
48700.626704
48744.658620
48788.731098
48832.844176
48876.997892
48921.192284
48965.427388
49009.703242
49054.019884
49098.377351
49142.775682
49187.214913
49231.695082
49276.216228
49320.778387
49365.381598
49410.025899
49454.711327
49499.437920
49544.205717
49589.014755
49633.865072
49678.756706
49723.689696
49768.664080
49813.679895
49858.737180
49903.835973
49948.976313
49994.158237
50039.381785
50084.646993
50129.953902
50175.302549
50220.692972
50266.125211
50311.599303
50357.115288
50402.673204
50448.273090
50493.914984
50539.598924
50585.324951
50631.093102
50676.903417
50722.755934
50768.650692
50814.587731
50860.567088
50906.588804
50952.652917
50998.759466
51044.908491
51091.100030
51137.334123
51183.610808
51229.930126
51276.292116
51322.696816
51369.144267
51415.634507
51462.167577
51508.743515
51555.362361
51602.024154
51648.728935
51695.476743
51742.267618
51789.101598
51835.978725
51882.899037
51929.862575
51976.869378
52023.919486
52071.012940
52118.149779
52165.330043
52212.553772
52259.821006
52307.131786
52354.486151
52401.884142
52449.325799
52496.811162
52544.340271
52591.913167
52639.529890
52687.190481
52734.894980
52782.643427
52830.435863
52878.272328
52926.152864
52974.077510
53022.046308
53070.059298
53118.116520
53166.218016
53214.363827
53262.553993
53310.788555
53359.067553
53407.391030
53455.759026
53504.171582
53552.628740
53601.130539
53649.677022
53698.268229
53746.904202
53795.584983
53844.310611
53893.081130
53941.896579
53990.757001
54039.662437
54088.612929
54137.608517
54186.649244
54235.735151
54284.866280
54334.042673
54383.264371
54432.531416
54481.843849
54531.201714
54580.605050
54630.053902
54679.548309
54729.088315
54778.673962
54828.305291
54877.982344
54927.705165
54977.473794
55027.288274
55077.148648
55127.054958
55177.007246
55227.005554
55277.049925
55327.140401
55377.277025
55427.459840
55477.688888
55527.964211
55578.285852
55628.653855
55679.068261
55729.529113
55780.036455
55830.590329
55881.190777
55931.837844
55982.531572
56033.272003
56084.059182
56134.893151
56185.773953
56236.701631
56287.676229
56338.697789
56389.766356
56440.881972
56492.044681
56543.254526
56594.511551
56645.815799
56697.167314
56748.566139
56800.012318
56851.505894
56903.046912
56954.635414
57006.271446
57057.955050
57109.686270
57161.465150
57213.291735
57265.166068
57317.088193
57369.058154
57421.075996
57473.141762
57525.255496
57577.417244
57629.627049
57681.884955
57734.191007
57786.545249
57838.947725
57891.398481
57943.897560
57996.445007
58049.040867
58101.685184
58154.378003
58207.119369
58259.909326
58312.747920
58365.635194
58418.571194
58471.555965
58524.589552
58577.672000
58630.803353
58683.983657
58737.212957
58790.491299
58843.818727
58897.195286
58950.621023
59004.095981
59057.620207
59111.193746
59164.816644
59218.488946
59272.210697
59325.981943
59379.802730
59433.673103
59487.593109
59541.562792
59595.582199
59649.651375
59703.770367
59757.939220
59812.157980
59866.426694
59920.745406
59975.114164
60029.533014
60084.002001
60138.521172
60193.090573
60247.710251
60302.380251
60357.100620
60411.871405
60466.692653
60521.564408
60576.486719
60631.459632
60686.483192
60741.557448
60796.682446
60851.858232
60907.084854
60962.362358
61017.690791
61073.070200
61128.500632
61183.982134
61239.514754
61295.098537
61350.733532
61406.419786
61462.157346
61517.946259
61573.786572
61629.678333
61685.621590
61741.616389
61797.662779
61853.760806
61909.910519
61966.111965
62022.365192
62078.670247
62135.027179
62191.436034
62247.896862
62304.409709
62360.974625
62417.591656
62474.260850
62530.982257
62587.755924
62644.581899
62701.460231
62758.390967
62815.374156
62872.409847
62929.498087
62986.638925
63043.832410
63101.078591
63158.377515
63215.729231
63273.133788
63330.591236
63388.101621
63445.664994
63503.281403
63560.950897
63618.673525
63676.449336
63734.278379
63792.160703
63850.096356
63908.085390
63966.127851
64024.223791
64082.373257
64140.576300
64198.832968
64257.143312
64315.507380
64373.925223
64432.396889
64490.922428
64549.501890
64608.135326
64666.822783
64725.564313
64784.359965
64843.209789
64902.113834
64961.072152
65020.084791
65079.151803
65138.273236
65197.449142
65256.679570
65315.964571
65375.304195
65434.698492
65494.147513
65553.651308
65613.209928
65672.823423
65732.491844
65792.215242
65851.993666
65911.827168
65971.715799
66031.659609
66091.658649
66151.712971
66211.822625
66271.987661
66332.208132
66392.484089
66452.815581
66513.202661
66573.645380
66634.143789
66694.697940
66755.307883
66815.973671
66876.695354
66937.472985
66998.306614
67059.196294
67120.142076
67181.144011
67242.202152
67303.316551
67364.487259
67425.714327
67486.997809
67548.337756
67609.734220
67671.187254
67732.696908
67794.263236
67855.886290
67917.566122
67979.302784
68041.096329
68102.946810
68164.854277
68226.818786
68288.840386
68350.919133
68413.055077
68475.248272
68537.498771
68599.806626
68662.171890
68724.594616
68787.074858
68849.612668
68912.208098
68974.861204
69037.572036
69100.340649
69163.167097
69226.051431
69288.993706
69351.993975
69415.052291
69478.168709
69541.343281
69604.576061
69667.867102
69731.216459
69794.624186
69858.090335
69921.614961
69985.198118
70048.839860
70112.540240
70176.299314
70240.117133
70303.993754
70367.929231
70431.923616
70495.976965
70560.089333
70624.260772
70688.491339
70752.781087
70817.130071
70881.538346
70946.005966
71010.532986
71075.119460
71139.765444
71204.470992
71269.236160
71334.061001
71398.945572
71463.889927
71528.894122
71593.958210
71659.082249
71724.266292
71789.510396
71854.814615
71920.179005
71985.603622
72051.088520
72116.633757
72182.239386
72247.905464
72313.632047
72379.419190
72445.266949
72511.175380
72577.144539
72643.174482
72709.265265
72775.416943
72841.629574
72907.903213
72974.237917
73040.633741
73107.090743
73173.608978
73240.188503
73306.829375
73373.531649
73440.295383
73507.120634
73574.007457
73640.955910
73707.966049
73775.037932
73842.171615
73909.367155
73976.624610
74043.944036
74111.325490
74178.769030
74246.274712
74313.842595
74381.472735
74449.165190
74516.920017
74584.737274
74652.617018
74720.559307
74788.564198
74856.631750
74924.762019
74992.955065
75061.210944
75129.529714
75197.911434
75266.356162
75334.863955
75403.434871
75472.068970
75540.766309
75609.526946
75678.350940
75747.238349
75816.189232
75885.203647
75954.281653
76023.423307
76092.628670
76161.897799
76231.230754
76300.627593
76370.088376
76439.613160
76509.202005
76578.854971
76648.572115
76718.353498
76788.199179
76858.109216
76928.083670
76998.122599
77068.226063
77138.394121
77208.626834
77278.924260
77349.286459
77419.713491
77490.205415
77560.762293
77631.384182
77702.071144
77772.823238
77843.640524
77914.523062
77985.470913
78056.484137
78127.562793
78198.706943
78269.916646
78341.191964
78412.532956
78483.939683
78555.412205
78626.950584
78698.554880
78770.225153
78841.961465
78913.763876
78985.632448
79057.567241
79129.568316
79201.635735
79273.769558
79345.969847
79418.236663
79490.570067
79562.970121
79635.436886
79707.970424
79780.570796
79853.238064
79925.972289
79998.773533
80071.641858
80144.577326
80217.579998
80290.649937
80363.787205
80436.991863
80510.263974
80583.603599
80657.010802
80730.485645
80804.028189
80877.638497
80951.316631
81025.062655
81098.876631
81172.758620
81246.708687
81320.726894
81394.813303
81468.967977
81543.190980
81617.482374
81691.842222
81766.270588
81840.767535
81915.333125
81989.967422
82064.670489
82139.442391
82214.283189
82289.192948
82364.171732
82439.219603
82514.336626
82589.522864
82664.778381
82740.103241
82815.497508
82890.961246
82966.494519
83042.097390
83117.769925
83193.512186
83269.324240
83345.206149
83421.157979
83497.179793
83573.271656
83649.433633
83725.665789
83801.968187
83878.340894
83954.783973
84031.297489
84107.881508
84184.536094
84261.261312
84338.057228
84414.923907
84491.861414
84568.869813
84645.949171
84723.099553
84800.321025
84877.613651
84954.977498
85032.412631
85109.919115
85187.497017
85265.146403
85342.867338
85420.659888
85498.524119
85576.460097
85654.467889
85732.547560
85810.699178
85888.922807
85967.218515
86045.586368
86124.026432
86202.538775
86281.123461
86359.780560
86438.510136
86517.312257
86596.186990
86675.134401
86754.154558
86833.247527
86912.413377
86991.652173
87070.963983
87150.348875
87229.806916
87309.338173
87388.942713
87468.620605
87548.371915
87628.196712
87708.095064
87788.067037
87868.112700
87948.232121
88028.425368
88108.692509
88189.033611
88269.448744
88349.937975
88430.501372
88511.139005
88591.850941
88672.637249
88753.497997
88834.433254
88915.443089
88996.527570
89077.686767
89158.920747
89240.229581
89321.613337
89403.072083
89484.605890
89566.214827
89647.898961
89729.658364
89811.493104
89893.403251
89975.388873
90057.450042
90139.586826
90221.799295
90304.087519
90386.451568
90468.891511
90551.407418
90633.999360
90716.667407
90799.411628
90882.232095
90965.128876
91048.102043
91131.151666
91214.277815
91297.480561
91380.759975
91464.116127
91547.549088
91631.058928
91714.645719
91798.309532
91882.050437
91965.868505
92049.763808
92133.736417
92217.786403
92301.913837
92386.118791
92470.401337
92554.761545
92639.199487
92723.715235
92808.308861
92892.980436
92977.730032
93062.557722
93147.463577
93232.447669
93317.510070
93402.650853
93487.870089
93573.167851
93658.544212
93743.999243
93829.533018
93915.145609
94000.837088
94086.607529
94172.457003
94258.385584
94344.393346
94430.480359
94516.646699
94602.892437
94689.217648
94775.622404
94862.106778
94948.670845
95035.314677
95122.038347
95208.841931
95295.725500
95382.689130
95469.732893
95556.856864
95644.061116
95731.345724
95818.710761
95906.156302
95993.682420
96081.289191
96168.976688
96256.744987
96344.594160
96432.524283
96520.535431
96608.627678
96696.801098
96785.055768
96873.391760
96961.809152
97050.308017
97138.888430
97227.550468
97316.294204
97405.119715
97494.027075
97583.016361
97672.087647
97761.241009
97850.476523
97939.794265
98029.194309
98118.676734
98208.241613
98297.889023
98387.619041
98477.431741
98567.327202
98657.305498
98747.366706
98837.510902
98927.738164
99018.048567
99108.442189
99198.919105
99289.479393
99380.123130
99470.850391
99561.661256
99652.555799
99743.534100
99834.596234
99925.742279
100016.972312
100108.286411
100199.684653
100291.167117
100382.733878
100474.385016
100566.120607
100657.940730
100749.845463
100841.834883
100933.909069
